5.9520
6.0680
6.1800
6.3460
6.5410
6.7250
6.8260
6.9930
7.1150
7.2720
7.3700
7.3950
7.4140
7.3920
7.3640
7.4520
7.6520
7.7000
7.7630
7.6830
7.7240
7.6530
7.6480
7.6590
7.6400
7.6140
7.6230
7.6140
7.6060
7.5820
7.4820
7.3910
7.3550
7.3120
7.3210
7.3440
7.2660
7.1570
7.1210
7.0770
6.9980
6.9110
6.9010
6.8410
6.8090
6.7160
6.7020
6.7440
6.7430
6.6790
6.6460
6.6170
6.6370
6.5740
6.4950
6.5020
6.5430
6.4620
6.3220
6.2550
6.1410
6.0360
6.1010
6.3510
6.3390
6.3270
6.6390
7.4420
7.8560
7.8400
7.7690
8.1150
8.2150
8.5110
8.8410
9.0150
9.2690
9.1330
9.2560
9.4220
9.3060
9.2620
9.1960
8.8150
8.5870
8.6600
8.5770
8.5370
8.4090
8.2440
8.1060
8.1240
8.0460
7.7640
7.7720
7.8330
7.9810
8.0620
7.9370
7.7740
8.0160
8.2130
8.7910
9.1450
9.3000
9.4600
9.3400
8.9960
8.7450
8.6840
8.8520
9.1320
9.3850
9.5330
9.4730
9.3550
9.2060
9.4020
9.6730
9.4870
8.7830
8.3220
8.6870
9.1870
9.3760
8.9540
8.7370
8.8530
9.2900
9.8100
9.9190
9.8830
9.5280
9.1670
8.8670
8.8120
8.8780
8.9010
8.9140
8.9840
9.1570
9.2760
9.4380
9.5780
9.7350
9.9110
10.0600
10.1640
10.1870
10.1600
10.3800
10.4130
10.4290
10.2740
10.2080
10.0900
10.1350
10.0270
9.8350
9.8430
9.9330
10.0040
10.1060
9.8500
9.8730
9.9100
9.7770
9.5650
9.4470
9.5070
9.5130
9.4790
9.5930
9.7270
9.8880
9.7930
9.7970
9.7900
9.6770
9.5600
9.4610
9.3430
9.2710
9.1920
9.1440
9.1350
9.0750
9.0030
8.9850
8.9840
8.8960
8.8340
8.8350
8.8590
8.9130
8.9540
8.9390
8.9530
8.9400
8.9380
8.9700
9.0650
9.1200
9.1760
9.2100
9.2000
9.1260
9.0590
9.0430
8.9250
8.9560
9.0300
9.0270
8.9860
8.8830
8.7640
8.6460
8.5500
8.5060
8.4570
8.4080
8.3290
8.2470
8.2140
8.2250
8.2050
8.1350
7.9750
7.8270
7.7070
7.6110
7.5000
7.4180
7.3780
7.3720
7.3140
7.1590
7.0520
6.9770
6.9240
6.8670
6.8160
6.7830
6.8050
6.8680
6.9420
6.9870
7.0290
6.9610
6.8500
6.8400
6.8210
6.7790
6.7600
6.8100
6.8520
6.8260
6.7660
6.6430
6.4400
6.2990
6.1860
6.1630
6.1510
6.0510
5.9580
5.9310
5.9350
5.9260
5.9220
5.9270
5.9080
5.9020
5.8740
5.8720
5.8440
5.7780
5.7130
5.6240
5.4750
5.3110
5.2150
5.1000
5.0180
4.9180
4.8220
4.8340
4.8880
4.8280
4.7620
4.7670
4.7600
4.6850
4.6750
4.6820
4.6700
4.6400
4.6280
4.6350
4.7160
4.7950
4.8510
4.9100
5.0000
5.0750
5.1020
5.0790
5.0870
5.0600
5.0180
4.9660
4.8930
4.8460
4.8700
4.9230
4.9610
4.9680
5.0170
5.1020
5.1760
5.2270
5.2740
5.3350
5.3000
5.1700
5.0430
4.9890
4.9870
4.9830
5.0180
5.0530
5.0530
5.0270
5.0130
5.0800
5.1710
5.2740
5.3980
5.5060
5.5350
5.5780
5.6050
5.6630
5.7540
5.8430
5.9580
6.0140
5.9830
5.9920
5.9960
5.9380
5.7920
5.6990
5.5260
5.5050
5.3030
5.2520
5.1390
5.0650
4.9680
5.0380
5.0100
4.7290
4.5500
4.3960
4.3150
4.6010
4.5420
4.3120
4.2870
4.3330
4.4510
4.7210
5.0380
5.0540
4.6300
4.2990
