1318.8000
1340.2000
1332.0000
1331.1000
1334.3000
1321.0000
1320.3000
1315.1000
1308.3000
1323.7000
1315.6000
1315.4000
1318.6000
1312.9000
1325.6000
1349.6000
1372.3000
1381.3000
1383.0000
1374.0000
1380.1000
1396.1000
1422.3000
1429.2000
1429.7000
1432.6000
1434.6000
1437.9000
1444.8000
1453.5000
1461.9000
1466.1000
1471.7000
1466.5000
1470.6000
1474.9000
1477.9000
1479.9000
1479.9000
1464.8000
1452.5000
1448.9000
1442.7000
1445.5000
1439.7000
1435.7000
1426.1000
1417.2000
1416.6000
1416.5000
1409.4000
1405.3000
1394.7000
1387.0000
1387.3000
1390.0000
1383.3000
1380.2000
1377.7000
1368.7000
1364.6000
1366.9000
1356.8000
1343.3000
1353.4000
1357.9000
1353.1000
1342.6000
1340.5000
1348.7000
1368.2000
1363.0000
1363.8000
1350.1000
1329.2000
1333.0000
1341.0000
1346.7000
1355.8000
1354.8000
1367.0000
1384.3000
1390.1000
1403.9000
1411.5000
1415.6000
1418.4000
1386.2000
1369.5000
1357.1000
1355.4000
1359.8000
1352.8000
1343.7000
1320.1000
1302.7000
1294.5000
1293.0000
1277.3000
1287.0000
1274.5000
1262.1000
1241.4000
1224.1000
1214.4000
1200.9000
1201.8000
1208.8000
1207.0000
1200.8000
1197.3000
1215.4000
1228.5000
1223.6000
1222.7000
1218.6000
1231.6000
1239.7000
1259.9000
1268.3000
1275.2000
1279.5000
1276.4000
1260.4000
1271.1000
1284.8000
1293.6000
1288.3000
1269.2000
1270.6000
1264.8000
1266.3000
1276.1000
1284.1000
1294.0000
1273.0000
1250.2000
1239.2000
1233.5000
1239.1000
1226.2000
1208.6000
1190.0000
1183.5000
1179.8000
1177.7000
1172.4000
1161.7000
1149.3000
1133.9000
1113.2000
1120.3000
1122.1000
1127.4000
1117.1000
1116.3000
1107.3000
1109.2000
1117.1000
1132.9000
1136.6000
1143.1000
1139.2000
1156.8000
1160.2000
1163.7000
1177.0000
1192.8000
1196.3000
1191.6000
1203.1000
1199.0000
1192.8000
1200.4000
1188.7000
1203.9000
1210.0000
1223.8000
1227.0000
1233.2000
1240.3000
1250.5000
1255.4000
1220.3000
1186.1000
1172.1000
1164.8000
1171.6000
1161.3000
1149.1000
1124.1000
1104.0000
1102.0000
1100.7000
1097.9000
1117.6000
1117.5000
1111.1000
1105.5000
1103.6000
1105.4000
1106.1000
1113.8000
1108.7000
1102.7000
1102.9000
1106.6000
1135.5000
1162.5000
1173.7000
1177.5000
1173.3000
1180.8000
1191.5000
1213.7000
1231.1000
1235.8000
1238.2000
1245.0000
1239.5000
1244.9000
1254.2000
1257.4000
1260.1000
1259.3000
1256.2000
1253.1000
1260.7000
1268.2000
1269.3000
1272.3000
1249.2000
1226.3000
1215.7000
1205.3000
1209.9000
1204.2000
1198.9000
1175.3000
1161.3000
1157.6000
1158.5000
1154.9000
1156.4000
1140.0000
1125.2000
1114.7000
1107.7000
1107.3000
1110.3000
1114.1000
1113.0000
1112.5000
1114.8000
1107.4000
1128.7000
1144.8000
1151.7000
1165.7000
1175.5000
1189.5000
1204.0000
1224.1000
1237.2000
1238.1000
1246.9000
1258.7000
1245.9000
1248.0000
1257.6000
1261.4000
1270.9000
1275.7000
1276.7000
1267.0000
1270.3000
1275.9000
1279.6000
1285.9000
1250.7000
1218.8000
1204.0000
1195.1000
1199.2000
1192.4000
1179.3000
1154.1000
1135.3000
1134.1000
1133.4000
1128.2000
1147.2000
1150.0000
1142.0000
1132.7000
1124.5000
1119.6000
1116.3000
1117.9000
1108.1000
1097.4000
1094.5000
1095.6000
1121.3000
1148.6000
1157.3000
1163.9000
1168.8000
1180.5000
1195.5000
1213.6000
1227.4000
1229.0000
1228.7000
1228.2000
1207.0000
1195.4000
1189.9000
1182.3000
1175.5000
1162.8000
1149.7000
1131.4000
1123.5000
1122.3000
1119.6000
1116.8000
1086.1000
1052.3000
1028.1000
1010.1000
1000.7000
984.6700
964.9700
932.4600
903.6200
886.1700
866.7500
849.4200
852.5100
840.5200
824.4800
808.7600
790.6600
780.5100
766.8600
758.5000
750.1100
742.2900
739.0800
735.5400
753.6400
767.5900
775.5800
778.4600
782.1000
787.6200
800.4800
813.0300
822.1900
818.5100
818.7600
829.2800
823.6700
823.8400
830.1800
828.6400
839.0000
848.0700
851.7700
846.9600
844.2200
839.8300
833.4700
833.2600
808.3700
780.6200
