8.6437
8.8284
9.0055
9.2701
9.5793
9.8715
10.0316
10.2966
10.4903
10.7394
10.8940
10.9341
10.9649
10.9298
10.8843
11.0252
11.3412
11.4185
11.5173
11.3913
11.4563
11.3431
11.3361
11.3527
11.3234
11.2812
11.2952
11.2817
11.2691
11.2301
11.0723
10.9275
10.8711
10.8023
10.8166
10.8527
10.7294
10.5569
10.4987
10.4293
10.3044
10.1655
10.1499
10.0553
10.0050
9.8571
9.8349
9.9017
9.9001
9.7977
9.7456
9.6993
9.7306
9.6315
9.5065
9.5173
9.5821
9.4537
9.2322
9.1256
8.9441
8.7780
8.8807
9.2781
9.2578
9.2388
9.7352
11.0088
11.6662
11.6402
11.5278
12.0761
12.2355
12.7047
13.2289
13.5046
13.9080
13.6926
13.8873
14.1508
13.9671
13.8964
13.7917
13.1868
12.8262
12.9421
12.8099
12.7462
12.5434
12.2818
12.0628
12.0907
11.9670
11.5202
11.5323
11.6296
11.8637
11.9930
11.7947
11.5363
11.9201
12.2326
13.1487
13.7103
13.9573
14.2105
14.0202
13.4739
13.0758
12.9790
13.2467
13.6901
14.0923
14.3265
14.2323
14.0440
13.8077
14.1194
14.5488
14.2543
13.1370
12.4050
12.9850
13.7783
14.0778
13.4074
13.0639
13.2477
13.9417
14.7670
14.9397
14.8827
14.3182
13.7457
13.2704
13.1833
13.2867
13.3242
13.3444
13.4562
13.7299
13.9196
14.1752
14.3975
14.6472
14.9263
15.1625
15.3272
15.3644
15.3209
15.6707
15.7230
15.7491
15.5025
15.3974
15.2100
15.2826
15.1111
14.8065
14.8190
14.9621
15.0735
15.2359
14.8296
14.8658
14.9243
14.7141
14.3770
14.1910
14.2849
14.2950
14.2413
14.4218
14.6345
14.8896
14.7396
14.7455
14.7347
14.5558
14.3696
14.2130
14.0246
13.9117
13.7862
13.7089
13.6947
13.5995
13.4863
13.4566
13.4552
13.3152
13.2177
13.2194
13.2575
13.3434
13.4078
13.3843
13.4064
13.3851
13.3819
13.4333
13.5843
13.6717
13.7595
13.8143
13.7981
13.6804
13.5747
13.5486
13.3621
13.4110
13.5288
13.5243
13.4581
13.2950
13.1068
12.9190
12.7672
12.6973
12.6187
12.5418
12.4165
12.2866
12.2330
12.2513
12.2199
12.1089
11.8549
11.6194
11.4299
11.2771
11.1013
10.9707
10.9068
10.8972
10.8059
10.5589
10.3900
10.2702
10.1862
10.0969
10.0152
9.9626
9.9984
10.0975
10.2161
10.2863
10.3532
10.2455
10.0694
10.0538
10.0237
9.9569
9.9261
10.0058
10.0727
10.0309
9.9367
9.7407
9.4194
9.1946
9.0165
8.9792
8.9602
8.8016
8.6538
8.6114
8.6167
8.6025
8.5970
8.6050
8.5745
8.5653
8.5199
8.5171
8.4735
8.3677
8.2650
8.1240
7.8874
7.6265
7.4748
7.2923
7.1628
7.0038
6.8506
6.8705
6.9567
6.8612
6.7563
6.7635
6.7523
6.6337
6.6175
6.6295
6.6097
6.5622
6.5436
6.5548
6.6835
6.8089
6.8968
6.9915
7.1334
7.2530
7.2956
7.2598
7.2722
7.2290
7.1623
7.0796
6.9645
6.8892
6.9272
7.0110
7.0718
7.0835
7.1603
7.2963
7.4137
7.4941
7.5682
7.6658
7.6091
7.4037
7.2027
7.1168
7.1133
7.1075
7.1625
7.2184
7.2183
7.1759
7.1538
7.2608
7.4059
7.5686
7.7653
7.9360
7.9823
8.0508
8.0940
8.1857
8.3306
8.4716
8.6543
8.7429
8.6940
8.7072
8.7141
8.6229
8.3900
8.2426
7.9685
7.9346
7.6153
7.5342
7.3539
7.2366
7.0831
7.1937
7.1500
6.7040
6.4195
6.1761
6.0473
6.4999
6.4068
6.0414
6.0029
6.0752
6.2624
6.6904
7.1947
7.2195
6.5469
6.0207
