-9.5961
-9.5570
-9.4777
-9.3993
-9.2862
-9.2565
-9.2606
-9.2762
-9.2920
-9.3051
-9.3180
-9.3497
-9.3823
-9.4047
-9.4058
-9.3883
-9.3503
-9.3214
-9.2919
-9.2436
-9.2219
-9.1877
-9.1498
-9.1172
-9.0837
-9.0585
-9.0362
-9.0147
-9.0024
-9.0264
-9.1156
-9.1995
-9.2257
-9.2278
-9.2234
-9.2168
-9.2037
-9.1870
-9.1665
-9.1398
-9.1062
-9.0815
-9.0801
-9.0820
-9.0839
-9.0890
-9.1019
-9.1154
-9.1337
-9.1458
-9.1622
-9.1828
-9.2051
-9.2310
-9.2536
-9.2679
-9.2763
-9.3092
-9.3635
-9.4333
-9.4901
-9.5253
-9.5471
-9.5522
-9.5664
-9.5518
-9.5389
-9.4618
-9.4171
-9.4225
-9.4163
-9.3810
-9.4032
-9.4026
-9.3947
-9.3802
-9.3477
-9.4020
-9.4598
-9.4333
-9.4422
-9.4810
-9.4054
-9.3653
-9.2352
-9.0651
-9.0143
-9.0251
-8.9918
-9.0100
-9.0380
-9.0642
-9.0580
-9.0796
-9.1477
-9.2675
-9.3231
-9.3544
-9.3807
-9.4654
-9.6080
-9.6760
-9.5890
-9.5289
-9.4378
-9.3816
-9.4068
-9.4313
-9.4859
-9.4819
-9.4266
-9.2982
-9.3487
-9.5363
-9.4993
-9.5498
-9.5889
-9.6652
-9.7961
-9.9219
-9.9705
-10.0387
-10.0379
-10.0233
-10.0300
-10.0282
-10.0062
-9.9971
-9.9925
-9.9804
-9.9621
-9.9151
-9.8808
-9.8480
-9.7950
-9.7354
-9.6970
-9.6586
-9.6220
-9.6035
-9.5858
-9.5645
-9.5458
-9.5352
-9.5302
-9.5331
-9.5413
-9.5450
-9.5629
-9.6402
-9.6946
-9.7683
-9.8376
-9.8991
-9.9531
-9.9824
-10.0119
-10.0443
-10.0598
-10.0688
-10.0746
-10.1079
-10.0867
-10.1006
-10.1111
-10.1243
-10.1298
-10.1376
-10.1414
-10.1173
-10.0741
-10.0171
-9.9481
-9.8774
-9.8125
-9.7677
-9.7377
-9.7191
-9.7131
-9.7063
-9.6933
-9.6920
-9.6972
-9.6921
-9.6769
-9.6630
-9.6766
-9.6722
-9.6707
-9.6665
-9.6654
-9.6681
-9.6690
-9.6678
-9.6663
-9.6804
-9.7091
-9.7512
-9.8195
-9.9125
-9.9980
-10.0615
-10.1046
-10.1349
-10.1610
-10.1889
-10.2170
-10.2436
-10.1993
-10.2469
-10.2482
-10.2444
-10.2366
-10.2221
-10.2002
-10.1791
-10.1629
-10.1400
-10.1121
-10.0916
-10.0809
-10.0714
-10.0642
-10.0640
-10.0620
-10.0565
-10.0495
-10.0510
-10.0641
-10.0489
-10.0116
-9.9651
-9.9269
-9.9079
-9.8896
-9.8641
-9.8442
-9.8316
-9.8148
-9.7930
-9.7788
-9.7805
-9.7938
-9.8161
-9.8415
-9.8756
-9.9235
-9.9693
-9.9974
-10.0206
-10.0418
-10.0681
-10.0974
-10.1225
-10.1437
-10.1651
-10.1753
-10.1694
-10.2094
-10.2068
-10.2080
-10.2046
-10.2046
-10.2058
-10.2053
-10.1986
-10.1786
-10.1441
-10.1176
-10.1191
-10.1405
-10.1588
-10.1658
-10.1679
-10.1673
-10.1654
-10.1629
-10.1702
-10.1764
-10.1730
-10.1630
-10.1532
-10.1433
-10.1339
-10.1273
-10.1226
-10.1171
-10.1122
-10.1101
-10.1087
-10.1013
-10.0975
-10.0986
-10.1046
-10.1152
-10.1200
-10.1207
-10.1139
-10.1039
-10.0885
-10.0708
-10.0559
-10.0436
-10.0462
-10.0562
-9.9664
-9.9959
-9.9690
-9.9524
-9.9402
-9.9330
-9.9224
-9.9043
-9.8793
-9.8500
-9.8120
-9.7693
-9.7273
-9.6875
-9.6466
-9.6018
-9.5543
-9.5087
-9.4658
-9.4230
-9.3777
-9.3187
-9.2497
-9.1749
-9.1026
-9.0306
-8.9734
-8.9362
-8.9119
-8.8792
-8.8555
-8.8477
-8.8338
-8.8146
-8.8052
-8.8019
-8.7833
-8.7797
-8.7896
-8.8046
-8.8037
-8.8152
-8.8401
-8.8539
-8.8929
-8.9288
-8.9612
-8.9705
-9.0074
-9.0222
-9.0198
-9.0203
-9.0233
-9.0190
-9.0100
-8.9743
-8.9277
-8.9043
-8.8725
-8.8391
-8.8063
-8.7512
-8.7231
-8.7158
-8.6730
-8.6076
-8.5550
-8.4568
-8.3704
-8.3331
-8.3067
-8.2923
