-8.5728
-8.7871
-8.9610
-9.2117
-9.5250
-9.8371
-9.9995
-10.2643
-10.4520
-10.7076
-10.8623
-10.9080
-10.9399
-10.8971
-10.8372
-10.9813
-11.3008
-11.3610
-11.4530
-11.3182
-11.3737
-11.2559
-11.2366
-11.2451
-11.2251
-11.2016
-11.2320
-11.2288
-11.2251
-11.1982
-11.0557
-10.9171
-10.8635
-10.7989
-10.8157
-10.8523
-10.7293
-10.5567
-10.4970
-10.4245
-10.2964
-10.1565
-10.1396
-10.0454
-9.9938
-9.8461
-9.8193
-9.8769
-9.8706
-9.7662
-9.7154
-9.6600
-9.6735
-9.5697
-9.4427
-9.4487
-9.4885
-9.3499
-9.1104
-8.9698
-8.7573
-8.5463
-8.5980
-8.9125
-8.9135
-8.9226
-9.3825
-10.6627
-11.3317
-11.3719
-11.3344
-11.9208
-12.0583
-12.5203
-13.0232
-13.3113
-13.6843
-13.5136
-13.7590
-14.0188
-13.8575
-13.7956
-13.6807
-13.0708
-12.7053
-12.7698
-12.5983
-12.5214
-12.3327
-12.0589
-11.8231
-11.8241
-11.6707
-11.1119
-11.0764
-11.0762
-11.2333
-11.2669
-11.0377
-10.8811
-11.2240
-11.4746
-12.3566
-12.9805
-13.3144
-13.6351
-13.5303
-13.1143
-12.7579
-12.6280
-12.9110
-13.3588
-13.7089
-13.8555
-13.7547
-13.5988
-13.4123
-13.7990
-14.2337
-13.8508
-12.3205
-11.3303
-12.0302
-12.7710
-13.1638
-12.5137
-12.1099
-12.2454
-12.9090
-13.7059
-13.8229
-13.9345
-13.3053
-12.6977
-12.2206
-12.0571
-12.0607
-12.1042
-12.1702
-12.2933
-12.6178
-12.9048
-13.2323
-13.5436
-13.9062
-14.2916
-14.5394
-14.6997
-14.7287
-14.6377
-14.9001
-14.8607
-14.7594
-14.4381
-14.2164
-13.9535
-13.9207
-13.6668
-13.4004
-13.4528
-13.6785
-13.8924
-14.1493
-13.8114
-13.8255
-13.9268
-13.7592
-13.3996
-13.2260
-13.3689
-13.4777
-13.4929
-13.8097
-14.1880
-14.4621
-14.3753
-14.4138
-14.4495
-14.2843
-14.1022
-13.9602
-13.8228
-13.7382
-13.6135
-13.5482
-13.5539
-13.4713
-13.3708
-13.3366
-13.3282
-13.1826
-13.0770
-13.0747
-13.1139
-13.1831
-13.2300
-13.1993
-13.1848
-13.1067
-13.0662
-13.0782
-13.1954
-13.2601
-13.3218
-13.3721
-13.3253
-13.1840
-13.0697
-13.0412
-12.8527
-12.9363
-13.1031
-13.1377
-13.1119
-12.9757
-12.8076
-12.6402
-12.4996
-12.4149
-12.3103
-12.2146
-12.0969
-11.9978
-11.9600
-11.9868
-11.9859
-11.9026
-11.6648
-11.4178
-11.2147
-11.0271
-10.8018
-10.6335
-10.5357
-10.5172
-10.4036
-10.1095
-9.9216
-9.7891
-9.6986
-9.5699
-9.4189
-9.3045
-9.3129
-9.4026
-9.5170
-9.5736
-9.6738
-9.5823
-9.3761
-9.3190
-9.2807
-9.2609
-9.2853
-9.4419
-9.6642
-9.7338
-9.6868
-9.4956
-9.1830
-8.9451
-8.7811
-8.7639
-8.7803
-8.6610
-8.5319
-8.4955
-8.4885
-8.4803
-8.4893
-8.5060
-8.4972
-8.5051
-8.4655
-8.4620
-8.4205
-8.3142
-8.2068
-8.0647
-7.8236
-7.5576
-7.3925
-7.1889
-7.0291
-6.8496
-6.6696
-6.6565
-6.7229
-6.6172
-6.4924
-6.4795
-6.4630
-6.3614
-6.3485
-6.3748
-6.3754
-6.3535
-6.3584
-6.3872
-6.5311
-6.6678
-6.7613
-6.8633
-7.0157
-7.1603
-7.2228
-7.1964
-7.2279
-7.2062
-7.1526
-7.0765
-6.9642
-6.8883
-6.9211
-6.9971
-7.0457
-7.0428
-7.1098
-7.2449
-7.3656
-7.4474
-7.5260
-7.6316
-7.5781
-7.3713
-7.1640
-7.0743
-7.0775
-7.0726
-7.1278
-7.1839
-7.1869
-7.1458
-7.1294
-7.2435
-7.3923
-7.5548
-7.7446
-7.9075
-7.9488
-8.0145
-8.0570
-8.1490
-8.2957
-8.4264
-8.5910
-8.6545
-8.5823
-8.5671
-8.5229
-8.3658
-8.0312
-7.7936
-7.4991
-7.4170
-7.0726
-6.9181
-6.6548
-6.4872
-6.2561
-6.2984
-6.1371
-5.6106
-5.2259
-4.7485
-4.3819
-4.5636
-4.1754
-3.5257
-3.3793
-3.3749
-3.0148
-3.1367
-3.3739
-3.0031
-2.1316
-1.2549
