1.1044
0.8537
0.8940
1.0397
1.0185
0.8236
0.8012
0.8144
0.8945
0.8261
0.8300
0.7546
0.7402
0.8445
1.0115
0.9832
0.9572
1.1441
1.2160
1.2877
1.3735
1.4032
1.4983
1.5595
1.4888
1.3376
1.1929
1.0919
0.9953
0.8459
0.6057
0.4754
0.4078
0.2692
0.1397
0.0948
0.0482
-0.0494
-0.1882
-0.3180
-0.4065
-0.4268
-0.4569
-0.4465
-0.4736
-0.4639
-0.5527
-0.7006
-0.7637
-0.7845
-0.7662
-0.8724
-1.0519
-1.0890
-1.0994
-1.1406
-1.3358
-1.3967
-1.4943
-1.6792
-1.8187
-2.0035
-2.2231
-2.5790
-2.5011
-2.3965
-2.5967
-2.7388
-2.7736
-2.4849
-2.1029
-1.9306
-2.0745
-2.1568
-2.3242
-2.2770
-2.4842
-2.2066
-1.8836
-1.9276
-1.7468
-1.6709
-1.7462
-1.7446
-1.7569
-2.1047
-2.3188
-2.3831
-2.2893
-2.3292
-2.3928
-2.5251
-2.6462
-3.0400
-3.2105
-3.5445
-3.8158
-4.1095
-4.1575
-3.8323
-4.0137
-4.2390
-4.4948
-4.4134
-4.1874
-4.0028
-3.6735
-3.0919
-2.8656
-2.9982
-2.9634
-2.9937
-3.2651
-3.6432
-3.6559
-3.5081
-3.2806
-2.9909
-3.0116
-3.3679
-4.5589
-5.0506
-4.8872
-5.1713
-4.9899
-4.8130
-4.9004
-5.0549
-5.2659
-5.4966
-5.6676
-5.2274
-5.2898
-5.2645
-5.1730
-5.3317
-5.5745
-5.5699
-5.4735
-5.4721
-5.4131
-5.2175
-5.0837
-4.8844
-4.5998
-4.3064
-4.3022
-4.3409
-4.3736
-4.5241
-4.8534
-5.1357
-5.4950
-5.6451
-5.9138
-6.0534
-6.3065
-6.4470
-6.2978
-6.2148
-6.0632
-5.8490
-5.6505
-5.4001
-5.4634
-5.3644
-5.2146
-5.2105
-5.1436
-5.0329
-4.7644
-4.5557
-4.1571
-3.5873
-3.5424
-3.2571
-3.1105
-2.8851
-2.7982
-2.7592
-2.6684
-2.3704
-2.1900
-2.1753
-2.0931
-1.9587
-1.8626
-1.7615
-1.7932
-1.8440
-1.8744
-1.9234
-1.9510
-1.9460
-2.0622
-2.1763
-2.2174
-2.4273
-2.7157
-2.8897
-3.0683
-3.2274
-3.3294
-3.4428
-3.4674
-3.5812
-3.6519
-3.6682
-3.6730
-3.6541
-3.5362
-3.3672
-3.2105
-3.0329
-2.8965
-2.7846
-2.6691
-2.6000
-2.6631
-2.7724
-2.8460
-2.7992
-2.6483
-2.5699
-2.5319
-2.3800
-2.2257
-2.1149
-2.1547
-2.2078
-2.3613
-2.5613
-2.6993
-2.8208
-2.8526
-2.9210
-3.0475
-3.0844
-3.1064
-3.1139
-3.2193
-3.4042
-3.5609
-3.6384
-3.6813
-3.7142
-3.7623
-3.6886
-3.6264
-3.6716
-3.7730
-3.7873
-3.6572
-3.5086
-3.3116
-2.8394
-2.4234
-2.2147
-2.1714
-2.0968
-2.1274
-2.0470
-1.9548
-1.7865
-1.5668
-1.4471
-1.4082
-1.4810
-1.4446
-1.3565
-1.3020
-1.1487
-1.0136
-0.9611
-0.9672
-0.9466
-0.9449
-0.9789
-0.9795
-1.0013
-1.0224
-1.1064
-1.2239
-1.3777
-1.4616
-1.5644
-1.7013
-1.7883
-1.8136
-1.8700
-1.9394
-1.9555
-1.8809
-1.8674
-1.8201
-1.7441
-1.6421
-1.5459
-1.4727
-1.4191
-1.3791
-1.3607
-1.3324
-1.2904
-1.1558
-1.0280
-0.9568
-0.8012
-0.5732
-0.3721
-0.2112
-0.0607
0.1111
0.2918
0.4406
0.6075
0.7589
0.8488
0.8647
0.8426
0.8347
0.7975
0.7230
0.6857
0.6917
0.7460
0.7766
0.7135
0.7034
0.7044
0.7047
0.6718
0.6563
0.5904
0.5015
0.4485
0.4574
0.5665
0.6714
0.7312
0.7636
0.7725
0.7741
0.7621
0.8746
1.0444
1.2399
1.3890
1.5558
1.8154
2.0898
2.4272
2.6832
2.6944
2.8188
2.8232
2.9841
3.1295
3.2071
3.3214
3.4756
3.6686
3.6695
3.7284
3.9491
4.1675
4.6285
4.8593
4.9059
4.9614
5.0515
5.4890
5.9096
6.3546
6.5653
6.1902
5.8885
