4.2760
4.1930
4.2270
4.3370
4.4330
4.5050
4.6060
4.8320
4.9810
5.1030
5.2590
5.4420
5.5330
5.6570
5.7660
5.8650
5.8740
5.9330
5.9380
5.7280
5.3370
5.2270
4.6740
4.2230
3.9290
3.7460
3.9530
4.2220
4.2590
4.1660
4.0890
4.2070
4.3100
4.3220
4.3470
4.3920
4.4600
4.5090
4.5940
4.6860
4.7790
4.8880
4.9570
4.9940
5.0050
5.0130
5.0150
4.9920
4.9750
4.9540
4.9000
4.9170
5.0720
5.2810
5.5220
5.7930
5.9720
6.0060
5.9980
6.0850
6.2250
6.4620
6.5820
6.5720
6.7880
6.8620
7.0010
7.2080
7.3440
7.4600
7.5620
7.6410
7.7640
7.7900
7.7960
7.7620
7.7000
7.6190
7.6040
7.7070
7.8180
7.9250
7.9920
8.0760
8.1360
8.1860
8.2600
8.3540
8.3240
8.3070
8.2730
8.2680
8.3360
8.3460
8.3750
8.2730
8.1440
7.9730
7.8090
7.6900
7.6640
7.7470
7.8450
7.9320
7.9590
8.0520
8.1650
8.1980
8.2580
8.2990
8.2470
8.2290
8.1920
8.1280
8.0130
7.7860
6.9830
6.6810
6.4790
6.4480
6.3540
6.2780
6.1740
6.0990
6.1480
6.2290
6.4200
6.5350
6.6020
6.3650
6.1040
6.0400
6.0060
6.0530
5.9910
5.8740
6.0060
5.6850
5.4550
5.6140
5.5600
5.4110
5.4010
5.2310
5.1220
5.2470
5.1900
5.3930
5.4240
5.2920
5.5040
5.5800
5.4770
5.0520
5.1710
6.1670
6.1700
7.3140
8.0060
10.4620
7.5400
8.5960
9.7520
7.8330
6.7110
5.4800
5.4670
5.7780
5.9960
6.2960
6.1540
5.7610
5.1550
4.1030
3.3410
3.3950
2.8970
2.7570
3.2720
4.2020
4.4930
5.0950
5.5380
5.8390
5.9720
6.3400
6.6660
6.6230
6.2760
6.1090
5.7920
5.6990
5.6920
5.8090
5.7640
6.1060
6.7360
7.7560
7.8280
7.8930
7.7130
7.5360
7.2690
6.9960
6.8590
6.6690
6.5790
6.7540
6.7470
6.5940
6.4810
6.2600
5.6290
5.2540
5.1130
4.9010
4.5980
4.3220
4.2150
4.4140
4.4370
4.4180
4.3550
4.3230
4.4470
4.7030
4.9030
4.9910
4.9830
4.9730
5.0310
5.1650
5.3110
5.4130
5.4490
5.4600
5.4270
5.3460
5.2550
5.1510
5.0780
5.0210
4.9650
4.9050
4.8250
4.7080
4.5680
4.4280
4.2750
4.1240
3.9650
3.7330
3.5650
3.2620
2.9810
2.8600
2.7440
2.8750
2.9350
3.1450
3.2770
3.3410
3.4050
3.4190
3.4210
3.4200
3.3720
3.2860
3.3080
3.3670
3.4920
3.7080
3.9340
4.1350
4.3400
4.5890
4.7750
4.9250
5.0010
5.0190
5.0030
4.9630
4.9240
4.9080
4.9410
4.9890
5.0330
5.0410
5.0510
5.0490
5.0620
5.0570
5.0180
4.9760
4.9480
4.9560
4.9900
5.0530
5.1520
5.2780
5.3840
5.4330
5.4880
5.6170
5.7360
5.8140
5.8180
5.6450
5.1970
5.1060
4.7370
4.2050
3.9410
3.8180
4.0380
4.1540
4.0680
4.1060
4.1590
4.1870
4.2500
4.3210
4.3820
4.4140
4.4340
4.4390
4.4430
4.4480
4.4660
4.4890
4.5230
4.5680
4.6360
4.7400
4.9220
5.1350
5.3470
5.5850
5.8380
6.1140
6.3400
6.4760
6.5870
6.7210
6.8490
6.8300
6.7770
6.7350
6.7450
6.8740
7.2780
7.5100
7.5210
7.8860
8.0270
8.1540
8.2920
8.3240
8.4280
8.5230
8.6260
8.6730
8.7360
8.7390
8.7500
8.8430
8.9670
9.0370
9.1010
9.1560
9.1610
9.1370
9.1610
9.2230
9.2560
9.1740
9.0960
