998.4500
998.3300
994.4400
999.1200
1010.2000
1012.7000
1017.1000
1015.9000
1022.3000
1024.4000
1036.7000
1046.6000
1038.1000
1035.0000
1037.3000
1053.9000
1071.4000
1083.2000
1093.4000
1086.6000
1092.6000
1108.6000
1123.2000
1126.1000
1132.1000
1124.4000
1121.4000
1118.9000
1120.1000
1115.6000
1111.7000
1103.0000
1093.3000
1086.9000
1083.9000
1083.8000
1081.0000
1076.2000
1067.2000
1044.6000
1023.1000
1010.6000
999.2500
993.4700
981.7100
970.5800
954.3000
945.0700
939.2400
933.8800
920.4200
912.1000
902.1700
895.4900
892.1800
892.6200
887.9700
883.3600
875.8800
871.4800
869.6800
867.9800
866.2000
871.4900
871.2400
878.0600
885.3000
895.1600
900.1200
902.2100
904.1000
904.5300
906.3000
907.9800
906.8700
908.3200
911.6800
914.8900
918.9000
916.2600
917.5800
922.4700
926.5900
926.7200
928.1100
937.3400
938.9500
898.6000
868.0900
851.9700
842.8200
839.6600
823.4900
800.9700
769.8200
750.6300
745.6600
735.9900
734.4000
748.4000
742.8600
735.3000
723.9800
714.9200
711.0400
699.5800
685.1000
668.7800
649.6500
636.2300
628.7500
648.5800
671.1100
677.6000
681.3000
674.4600
683.4800
688.7500
704.4200
715.3800
723.4900
729.2600
733.5500
717.6500
697.1700
681.9800
650.1200
628.9300
612.5700
621.7700
615.0900
607.7000
595.2700
570.9300
557.1200
520.6400
484.6900
457.5200
429.0200
413.5800
393.2300
358.2900
319.6000
281.6800
259.4800
262.1300
233.5200
227.5000
193.7700
140.8700
147.1200
129.1700
106.7900
112.1200
106.0600
48.8660
96.5440
175.7100
191.7300
185.9000
194.5000
251.9500
303.4900
269.5300
317.3900
316.5500
333.7100
331.9100
296.2800
271.8300
261.5900
269.9600
266.3700
295.3900
311.9400
286.0600
272.7800
236.0700
228.7500
247.1100
252.3200
294.8800
312.4400
299.1700
279.8800
286.1100
303.6700
313.8800
298.6800
283.9300
273.5800
245.0800
239.0800
253.0100
243.7300
276.3700
283.5300
292.9000
309.2400
324.2100
349.0100
371.8100
396.6600
413.4800
426.3000
450.5700
472.0800
533.8900
590.8100
621.3700
648.4500
665.8600
687.3800
716.2300
750.4800
779.3500
798.0900
816.1800
841.0400
853.9300
870.4400
887.9600
907.4200
928.1400
941.8900
954.4700
967.6800
986.2700
1005.9000
1021.6000
1036.8000
1023.8000
1015.2000
1021.6000
1032.8000
1049.7000
1056.5000
1054.5000
1045.8000
1042.1000
1052.3000
1061.5000
1066.1000
1079.8000
1084.6000
1083.3000
1085.3000
1087.3000
1093.1000
1097.4000
1102.5000
1108.5000
1108.5000
1113.2000
1119.9000
1156.1000
1192.2000
1210.4000
1219.6000
1217.9000
1230.9000
1255.3000
1285.3000
1310.2000
1321.2000
1334.4000
1350.8000
1354.5000
1367.4000
1386.4000
1403.4000
1419.9000
1427.4000
1436.5000
1440.5000
1449.4000
1466.7000
1478.1000
1492.7000
1475.5000
1454.2000
1452.5000
1457.5000
1475.8000
1476.8000
1464.5000
1445.1000
1431.2000
1429.3000
1430.1000
1426.0000
1436.6000
1439.8000
1431.5000
1429.2000
1428.4000
1430.0000
1426.3000
1425.8000
1423.2000
1423.0000
1430.7000
1437.8000
1457.4000
1484.0000
1489.7000
1491.4000
1488.9000
1493.3000
1500.3000
1516.6000
1524.6000
1523.7000
1523.8000
1529.6000
1515.7000
1512.0000
1512.3000
1511.6000
1508.6000
1504.5000
1499.5000
1490.7000
1485.4000
1483.0000
1477.6000
1472.1000
1441.2000
1409.9000
1391.6000
1379.9000
1375.2000
1359.8000
1340.1000
1312.1000
1290.2000
1280.8000
1270.0000
1259.8000
1265.5000
1259.1000
1248.9000
1240.9000
1229.3000
1223.7000
1218.2000
1214.4000
1207.0000
1198.2000
1195.3000
1190.4000
1211.0000
1233.7000
1242.3000
1251.5000
1250.7000
1261.5000
1272.6000
1290.1000
1303.6000
1310.4000
1314.6000
1320.2000
1299.8000
1292.9000
1292.8000
1294.0000
1300.0000
1301.2000
1295.3000
1287.9000
1287.7000
1291.7000
1296.6000
1300.4000
1270.2000
1237.0000
