5.9856
5.8536
5.9075
6.0820
6.2343
6.3487
6.5081
6.8664
7.1035
7.2968
7.5452
7.8349
7.9802
8.1763
8.3500
8.5062
8.5212
8.6144
8.6219
8.2889
7.6683
7.4945
6.6158
5.9013
5.4349
5.1439
5.4719
5.8996
5.9574
5.8100
5.6887
5.8759
6.0388
6.0577
6.0973
6.1683
6.2774
6.3540
6.4901
6.6350
6.7827
6.9555
7.0658
7.1236
7.1412
7.1546
7.1569
7.1214
7.0939
7.0613
6.9748
7.0015
7.2473
7.5799
7.9626
8.3924
8.6764
8.7299
8.7169
8.8550
9.0782
9.4544
9.6434
9.6289
9.9716
10.0885
10.3086
10.6374
10.8530
11.0371
11.1990
11.3243
11.5189
11.5614
11.5707
11.5163
11.4176
11.2897
11.2658
11.4294
11.6058
11.7757
11.8821
12.0146
12.1104
12.1896
12.3071
12.4556
12.4076
12.3815
12.3267
12.3189
12.4272
12.4424
12.4899
12.3279
12.1219
11.8516
11.5908
11.4021
11.3608
11.4934
11.6487
11.7865
11.8295
11.9768
12.1554
12.2087
12.3030
12.3693
12.2859
12.2576
12.1988
12.0973
11.9140
11.5546
10.2808
9.8019
9.4802
9.4308
9.2822
9.1615
8.9971
8.8773
8.9558
9.0847
9.3863
9.5695
9.6756
9.3002
8.8850
8.7835
8.7305
8.8052
8.7056
8.5209
8.7295
8.2200
7.8563
8.1083
8.0221
7.7857
7.7697
7.5007
7.3278
7.5256
7.4354
7.7578
7.8071
7.5971
7.9331
8.0544
7.8913
7.2165
7.4048
8.9852
8.9909
10.8058
11.9032
15.8009
11.1644
12.8404
14.6740
11.6291
9.8481
7.8962
7.8755
8.3687
8.7145
9.1904
8.9645
8.3406
7.3794
5.7099
4.5012
4.5875
3.7966
3.5747
4.3921
5.8678
6.3293
7.2840
7.9870
8.4650
8.6754
9.2607
9.7774
9.7095
9.1590
8.8941
8.3906
8.2429
8.2316
8.4176
8.3453
8.8891
9.8883
11.5070
11.6213
11.7241
11.4387
11.1579
10.7345
10.3018
10.0839
9.7819
9.6392
9.9166
9.9053
9.6628
9.4834
9.1327
8.1311
7.5375
7.3127
6.9770
6.4965
6.0585
5.8875
6.2032
6.2404
6.2102
6.1099
6.0589
6.2559
6.6632
6.9792
7.1193
7.1069
7.0916
7.1827
7.3948
7.6279
7.7888
7.8468
7.8644
7.8110
7.6827
7.5386
7.3731
7.2574
7.1672
7.0788
6.9838
6.8558
6.6708
6.4482
6.2265
5.9834
5.7439
5.4919
5.1236
4.8564
4.3762
3.9296
3.7385
3.5532
3.7616
3.8578
4.1908
4.4003
4.5010
4.6034
4.6256
4.6285
4.6260
4.5502
4.4138
4.4492
4.5418
4.7405
5.0832
5.4428
5.7619
6.0865
6.4820
6.7763
7.0149
7.1354
7.1646
7.1389
7.0755
7.0136
6.9877
7.0402
7.1159
7.1855
7.1984
7.2140
7.2111
7.2329
7.2242
7.1618
7.0957
7.0520
7.0645
7.1173
7.2180
7.3755
7.5753
7.7426
7.8202
7.9078
8.1129
8.3024
8.4254
8.4310
8.1565
7.4464
7.3020
6.7169
5.8718
5.4533
5.2580
5.6067
5.7913
5.6541
5.7156
5.7991
5.8431
5.9440
6.0563
6.1534
6.2045
6.2363
6.2428
6.2497
6.2576
6.2869
6.3229
6.3769
6.4489
6.5556
6.7212
7.0101
7.3484
7.6848
8.0616
8.4638
8.9017
9.2598
9.4765
9.6526
9.8653
10.0684
10.0370
9.9531
9.8863
9.9026
10.1068
10.7490
11.1172
11.1335
11.7127
11.9377
12.1380
12.3576
12.4081
12.5734
12.7237
12.8877
12.9624
13.0621
13.0672
13.0842
13.2318
13.4291
13.5391
13.6415
13.7287
13.7358
13.6976
13.7364
13.8354
13.8873
13.7570
13.6335
