-8.7211
-8.6786
-8.6347
-8.6086
-8.5658
-8.4881
-8.4618
-8.4844
-8.4495
-8.3967
-8.4144
-8.4657
-8.4658
-8.4872
-8.5313
-8.5476
-8.5586
-8.7012
-9.0387
-9.4916
-9.9884
-10.1199
-10.0933
-9.8213
-9.3718
-8.8545
-8.2377
-7.6250
-7.1122
-6.6315
-6.1112
-5.5192
-4.9386
-4.4236
-3.9976
-3.6388
-3.2676
-2.9148
-2.6077
-2.3480
-2.1092
-1.8846
-1.6868
-1.5134
-1.3559
-1.2138
-1.1027
-1.0190
-0.9641
-0.9430
-0.9620
-1.0395
-1.1823
-1.4009
-1.7020
-2.0942
-2.5066
-2.9495
-3.4215
-3.8362
-4.3179
-4.8098
-5.3036
-5.7993
-6.2243
-6.6641
-7.0172
-7.2431
-7.4632
-7.6848
-7.9233
-8.0612
-8.1508
-8.2455
-8.3253
-8.3789
-8.4197
-8.4584
-8.4766
-8.4647
-8.4599
-8.4799
-8.5149
-8.5561
-8.6086
-8.6700
-8.7245
-8.7631
-8.7907
-8.8186
-8.8375
-8.8404
-8.8305
-8.8148
-8.7977
-8.7989
-8.8285
-8.8736
-8.9154
-8.9572
-8.9900
-9.0199
-9.0390
-9.0444
-9.0325
-9.0204
-8.9825
-8.8957
-8.8090
-8.7568
-8.7215
-8.6459
-8.4863
-8.2333
-7.9158
-7.7539
-7.5861
-7.4287
-7.1428
-6.7187
-6.3262
-5.9718
-5.6025
-5.2244
-4.8092
-4.3691
-3.9180
-3.4549
-2.9924
-2.5346
-2.1236
-1.7606
-1.4140
-1.0473
-0.7164
-0.4367
-0.2646
-0.1736
0.2726
0.5418
0.7363
0.9226
1.1222
1.3110
1.4716
1.6077
1.7228
1.8255
1.9088
1.9674
2.0213
2.0738
2.1090
2.0515
1.5597
0.4523
0.0746
-0.5596
-1.6434
-3.9673
-2.5512
-3.8054
-5.7331
-4.8673
-5.2795
-6.0129
-6.5265
-5.1509
-2.7449
-1.8592
-2.2709
-3.3679
-4.1545
-5.1514
-5.6555
-5.7647
-6.1130
-6.1423
-6.1975
-6.2912
-6.2280
-6.3667
-6.4003
-6.6761
-6.9210
-7.1401
-7.2292
-7.1973
-7.1690
-7.1441
-7.1113
-7.0053
-7.0340
-7.0354
-7.2126
-7.0834
-6.9188
-6.9797
-7.3586
-7.2569
-7.3062
-7.5771
-7.9062
-8.1544
-8.3622
-8.6218
-8.9576
-9.3160
-9.6417
-9.8896
-9.9165
-10.0653
-10.0466
-9.9511
-9.7777
-9.5065
-9.1698
-8.8050
-8.4011
-7.9663
-7.6410
-7.2983
-7.0343
-6.8510
-6.7071
-6.6708
-6.7516
-6.8533
-6.9179
-6.9904
-7.1290
-7.3480
-7.6312
-7.9262
-8.2037
-8.4760
-8.7552
-9.0081
-9.2854
-9.5396
-9.7868
-10.0545
-10.2600
-10.4052
-10.5085
-10.6202
-10.6905
-10.7622
-10.8463
-10.9465
-11.0497
-11.1863
-11.3282
-11.5183
-11.6717
-11.7804
-11.8756
-11.8320
-11.7515
-11.6293
-11.4494
-11.2300
-11.1167
-10.9506
-10.7239
-10.6104
-10.5771
-10.7362
-10.9480
-10.9341
-10.7824
-10.6064
-10.5008
-10.4880
-10.4831
-10.4839
-10.3990
-10.2756
-10.1991
-10.1995
-10.2395
-10.2923
-10.3507
-10.3924
-10.3919
-10.3585
-10.2886
-10.1887
-10.0554
-9.9209
-9.8321
-9.7989
-9.7991
-9.8062
-9.8208
-9.8418
-9.8662
-9.9043
-9.9457
-9.9991
-10.0277
-10.0330
-10.0331
-10.0131
-9.9788
-9.9797
-10.1204
-10.5129
-11.0928
-11.0649
-11.0116
-10.7490
-10.3289
-9.8552
-9.2824
-8.7912
-8.3652
-7.8818
-7.4956
-7.1412
-6.8352
-6.5661
-6.3105
-6.0717
-5.8419
-5.6229
-5.4086
-5.1986
-5.0043
-4.8202
-4.6438
-4.4867
-4.3532
-4.2356
-4.1443
-4.0865
-4.0545
-4.0753
-4.1411
-4.2537
-4.3966
-4.5299
-4.6527
-4.8014
-4.9877
-5.1925
-5.4126
-5.7013
-6.0377
-6.4346
-6.8353
-7.2475
-7.7036
-8.0396
-8.3896
-8.7583
-9.1624
-9.4475
-9.6796
-9.9009
-10.0854
-10.1859
-10.2618
-10.3682
-10.4774
-10.4995
-10.4901
-10.5139
-10.5813
-10.5937
-10.6053
-10.6231
-10.6367
-10.6696
-10.7338
-10.7640
-10.7856
