0.5096
0.3943
0.3257
0.2415
0.3141
0.4273
0.4118
0.3297
0.1323
-0.0029
-0.0461
-0.1365
-0.3004
-0.4243
-0.5815
-0.6899
-0.7131
-0.7037
-0.7157
-0.7606
-0.7625
-0.6740
-0.3245
-0.0083
0.1527
0.1787
0.2545
0.3421
0.2951
0.2207
0.1430
0.2615
0.3650
0.2700
0.0896
-0.0070
-0.0121
-0.0934
-0.2244
-0.3035
-0.4102
-0.5926
-0.7288
-0.8456
-0.9447
-0.9891
-1.1454
-1.3492
-1.5532
-1.6928
-2.0592
-2.5554
-3.0014
-3.4458
-3.9530
-4.5261
-5.0020
-5.2697
-5.4497
-5.4100
-5.4639
-5.4406
-5.4077
-5.5063
-5.6318
-5.5166
-5.4133
-5.3993
-5.2927
-5.3277
-5.3740
-5.3772
-5.4608
-5.4228
-5.3791
-5.3577
-5.3029
-5.1698
-5.0443
-5.0332
-5.0111
-4.9873
-4.9742
-5.0034
-4.9901
-4.8931
-4.9322
-4.9352
-4.8247
-4.7391
-4.6875
-4.8101
-4.8282
-4.7796
-4.6094
-4.3980
-4.1573
-3.9987
-3.7608
-3.5011
-3.3915
-3.3713
-3.5066
-3.4834
-3.3051
-3.2701
-3.2768
-3.3171
-3.3194
-3.2892
-3.1817
-3.0044
-2.8468
-2.6076
-2.0873
-1.8600
-1.5727
-1.3044
-1.0532
-0.7813
-0.4472
-0.1222
0.3376
0.6056
0.9359
1.1649
1.2330
1.3859
1.6923
2.1903
2.4763
2.6948
2.9296
3.3961
3.8505
4.0520
4.5713
4.2902
3.9091
3.8876
3.7996
3.4961
3.5051
3.2661
3.0205
2.8671
2.7800
2.9267
2.7346
2.2582
2.6337
2.4345
1.7681
1.8228
-0.0366
-2.9435
-2.1699
-1.1829
1.9954
10.9040
7.1167
7.2175
8.1325
5.6348
5.0834
1.1701
-0.2523
1.9433
4.3786
5.9367
6.3852
5.3162
4.4734
3.1115
2.1655
3.0678
2.2414
1.2113
2.2042
3.0837
3.6765
5.4746
6.4926
6.6340
5.8202
5.5010
6.3434
6.2770
5.2784
5.6288
5.7764
6.4672
6.9939
7.7534
8.1173
8.8283
9.8798
10.9967
10.0749
9.6761
9.6093
9.5109
9.1836
8.7776
8.5880
8.4358
8.5250
8.9374
8.9568
8.6584
8.2839
7.9906
7.1632
6.7081
6.5746
6.2866
5.8068
5.3210
4.9065
4.6306
4.3845
4.1057
3.7035
3.3309
3.0527
2.8979
2.6865
2.3605
1.9788
1.5046
0.9894
0.4686
-0.0781
-0.5608
-0.9422
-1.3227
-1.7413
-2.1181
-2.5457
-2.9148
-3.2524
-3.4857
-3.5815
-3.6359
-3.6670
-3.6684
-3.5860
-3.5767
-3.6634
-3.7504
-3.9379
-3.8593
-4.0068
-3.9373
-3.7603
-3.7319
-3.5214
-3.6714
-3.7343
-4.0559
-4.2951
-4.4224
-4.4808
-4.4558
-4.3829
-4.2180
-3.9135
-3.4211
-3.0099
-2.8944
-2.9899
-3.1869
-3.2737
-3.1092
-2.8742
-2.7480
-2.6111
-2.3073
-1.8527
-1.4483
-1.1675
-0.9572
-0.7723
-0.5960
-0.4536
-0.2701
-0.1172
0.0211
0.1490
0.2837
0.4617
0.6404
0.7934
0.8913
0.9729
1.0441
1.1029
1.1498
1.2262
1.2885
1.3171
1.3412
1.3690
1.3755
1.3523
1.3103
1.2588
1.1984
1.1165
1.0281
0.9669
0.8888
0.8087
0.7202
0.6571
0.5537
0.3524
0.1227
-0.1237
-0.3944
-0.6342
-0.8336
-1.0107
-1.1492
-1.2791
-1.3773
-1.4475
-1.5402
-1.6374
-1.6912
-1.7268
-1.7758
-1.8830
-2.0305
-2.2228
-2.3928
-2.5270
-2.6967
-2.8913
-3.1744
-3.4330
-3.5424
-3.6215
-3.7639
-3.8955
-4.0248
-4.1216
-4.1177
-4.2669
-4.4719
-4.8220
-4.8352
-4.7924
-4.8181
-4.7739
-4.7210
-4.6850
-4.6395
-4.6943
-4.5928
-4.4192
-4.2933
-4.2169
-4.1096
-3.9249
-3.7847
-3.7666
-3.8460
-3.7952
-3.6722
-3.4835
-3.3096
-3.2139
-3.1748
-3.0724
-2.9369
-2.7973
