5.9639
5.8403
5.8985
6.0772
6.2264
6.3343
6.4950
6.8585
7.1022
7.2968
7.5451
7.8338
7.9745
8.1653
8.3298
8.4782
8.4913
8.5856
8.5921
8.2539
7.6302
7.4641
6.6079
5.9013
5.4328
5.1408
5.4660
5.8897
5.9501
5.8058
5.6869
5.8701
6.0278
6.0517
6.0967
6.1683
6.2774
6.3533
6.4863
6.6280
6.7702
6.9302
7.0282
7.0733
7.0785
7.0859
7.0646
6.9924
6.9218
6.8553
6.6639
6.5185
6.5965
6.7514
6.9121
7.0673
7.0894
6.9600
6.8033
7.0102
7.2497
7.7321
7.9844
7.8991
8.2290
8.4466
8.7729
9.1653
9.4750
9.6661
9.8254
9.9663
10.1423
10.2107
10.2443
10.1942
10.1114
10.0365
10.0733
10.2615
10.4683
10.6674
10.7908
10.9232
11.0345
11.1644
11.2756
11.4361
11.4312
11.4387
11.4007
11.3410
11.4509
11.4877
11.6082
11.5167
11.3868
11.1567
10.9637
10.8513
10.8427
10.9878
11.1083
11.2600
11.3584
11.5217
11.7054
11.7494
11.8468
11.9239
11.8667
11.8837
11.8619
11.8130
11.7297
11.4039
10.1598
9.7147
9.4216
9.3984
9.2714
9.1607
8.9907
8.8567
8.9067
9.0097
9.3049
9.4687
9.5265
9.0385
8.5330
8.3599
8.2243
8.1239
7.8078
7.4958
7.4369
7.0116
6.8147
7.1156
7.0652
6.9566
6.9341
6.7523
6.6763
6.9581
6.8961
7.1846
7.3126
7.2537
7.4832
7.6777
7.6907
6.9825
7.4047
8.4894
8.7251
10.7409
11.7347
11.4355
8.6021
10.6199
12.2142
10.1728
8.4347
7.8090
7.8714
8.1399
7.5347
7.0156
6.2922
6.4268
5.8690
4.7876
3.9460
3.4109
3.0644
3.3633
3.7990
4.9922
5.1520
4.8047
4.6518
5.2580
6.4333
7.4498
7.4404
7.4077
7.4850
6.8863
6.0857
5.1109
4.3410
3.2771
1.9376
1.0377
-0.4102
-3.3888
-5.7924
-6.6203
-6.2053
-5.8346
-5.5579
-5.3927
-5.2850
-4.9520
-4.4987
-4.2966
-4.2297
-4.2898
-4.6166
-4.4223
-3.8475
-3.4374
-3.2016
-3.0260
-2.9130
-2.8970
-3.2540
-4.1277
-4.4406
-4.6594
-4.8595
-5.0612
-5.4606
-6.0001
-6.4415
-6.7166
-6.8258
-6.9302
-7.1143
-7.3799
-7.6274
-7.7685
-7.7900
-7.7524
-7.6144
-7.3849
-7.0958
-6.7725
-6.4879
-6.2624
-6.1059
-5.9627
-5.7926
-5.5715
-5.3592
-5.0967
-4.7308
-4.3505
-3.8280
-3.3701
-2.7441
-1.9102
-1.1409
-0.2211
0.4744
0.8189
0.9682
1.0548
0.9566
0.8378
1.0551
1.2420
1.4876
1.8996
2.3214
2.7888
3.2765
3.5001
3.6787
3.9601
4.3482
4.8509
5.3651
5.8707
6.2530
6.6246
6.8907
7.0167
7.0428
7.0104
6.9710
6.9623
7.0256
7.1108
7.1846
7.1984
7.2125
7.2055
7.2182
7.1957
7.1177
7.0395
6.9845
6.9869
7.0313
7.1258
7.2728
7.4649
7.6297
7.7043
7.7884
7.9954
8.1915
8.3229
8.3365
8.0680
7.3622
7.2293
6.6470
5.8042
5.3930
5.2085
5.5680
5.7647
5.6431
5.7143
5.7978
5.8297
5.9101
5.9987
6.0698
6.0972
6.1037
6.0889
6.0798
6.0651
6.0699
6.0926
6.1386
6.1996
6.2794
6.4072
6.6484
6.9478
7.2575
7.5972
7.9546
8.3165
8.6000
8.7895
8.9475
9.1191
9.2843
9.1947
9.0596
8.9880
8.9361
9.0636
9.6067
10.0106
10.0492
10.6758
10.9416
11.1823
11.4351
11.5080
11.6642
11.8659
12.1063
12.2308
12.3627
12.4042
12.4816
12.6790
12.8901
12.9814
13.1029
13.2285
13.2867
13.2917
13.3551
13.4662
13.5432
13.4398
13.3434
