0.8800
0.9580
1.0310
1.0260
1.0880
1.0270
1.0050
1.0450
1.0860
1.0690
1.1010
1.1290
1.0930
1.0780
1.0670
1.0230
0.9410
0.8520
0.8600
0.7420
0.6980
0.7520
0.8230
0.8950
1.0060
1.2200
1.3880
1.5120
1.5530
1.5930
1.6280
1.7640
1.8800
2.0240
2.1660
2.2670
2.3350
2.3720
2.4790
2.5920
2.8030
2.9780
3.0830
3.2290
3.4800
3.7790
4.0340
4.2820
4.4310
4.5170
4.7460
4.6720
4.7750
4.8640
5.0010
5.0970
5.0910
5.1640
5.2570
5.2640
5.4020
5.5520
5.4850
5.2460
5.2310
5.2860
5.2070
5.2100
5.1510
5.0610
4.9540
4.8160
4.8140
4.9180
4.8430
4.6950
4.5410
4.3800
4.1860
4.0380
3.8480
3.5980
3.3730
3.2330
3.2460
3.4070
3.7170
4.0090
4.5790
4.7750
5.2530
5.0300
4.5960
4.3650
5.0030
5.4870
4.8530
4.5880
4.8110
5.4330
6.1000
6.3100
6.5150
6.1610
5.9320
5.6510
5.7960
5.7730
5.7190
5.4830
5.4190
5.3040
5.2660
5.1950
5.1500
5.1770
5.1770
5.0660
5.0930
5.2710
5.3380
5.4140
5.5800
5.6920
5.6900
5.5400
5.5170
5.4190
5.3400
5.1940
5.0620
4.9000
4.8170
4.8520
4.9630
5.1230
5.2320
5.2900
5.3350
5.3820
5.4270
5.4710
5.5420
5.6210
5.6660
5.6780
5.7050
5.7150
5.6960
5.6870
5.6790
5.6620
5.5820
5.4850
5.3650
5.2360
5.1340
5.0290
4.9120
4.7560
4.5160
4.3090
4.1550
3.9820
3.8490
3.7410
3.6490
3.5530
3.4790
3.4170
3.3260
3.2050
3.0660
2.9050
2.7360
2.5770
2.4240
2.2640
2.1040
1.9490
1.8190
1.7280
1.7040
1.6440
1.5680
1.4630
1.3720
1.3170
1.2610
1.2260
1.2520
1.3590
1.4670
1.5750
1.7200
1.8490
1.9280
1.9340
1.9140
1.8740
1.8270
1.7650
1.6850
1.5940
1.5290
1.4700
1.4230
1.3970
1.4210
1.4760
1.5540
1.6360
1.7200
1.7640
1.6420
1.5140
1.3860
1.2460
0.9950
0.8740
0.9960
1.2490
1.5030
1.7340
1.9280
2.0860
2.2400
2.3790
2.4970
2.6010
2.7000
2.7930
2.8910
3.0410
3.2490
3.4140
3.5370
3.6910
3.8950
4.1190
4.3850
4.6380
4.8310
4.9740
5.1210
5.3250
5.5880
5.8420
6.0820
6.2880
6.4110
6.4530
6.4420
6.4230
6.3940
6.4510
6.3130
6.2070
6.1680
6.1040
6.0380
6.0340
6.1190
6.2230
6.3050
6.3730
6.4020
6.4040
6.4030
6.4040
6.4410
6.5310
6.6240
6.7140
6.8190
6.8880
6.8960
6.9100
6.9890
7.0450
7.0280
6.9960
6.9940
6.9810
6.9610
6.9220
6.9440
6.9740
7.0290
7.1070
7.1820
7.2560
7.2930
7.3340
7.3940
7.4460
7.4740
7.5000
7.4700
7.4300
7.4180
7.4380
7.4810
7.5020
7.4190
7.2870
7.1650
6.8930
6.5770
6.4150
6.3430
6.2570
6.2920
6.4570
6.5540
6.5750
6.4770
6.3200
6.1700
6.0460
5.9530
5.9130
5.8900
5.8460
5.7880
5.6980
5.5920
5.4560
5.3460
5.2420
5.1530
5.0860
5.0600
5.0450
5.0480
5.0510
5.0630
5.0950
5.1350
5.1560
5.1570
5.1600
5.1750
5.2440
5.3220
5.3960
5.4800
5.5440
5.5620
5.6450
5.7190
5.7670
5.7220
5.8160
5.8900
6.0740
6.1940
6.2600
6.2260
6.1840
6.0790
5.9630
5.9240
6.0040
6.1310
6.2840
6.4430
6.3210
6.1420
6.0510
5.9720
5.8810
5.7980
5.7300
5.6920
5.7300
5.8450
