1257.1000
1263.0000
1228.3000
1230.0000
1273.6000
1266.2000
1254.6000
1268.1000
1258.4000
1247.2000
1272.9000
1271.1000
1253.9000
1265.5000
1271.9000
1278.6000
1299.7000
1310.5000
1305.0000
1300.9000
1302.8000
1298.8000
1299.5000
1305.0000
1300.8000
1287.7000
1289.0000
1275.3000
1270.4000
1269.1000
1267.0000
1252.3000
1248.1000
1244.0000
1238.1000
1233.3000
1233.7000
1231.2000
1218.6000
1189.6000
1156.6000
1135.9000
1126.2000
1116.1000
1103.8000
1093.6000
1072.2000
1048.9000
1042.6000
1038.3000
1012.7000
1015.2000
994.2600
974.1300
965.3200
934.4600
922.7300
914.0500
893.9900
892.9700
889.3100
887.7300
888.1000
898.9400
901.0200
920.4500
918.8600
922.8600
935.4900
937.4500
957.0700
962.9700
958.6400
954.3300
950.9900
949.5500
956.6000
966.8900
968.2400
971.1100
970.1400
980.4700
988.0900
991.0300
996.4400
991.0100
983.0100
959.8600
911.0300
907.9500
875.8800
900.6900
933.2600
952.0300
914.0600
865.2200
932.8300
942.4500
918.2800
877.7700
822.0400
786.5200
770.3200
806.1700
822.2800
849.3000
856.4200
866.0300
871.4600
871.7800
868.2500
892.4800
902.2300
908.7600
917.7100
917.3000
923.3700
931.4400
948.7900
972.4700
984.7100
993.0800
1004.0000
1012.1000
1027.4000
1047.1000
1057.7000
1065.0000
1069.2000
1078.1000
1084.2000
1095.8000
1106.6000
1117.0000
1127.9000
1120.7000
1112.9000
1115.8000
1118.9000
1125.3000
1125.7000
1120.0000
1108.0000
1102.3000
1104.5000
1110.3000
1117.0000
1113.2000
1099.5000
1094.6000
1096.9000
1100.1000
1102.6000
1098.1000
1090.0000
1082.6000
1080.8000
1078.6000
1078.5000
1107.4000
1125.2000
1132.4000
1138.6000
1136.7000
1145.1000
1158.4000
1179.6000
1191.9000
1198.6000
1207.1000
1213.9000
1214.9000
1223.3000
1228.8000
1237.8000
1252.2000
1261.0000
1270.8000
1277.0000
1284.5000
1296.3000
1308.1000
1323.7000
1284.6000
1250.8000
1236.0000
1229.5000
1240.3000
1228.6000
1205.4000
1173.9000
1154.8000
1158.7000
1162.9000
1163.7000
1171.9000
1169.1000
1160.5000
1152.1000
1148.7000
1145.5000
1137.9000
1131.8000
1117.2000
1107.6000
1109.4000
1108.4000
1147.3000
1183.1000
1196.5000
1202.3000
1194.4000
1203.1000
1215.9000
1240.4000
1251.9000
1246.6000
1247.1000
1249.9000
1240.8000
1245.7000
1249.9000
1254.2000
1254.7000
1254.4000
1253.3000
1248.9000
1250.7000
1247.5000
1240.7000
1236.8000
1208.0000
1179.6000
1165.8000
1155.8000
1151.4000
1138.1000
1121.1000
1095.9000
1076.6000
1068.8000
1060.3000
1049.1000
1050.7000
1041.1000
1026.1000
1016.8000
1005.2000
997.6000
989.1300
987.0000
979.1500
972.2000
968.3500
961.0700
982.0000
1001.6000
1010.0000
1018.7000
1019.0000
1029.5000
1042.4000
1062.9000
1079.1000
1086.3000
1090.8000
1096.6000
1085.1000
1086.5000
1097.7000
1106.4000
1115.4000
1118.6000
1122.3000
1118.3000
1124.5000
1133.8000
1140.9000
1148.0000
1113.4000
1078.4000
1067.0000
1063.2000
1074.3000
1069.6000
1057.1000
1031.8000
1015.6000
1017.6000
1016.1000
1013.2000
1028.7000
1031.2000
1021.1000
1012.9000
1006.2000
1003.9000
1000.7000
1006.7000
1002.2000
996.3800
998.1400
994.3400
1016.9000
1040.7000
1049.4000
1052.0000
1048.0000
1053.6000
1062.2000
1079.8000
1090.3000
1086.7000
1086.5000
1086.3000
1065.3000
1056.7000
1057.2000
1056.4000
1057.2000
1055.0000
1057.3000
1051.2000
1051.5000
1056.2000
1058.5000
1064.4000
1035.6000
1004.1000
992.6800
986.9300
988.4600
975.1900
957.1100
927.8500
906.9200
902.0400
897.5100
893.3200
912.6100
915.5700
912.6700
910.6200
906.9000
908.9400
912.1700
921.2800
920.9300
916.8800
918.2300
918.1000
939.2200
965.6900
978.4900
992.9800
1004.1000
1020.7000
1039.4000
1064.7000
1090.1000
1107.8000
1128.2000
1148.7000
1139.6000
1138.2000
1150.8000
1160.6000
1181.1000
1198.7000
1211.3000
1218.3000
1229.2000
1244.7000
1258.0000
1272.1000
1250.1000
1217.9000
