0.5961
0.7200
0.8362
0.8284
0.9269
0.8302
0.7939
0.8581
0.9224
0.8956
0.9473
0.9914
0.9346
0.9100
0.8926
0.8225
0.6930
0.5524
0.5639
0.3777
0.3076
0.3929
0.5052
0.6203
0.7966
1.1363
1.4023
1.5990
1.6644
1.7275
1.7834
1.9995
2.1833
2.4107
2.6364
2.7977
2.9045
2.9635
3.1338
3.3123
3.6473
3.9254
4.0918
4.3237
4.7216
5.1963
5.6004
5.9943
6.2309
6.3668
6.7308
6.6132
6.7763
6.9186
7.1361
7.2870
7.2789
7.3942
7.5413
7.5524
7.7719
8.0094
7.9034
7.5246
7.4999
7.5868
7.4619
7.4666
7.3736
7.2310
7.0607
6.8413
6.8393
7.0034
6.8848
6.6503
6.4058
6.1494
5.8428
5.6068
5.3052
4.9090
4.5526
4.3304
4.3513
4.6057
5.0981
5.5616
6.4657
6.7765
7.5352
7.1807
6.4923
6.1255
7.1380
7.9065
6.9003
6.4793
6.8346
7.8204
8.8790
9.2129
9.5377
8.9767
8.6119
8.1667
8.3968
8.3604
8.2750
7.8995
7.7992
7.6169
7.5552
7.4436
7.3716
7.4148
7.4148
7.2386
7.2810
7.5640
7.6705
7.7911
8.0543
8.2311
8.2282
7.9910
7.9544
7.7989
7.6734
7.4415
7.2316
6.9756
6.8441
6.8992
7.0744
7.3286
7.5023
7.5942
7.6649
7.7395
7.8111
7.8810
7.9944
8.1186
8.1912
8.2103
8.2528
8.2677
8.2379
8.2243
8.2115
8.1836
8.0575
7.9041
7.7122
7.5089
7.3462
7.1799
6.9947
6.7461
6.3663
6.0380
5.7926
5.5186
5.3078
5.1362
4.9899
4.8383
4.7209
4.6223
4.4778
4.2862
4.0650
3.8100
3.5411
3.2896
3.0459
2.7930
2.5389
2.2932
2.0854
1.9415
1.9037
1.8090
1.6874
1.5216
1.3773
1.2889
1.2009
1.1444
1.1860
1.3564
1.5271
1.6995
1.9287
2.1344
2.2588
2.2686
2.2364
2.1742
2.0981
2.0001
1.8731
1.7295
1.6255
1.5317
1.4574
1.4161
1.4539
1.5413
1.6656
1.7959
1.9296
1.9987
1.8048
1.6015
1.3997
1.1775
0.7782
0.5869
0.7807
1.1810
1.5841
1.9514
2.2593
2.5099
2.7536
2.9755
3.1626
3.3278
3.4839
3.6323
3.7878
4.0252
4.3553
4.6169
4.8129
5.0563
5.3810
5.7362
6.1572
6.5593
6.8656
7.0925
7.3255
7.6502
8.0664
8.4702
8.8509
9.1777
9.3726
9.4389
9.4216
9.3912
9.3454
9.4364
9.2171
9.0496
8.9873
8.8861
8.7803
8.7741
8.9097
9.0737
9.2047
9.3129
9.3580
9.3623
9.3595
9.3616
9.4210
9.5625
9.7113
9.8541
10.0194
10.1304
10.1426
10.1652
10.2902
10.3781
10.3523
10.3005
10.2971
10.2776
10.2451
10.1842
10.2186
10.2668
10.3541
10.4779
10.5956
10.7133
10.7719
10.8372
10.9323
11.0148
11.0602
11.1005
11.0534
10.9899
10.9705
11.0019
11.0710
11.1047
10.9716
10.7622
10.5698
10.1372
9.6359
9.3785
9.2653
9.1277
9.1846
9.4452
9.5996
9.6323
9.4772
9.2277
8.9908
8.7941
8.6456
8.5823
8.5459
8.4767
8.3837
8.2409
8.0727
7.8576
7.6835
7.5181
7.3769
7.2708
7.2282
7.2046
7.2093
7.2148
7.2335
7.2851
7.3486
7.3813
7.3827
7.3874
7.4118
7.5203
7.6446
7.7628
7.8962
7.9963
8.0248
8.1574
8.2747
8.3507
8.2793
8.4284
8.5461
8.8384
9.0277
9.1329
9.0798
9.0132
8.8460
8.6611
8.6002
8.7262
8.9283
9.1709
9.4234
9.2306
8.9464
8.8014
8.6754
8.5325
8.4007
8.2928
8.2322
8.2919
8.4749
