-13.3102
-13.3358
-13.3383
-13.3081
-13.2770
-13.2505
-13.2347
-13.2273
-13.2101
-13.1916
-13.1780
-13.1656
-13.1452
-13.1321
-13.1197
-13.0900
-13.0463
-13.0055
-12.9697
-12.9497
-12.9884
-12.9506
-12.6922
-12.4561
-12.2311
-12.0454
-11.8999
-11.7553
-11.5809
-11.3896
-11.2029
-11.0493
-10.9329
-10.8352
-10.7431
-10.6369
-10.5200
-10.4009
-10.2918
-10.2149
-10.1968
-10.2167
-10.2404
-10.2576
-10.3118
-10.4197
-10.5119
-10.5393
-10.4996
-10.4080
-10.3594
-10.3186
-10.3298
-10.3136
-10.2854
-10.2283
-10.2258
-10.2343
-10.2579
-10.2898
-10.3670
-10.3947
-10.3168
-10.2440
-10.2654
-10.3446
-10.3188
-10.3374
-10.3349
-10.3374
-10.3474
-10.3481
-10.3545
-10.3464
-10.3293
-10.3200
-10.2841
-10.2523
-10.2163
-10.1826
-10.1497
-10.1259
-10.1045
-10.0837
-10.0695
-10.0583
-10.0615
-10.0786
-10.1278
-10.2445
-10.3455
-10.4585
-10.5651
-10.6901
-10.8099
-10.9372
-11.1074
-11.1816
-11.2302
-11.2770
-11.3162
-11.3499
-11.3640
-11.3919
-11.4466
-11.5322
-11.6308
-11.7537
-11.8747
-11.9635
-12.0216
-12.0899
-12.1189
-12.1229
-12.1410
-12.1664
-12.1858
-12.1886
-12.1780
-12.1294
-12.0730
-12.0512
-12.0267
-11.9949
-11.9909
-12.0298
-12.0745
-12.0745
-12.0895
-12.0970
-12.0947
-12.0649
-12.0368
-12.0329
-12.0447
-12.0581
-12.0520
-12.0302
-11.9960
-11.9518
-11.9135
-11.8778
-11.8517
-11.8587
-11.8741
-11.8758
-11.8587
-11.8435
-11.8486
-11.8647
-11.8868
-11.9287
-11.9809
-12.0326
-12.0735
-12.1270
-12.1779
-12.2252
-12.2729
-12.3197
-12.3712
-12.4298
-12.4735
-12.4917
-12.4873
-12.4704
-12.4501
-12.4242
-12.3945
-12.3595
-12.3219
-12.2869
-12.2532
-12.2217
-12.1948
-12.1731
-12.1551
-12.1388
-12.1245
-12.1164
-12.1084
-12.0909
-12.0657
-12.0395
-12.0195
-12.0050
-11.9815
-11.9669
-11.9684
-11.9888
-12.0248
-12.0720
-12.1247
-12.1822
-12.2464
-12.3158
-12.3848
-12.4366
-12.4718
-12.4954
-12.5115
-12.5276
-12.5321
-12.5172
-12.5023
-12.4915
-12.4824
-12.4817
-12.4916
-12.5140
-12.5493
-12.5713
-12.5750
-12.5891
-12.6825
-12.3228
-11.8033
-11.3575
-10.8597
-10.4605
-10.1143
-9.8301
-9.6098
-9.4232
-9.2842
-9.2037
-9.1810
-9.1743
-9.1347
-9.0520
-8.9592
-8.8931
-8.8792
-8.9615
-9.1401
-9.2876
-9.3645
-9.4147
-9.4798
-9.5410
-9.5843
-9.5423
-9.4233
-9.3139
-9.2869
-9.3037
-9.2928
-9.2336
-9.1052
-8.9524
-8.8582
-8.8101
-8.8576
-8.9117
-8.9625
-8.9535
-8.9616
-9.0607
-9.2112
-9.4149
-9.6613
-9.9512
-10.2524
-10.5105
-10.7027
-10.8212
-10.8990
-10.9544
-11.0047
-11.0526
-11.0915
-11.1105
-11.1002
-11.0859
-11.0570
-11.0632
-11.1428
-11.2640
-11.3524
-11.3942
-11.4626
-11.5445
-11.6020
-11.6360
-11.6760
-11.7489
-11.8034
-11.8568
-11.8931
-11.9262
-11.9523
-11.9784
-12.0105
-12.0554
-12.0952
-12.1254
-12.1528
-12.1716
-12.1894
-12.1989
-12.1970
-12.1964
-12.1963
-12.1871
-12.1336
-11.9430
-11.6088
-11.4044
-11.1545
-10.8437
-10.5339
-10.1578
-9.6988
-9.2270
-8.7734
-8.3259
-7.9118
-7.5180
-7.1198
-6.7272
-6.3324
-5.8832
-5.4150
-5.0146
-4.6769
-4.3698
-4.0823
-3.7914
-3.5024
-3.2423
-3.0118
-2.8067
-2.6257
-2.4701
-2.3393
-2.2343
-2.1589
-2.1115
-2.0852
-2.0810
-2.1059
-2.1728
-2.2992
-2.4893
-2.7359
-2.9835
-3.2649
-3.6139
-3.9485
-4.2852
-4.6710
-5.1411
-5.6901
-6.1965
-6.6842
-7.1506
-7.5178
-7.8248
-8.0640
-8.3071
-8.5589
-8.7667
-8.9183
-9.0121
-9.0931
-9.1188
-9.1320
-9.2814
-9.4230
-9.5038
-9.5697
-9.6404
-9.6853
-9.7253
-9.7411
-9.6793
-9.5802
