0.5825
0.7195
0.8112
0.7975
0.8925
0.7979
0.7497
0.7919
0.7668
0.6694
0.7511
0.7796
0.6785
0.6547
0.6446
0.4827
0.2116
0.1124
-0.0227
-0.1185
-0.0689
-0.1902
-0.4124
-0.6192
-0.7651
-1.0799
-1.3436
-1.5382
-1.6265
-1.7153
-1.7727
-1.9903
-2.1773
-2.4067
-2.6339
-2.7976
-2.9038
-2.9622
-3.1245
-3.2965
-3.6141
-3.8837
-4.0604
-4.2941
-4.7097
-5.1960
-5.6004
-5.9919
-6.2307
-6.3627
-6.7308
-6.6126
-6.7739
-6.9163
-7.1251
-7.2807
-7.2744
-7.3863
-7.5327
-7.5401
-7.7552
-7.9588
-7.8095
-7.4081
-7.3733
-7.4004
-7.2694
-7.2191
-7.0821
-6.9556
-6.7044
-6.4893
-6.4969
-6.5917
-6.3923
-6.0664
-5.7299
-5.4361
-5.1896
-5.0412
-4.8685
-4.5832
-4.3545
-4.2774
-4.3503
-4.4485
-4.5502
-4.5378
-4.9782
-4.8830
-5.2180
-5.0739
-4.4513
-3.6344
-3.0684
-3.8035
-3.7254
-4.8161
-5.2011
-6.0655
-7.2606
-7.5342
-8.0636
-7.1998
-6.4708
-5.9515
-5.9814
-5.8804
-5.7856
-5.6610
-5.4079
-5.3371
-5.1181
-4.7530
-4.3711
-4.1237
-4.0408
-3.9625
-3.6901
-3.2095
-3.0603
-3.0510
-2.9985
-3.0291
-3.0048
-3.0823
-3.3427
-3.3799
-3.4394
-3.4289
-3.3642
-3.1997
-3.0938
-3.0558
-3.0782
-3.0938
-3.0738
-2.9832
-2.8557
-2.7394
-2.6607
-2.5568
-2.5672
-2.6481
-2.6268
-2.4752
-2.2904
-2.2032
-2.1961
-2.1012
-2.0674
-2.1009
-2.1090
-1.9941
-1.8257
-1.8108
-1.7584
-1.6803
-1.5834
-1.4253
-1.2518
-1.0669
-0.9373
-0.8591
-0.8176
-0.8282
-0.7924
-0.7418
-0.6902
-0.6775
-0.7067
-0.7319
-0.7320
-0.7162
-0.7232
-0.7324
-0.7131
-0.6488
-0.5462
-0.4206
-0.3128
-0.1989
-0.0562
0.0623
0.1371
0.2162
0.3115
0.4356
0.5704
0.7730
0.9935
1.2254
1.4184
1.6069
1.8429
2.0495
2.1489
2.1277
2.0644
1.9750
1.8900
1.8056
1.6962
1.5610
1.4674
1.3884
1.3398
1.3552
1.4368
1.5411
1.6560
1.7576
1.8627
1.9024
1.7009
1.4883
1.2760
1.0113
0.5211
0.0091
-0.5027
-1.0179
-1.4637
-1.8596
-2.1891
-2.4520
-2.7066
-2.9398
-3.1394
-3.3167
-3.4805
-3.6323
-3.7865
-4.0233
-4.3547
-4.6169
-4.8123
-5.0525
-5.3688
-5.7065
-6.0923
-6.4590
-6.7430
-6.9612
-7.1964
-7.5091
-7.8740
-8.2118
-8.4723
-8.6232
-8.6290
-8.5320
-8.4363
-8.2853
-8.0539
-7.8767
-7.3321
-6.8478
-6.4846
-6.0254
-5.4809
-5.1623
-5.0610
-5.0179
-4.9150
-4.8063
-4.6891
-4.5573
-4.4685
-4.4507
-4.4842
-4.5651
-4.6457
-4.7332
-4.8274
-4.7938
-4.5910
-4.3410
-4.1523
-4.0259
-3.8505
-3.6112
-3.3550
-3.1407
-2.9915
-2.8268
-2.7538
-2.7158
-2.6867
-2.6850
-2.6972
-2.7547
-2.7246
-2.6262
-2.5423
-2.4514
-2.3890
-2.4023
-2.3968
-2.3684
-2.3856
-2.4071
-2.4174
-2.4132
-2.3639
-2.2806
-2.1241
-2.0350
-1.9259
-1.8123
-1.7119
-1.5904
-1.4801
-1.3791
-1.2833
-1.0760
-0.8863
-0.7563
-0.6863
-0.6819
-0.6754
-0.5723
-0.4184
-0.3293
-0.2754
-0.2429
-0.2467
-0.2155
-0.2308
-0.2421
-0.2695
-0.3246
-0.4036
-0.4627
-0.5391
-0.6303
-0.7409
-0.8313
-0.9182
-0.9979
-1.0511
-1.1687
-1.3853
-1.6537
-1.9522
-2.2561
-2.5411
-2.8970
-3.1771
-3.3734
-3.5530
-3.7592
-3.7641
-3.6407
-3.4785
-3.5366
-3.5067
-3.3977
-3.2826
-2.9813
-2.6752
-2.4343
-2.2265
-2.1310
-2.1472
-2.1684
-2.2484
-2.0324
-1.7215
-1.5949
-1.4494
-1.3782
-1.2443
-1.1332
-0.9756
-0.8434
-0.7900
