0.1266
-0.0270
-0.2030
-0.2241
-0.2503
-0.2294
-0.2611
-0.3305
-0.5128
-0.5950
-0.5771
-0.6124
-0.6427
-0.6321
-0.6175
-0.6660
-0.6599
-0.5409
-0.5634
-0.3586
-0.2998
-0.3438
-0.2917
-0.0367
0.2220
0.3534
0.4015
0.4365
0.3531
0.2050
0.1950
0.1916
0.1617
0.1381
0.1159
-0.0292
-0.0657
-0.0858
-0.2409
-0.3227
-0.4909
-0.5703
-0.5064
-0.5045
-0.3350
-0.0575
-0.0017
-0.1700
0.0568
0.2295
0.0282
0.0893
0.1779
0.1776
0.3945
0.3013
0.2563
0.3418
0.3614
0.4303
0.5097
0.8986
1.2145
1.3193
1.3721
1.6716
1.6840
1.9067
2.0529
1.9766
2.2148
2.1662
2.1367
2.3659
2.5570
2.7251
2.8640
2.8747
2.6846
2.4541
2.1077
1.7586
1.3285
0.6752
-0.0903
-1.1933
-2.2991
-3.2155
-4.1260
-4.6987
-5.4361
-5.0811
-4.7261
-4.9308
-6.4449
-6.9315
-5.8082
-4.3343
-4.4340
-4.9365
-5.1109
-5.3021
-5.0937
-5.3614
-5.6827
-5.5923
-5.8932
-5.9428
-5.9163
-5.5095
-5.6198
-5.4345
-5.5575
-5.7286
-5.9358
-6.1623
-6.2170
-6.0577
-6.2766
-6.8494
-7.0336
-7.1688
-7.4753
-7.6535
-7.6599
-7.3726
-7.2180
-7.0284
-6.8594
-6.6045
-6.4014
-6.1985
-6.1050
-6.1855
-6.3696
-6.6436
-6.8438
-6.9838
-7.1130
-7.2385
-7.3440
-7.4547
-7.5710
-7.6746
-7.7586
-7.8284
-7.9286
-7.9688
-7.9397
-7.9513
-7.9470
-7.9093
-7.7766
-7.6485
-7.4930
-7.2873
-7.1327
-6.9805
-6.8132
-6.5938
-6.2421
-5.9430
-5.7163
-5.4513
-5.2445
-5.0690
-4.9266
-4.7811
-4.6702
-4.5724
-4.4217
-4.2232
-3.9985
-3.7420
-3.4665
-3.2071
-2.9613
-2.7166
-2.4795
-2.2543
-2.0618
-1.9313
-1.9029
-1.8079
-1.6818
-1.5061
-1.3416
-1.2130
-1.0567
-0.8439
-0.6477
-0.5816
-0.5658
-0.5531
-0.5687
-0.5959
-0.6961
-0.7870
-0.8601
-0.9091
-0.9109
-0.8605
-0.7948
-0.7447
-0.6991
-0.6467
-0.5734
-0.4110
-0.2223
-0.0180
0.1789
0.3690
0.5034
0.6131
0.6037
0.5915
0.5751
0.6032
0.5780
0.5869
0.5972
0.5988
0.6056
0.5914
0.5586
0.5363
0.5064
0.4593
0.3822
0.2711
0.1539
0.0249
-0.0974
-0.1212
-0.0734
-0.0058
0.0789
0.1964
0.3620
0.5831
0.8912
1.1428
1.2916
1.3585
1.3691
1.4625
1.7511
2.0764
2.5612
3.1419
3.6587
4.0369
4.1948
4.4213
4.7403
5.1965
5.5853
5.9163
6.2227
6.5313
6.8596
7.0947
7.3327
7.5600
7.7826
7.9768
8.0985
8.1782
8.2240
8.2359
8.2853
8.4025
8.5279
8.6429
8.7798
8.9243
9.0440
9.1917
9.4153
9.5654
9.6096
9.6467
9.7352
9.7860
9.7987
9.7841
9.8406
9.9011
9.9995
10.1281
10.2465
10.3531
10.4216
10.5142
10.6326
10.7385
10.7991
10.8374
10.7904
10.7316
10.7080
10.7354
10.8039
10.8393
10.7140
10.5178
10.3541
9.9308
9.4415
9.2017
9.1057
8.9880
9.0646
9.3440
9.5134
9.5720
9.4356
9.1967
8.9646
8.7676
8.6192
8.5632
8.5357
8.4703
8.3792
8.2373
8.0689
7.8546
7.6800
7.5142
7.3720
7.2636
7.2169
7.1897
7.1891
7.1872
7.1954
7.2375
7.2910
7.3136
7.3075
7.2944
7.2812
7.3362
7.3911
7.4278
7.4761
7.4531
7.3690
7.4272
7.4730
7.4567
7.3742
7.6015
7.8062
8.1000
8.3188
8.4774
8.4656
8.5059
8.4318
8.3119
8.3070
8.4620
8.6663
8.9108
9.1512
9.0041
8.7793
8.6557
8.5534
8.4204
8.3080
8.2150
8.1742
8.2489
8.4380
