1.2410
1.3680
1.4450
1.5890
1.6680
1.7110
1.7700
1.7890
1.8100
1.7190
1.5960
1.5380
1.4270
1.3350
1.2190
1.1440
1.0650
1.0440
1.0190
1.1310
1.2000
1.2850
1.4810
1.5910
1.6950
1.7640
1.8030
1.8350
1.8930
1.9270
1.9470
1.9800
2.0270
1.9960
1.9840
1.9400
1.8270
1.4600
0.9640
0.9470
1.7430
2.8520
2.9870
2.8130
3.0850
3.5040
4.1140
3.8690
3.9930
4.2270
4.6850
4.9280
4.7810
4.5850
4.5560
4.6750
4.7380
4.6140
4.6300
4.8440
4.8800
4.6160
4.2040
3.9870
4.0000
3.9010
4.0920
3.9110
3.9130
4.3580
4.8960
5.0300
5.3800
5.4940
5.1260
5.1570
5.2990
5.1430
5.0240
4.9850
4.9450
5.0780
4.9570
5.0470
5.1610
5.0460
4.9670
4.7820
4.6940
4.5180
4.4870
4.5980
4.5960
4.4430
4.2640
4.1710
4.0730
3.8750
3.7010
3.6430
3.7440
3.8030
3.7730
3.6440
3.5210
3.4760
3.4420
3.5190
3.6370
3.6480
3.5170
3.3940
3.3350
3.3100
3.2930
3.2680
3.1410
2.7780
2.3520
2.0400
1.9520
2.0560
2.0640
2.0240
2.0230
1.9530
1.8070
1.5580
1.2540
1.1150
1.4500
1.9440
2.6400
3.1120
3.1720
3.4820
3.5380
3.6500
3.8450
4.4810
2.8720
1.7770
3.1420
3.4160
3.5090
3.9970
4.0640
2.9760
1.8760
2.4120
3.5030
3.6890
4.3660
4.4020
4.3770
4.0860
3.7900
3.6600
4.0430
3.9550
3.1850
2.3560
2.9640
3.0520
2.8910
3.1970
3.2200
3.5380
4.0340
4.0510
3.8910
3.4510
3.6010
3.6790
3.8540
3.9650
3.9510
3.8950
3.7940
3.9350
3.6990
3.5250
3.6520
3.7200
3.7270
3.6630
3.5910
3.2740
3.2270
3.1950
3.0670
2.9680
2.9140
2.9230
2.9550
2.9830
3.0320
3.1380
3.3140
3.3290
3.2050
3.2160
3.2570
3.3330
3.3820
3.4910
3.6060
3.8820
3.9600
3.8090
3.6900
3.6270
3.3180
3.0780
2.9640
2.4260
2.4920
2.3960
1.9640
1.3320
1.9440
2.7220
3.4420
3.5870
3.6060
3.8980
3.8820
4.1270
4.7760
5.6000
4.7920
3.9690
3.1990
3.3350
3.4190
2.9710
3.6460
4.5230
4.2720
3.7190
3.6510
2.5020
2.2980
2.7790
2.8190
2.9760
3.1930
3.3260
3.3620
3.4680
3.3000
3.5620
4.1340
4.8940
5.1100
5.2160
5.3300
5.1220
5.2540
5.2140
4.7960
4.5190
5.0950
4.8300
4.6040
4.8860
5.0630
4.8480
4.6030
4.6690
4.7860
4.9640
4.6970
4.8880
4.9730
4.8100
5.2780
4.7830
4.6070
4.5650
4.5000
4.2350
4.3130
4.5350
4.4200
4.3270
4.2830
4.2340
3.9530
4.0380
3.8170
3.4960
3.2150
3.1300
3.2500
3.2740
3.6600
3.9820
4.0900
4.1890
4.2860
4.2920
4.3480
4.2060
4.2110
4.2020
4.0670
3.6280
3.5470
3.5870
3.4340
3.2620
3.2760
3.2850
3.3030
3.1190
3.1550
3.2320
3.4060
3.4830
3.6240
3.8240
4.0790
3.9860
4.3970
5.1200
4.7060
5.1430
5.5420
5.6470
5.4030
5.7710
5.7320
4.4140
3.4440
6.1660
11.9950
11.5110
10.6320
10.1390
10.1050
9.8050
8.9550
8.1820
8.3070
8.4600
8.4610
8.3990
8.9620
7.3070
7.1850
7.1890
7.1380
6.8630
6.5980
6.8150
6.2440
6.0230
6.2490
6.7420
6.9840
7.1040
7.2020
7.1040
6.4570
6.0300
6.4030
6.6200
6.1610
5.8080
5.6820
5.4690
5.4460
5.4520
5.4430
5.3490
5.2390
