-114.8800
-80.6110
-70.0720
-69.4680
-31.2420
-52.0600
-43.8680
-62.9000
-68.8180
-50.7670
-42.0110
-30.5010
-47.9600
-49.2260
-55.0420
-32.0040
-10.3070
-6.6124
-7.0130
0.5150
-12.1840
1.0812
14.3590
27.9800
31.1650
28.8020
20.8120
29.2190
40.2310
45.6710
39.0280
35.6940
27.3230
31.9130
28.7930
32.5090
30.3580
26.0030
17.9140
3.1208
-9.5654
-4.0452
0.6542
-3.9501
-18.7450
-42.9910
-58.0930
-31.3410
-34.4930
-46.5480
-60.3240
-76.5080
-62.4420
-50.1770
-59.7760
-75.4770
-78.1500
-77.2660
-84.6020
-85.5410
-93.0130
-98.1330
-93.4920
-99.8620
-83.8360
-90.7010
-97.0200
-97.2070
-83.1100
-82.9520
-72.5990
-60.1130
-50.7070
-25.2170
-42.9030
-30.3200
-5.1746
10.2470
14.6250
21.0600
21.0300
20.2640
12.1720
15.1210
17.3590
16.3310
25.6940
9.8787
-3.6643
-6.4396
-7.6556
-0.2623
-5.1645
-16.4070
-32.5350
-33.0860
-25.4220
-24.2030
-26.4120
-20.2930
-18.7520
-21.7400
-24.0430
-22.7030
-20.4800
-18.3530
-11.0930
-12.7210
-6.3562
0.8762
-0.8545
23.3630
45.9470
54.0860
56.7500
55.8930
65.0550
80.0930
98.0820
107.5400
108.3700
112.1600
115.1900
123.0200
136.5100
144.1700
146.9300
146.2500
148.8900
153.1500
159.6200
166.6900
168.6100
169.0000
163.3200
137.2900
114.3400
95.2650
90.4770
71.5260
90.3670
103.0700
73.8950
58.9320
35.8380
4.6427
11.7990
48.1080
57.2780
-18.0090
-11.6920
13.0100
30.5600
11.8820
2.4569
-24.9190
-41.2530
-24.3180
-30.0640
14.0070
50.2560
86.6800
89.8430
79.4310
84.2230
71.6610
104.1500
104.2100
76.1760
106.0400
110.4400
126.8800
110.7100
135.2900
152.5600
155.5600
161.9200
148.8600
173.8300
174.5700
190.2300
205.3300
208.4200
171.3300
125.7400
111.3000
130.4000
155.5800
145.1000
122.8100
90.4060
80.5480
70.4420
55.6570
54.9490
62.3540
53.0170
47.8650
35.8230
37.8660
48.4050
52.4510
61.0370
59.5040
61.3750
62.3100
59.1810
73.3240
102.2700
141.0100
142.4300
114.5700
129.2100
146.7600
164.7500
207.5600
196.7600
166.2400
158.7200
160.5200
163.0700
184.2100
186.3600
203.9200
208.8800
200.1400
186.9600
189.2700
165.9200
97.6550
169.2600
152.6000
151.4100
120.6100
110.5500
134.5500
111.0200
101.7400
36.0650
3.8861
16.6750
20.6740
-2.3747
-18.3940
-16.0390
-4.5320
12.2660
12.1560
-10.0980
-32.7990
9.5776
-18.4670
-8.8827
-70.2030
-77.2040
-33.5040
-24.0070
23.1380
14.8580
34.7440
72.6730
117.9100
60.1290
106.5200
132.8800
127.4300
112.8700
118.1300
138.4500
148.1600
136.3100
119.3500
136.7100
136.3400
123.8500
123.9300
96.4440
125.3500
141.4300
90.3730
51.2500
33.0080
28.3020
20.2550
14.1150
-6.0675
-37.8050
-51.8590
-47.5230
-61.4360
-70.6790
-69.1670
-84.9430
-90.1680
-101.4700
-96.0180
-97.9910
-89.3980
-83.7380
-90.4170
-94.5730
-97.5830
-101.3400
-67.8680
-45.2550
-49.8190
-58.1480
-59.7250
-59.1770
-57.9120
-44.8090
-35.9650
-42.1460
-48.4400
-44.2300
-50.7310
-57.7380
-64.7340
-76.0620
-87.5320
-109.5200
-126.4000
-170.6500
-168.8700
-188.4300
-230.9000
-215.5000
-268.2100
-318.0900
-343.8100
-362.7600
-425.1600
-509.5900
-529.5300
-481.8100
-542.0400
-376.4800
-374.2300
-345.6200
-360.3600
-284.1400
-328.4000
-312.8900
-281.8300
-299.5900
-380.3400
-387.5600
-394.7500
-453.3300
-299.7700
-307.9800
-307.3200
-273.3900
-259.1900
-265.4500
-265.8700
-219.2500
-171.9600
-124.1000
-120.6300
-103.1200
-83.1420
-80.0080
-77.3600
-63.7910
-62.4630
-53.5490
-83.4150
-90.9700
-70.0160
-67.3040
-50.4830
-43.5900
-36.7770
-32.7200
-59.4080
-81.4870
