1.1684
1.3713
1.4921
1.7216
1.8468
1.9149
2.0092
2.0393
2.0720
1.9276
1.7320
1.6409
1.4634
1.3188
1.1341
1.0158
0.8900
0.8569
0.8163
0.9945
1.1040
1.2388
1.5502
1.7245
1.8890
1.9983
2.0605
2.1116
2.2040
2.2571
2.2885
2.3420
2.4156
2.3667
2.3485
2.2782
2.0994
1.5165
0.7296
0.7027
1.9659
3.7248
3.9394
3.6641
4.0943
4.7596
5.7275
5.3385
5.5353
5.9079
6.6335
7.0196
6.7870
6.4755
6.4292
6.6183
6.7173
6.5210
6.5462
6.8867
6.9429
6.5244
5.8705
5.5266
5.5473
5.3901
5.6924
5.4063
5.4089
6.1146
6.9689
7.1821
7.7361
7.9172
7.3334
7.3828
7.6081
7.3601
7.1720
7.1092
7.0466
7.2576
7.0657
7.2077
7.3897
7.2073
7.0814
6.7884
6.6483
6.3692
6.3204
6.4953
6.4929
6.2493
5.9666
5.8189
5.6632
5.3488
5.0731
4.9808
5.1406
5.2339
5.1871
4.9825
4.7873
4.7149
4.6609
4.7834
4.9707
4.9892
4.7810
4.5859
4.4918
4.4523
4.4247
4.3855
4.1846
3.6078
2.9326
2.4372
2.2980
2.4628
2.4755
2.4108
2.4100
2.2987
2.0674
1.6726
1.1893
0.9684
1.5011
2.2843
3.3884
4.1380
4.2333
4.7244
4.8134
4.9914
5.3018
6.3098
3.7566
2.0196
4.1860
4.6201
4.7685
5.5428
5.6478
3.9224
2.1762
3.0264
4.7579
5.0527
6.1284
6.1842
6.1451
5.6834
5.2134
5.0070
5.6159
5.4752
4.2534
2.9390
3.9024
4.0428
3.7870
4.2730
4.3096
4.8135
5.6008
5.6274
5.3739
4.6763
4.9135
5.0380
5.3151
5.4907
5.4687
5.3811
5.2206
5.4442
5.0689
4.7925
4.9947
5.1026
5.1136
5.0115
4.8982
4.3957
4.3199
4.2695
4.0672
3.9093
3.8233
3.8384
3.8880
3.9325
4.0103
4.1785
4.4577
4.4818
4.2851
4.3024
4.3684
4.4892
4.5667
4.7390
4.9219
5.3592
5.4838
5.2440
5.0551
4.9550
4.4641
4.0834
3.9029
3.0501
3.1534
3.0011
2.3163
1.3127
2.2850
3.5187
4.6612
4.8920
4.9222
5.3856
5.3599
5.7478
6.7789
8.0861
6.8044
5.4981
4.2755
4.4921
4.6255
3.9145
4.9856
6.3763
5.9792
5.1013
4.9935
3.1703
2.8469
3.6087
3.6725
3.9215
4.2667
4.4768
4.5352
4.7029
4.4356
4.8513
5.7596
6.9657
7.3084
7.4759
7.6571
7.3273
7.5373
7.4735
6.8107
6.3706
7.2845
6.8633
6.5055
6.9523
7.2345
6.8928
6.5035
6.6081
6.7934
7.0764
6.6526
6.9558
7.0903
6.8325
7.5747
6.7896
6.5104
6.4437
6.3402
5.9204
6.0442
6.3964
6.2139
6.0652
5.9953
5.9190
5.4717
5.6068
5.2568
4.7478
4.3015
4.1668
4.3572
4.3951
5.0076
5.5181
5.6904
5.8471
6.0001
6.0101
6.0987
5.8738
5.8816
5.8677
5.6539
4.9569
4.8282
4.8923
4.6492
4.3757
4.3989
4.4126
4.4408
4.1489
4.2059
4.3287
4.6050
4.7264
4.9504
5.2678
5.6716
5.5247
6.1776
7.3245
6.6669
7.3614
7.9937
8.1612
7.7725
8.3566
8.2946
6.2037
4.6646
8.9834
18.2327
17.4654
16.0712
15.2877
15.2342
14.7579
13.4089
12.1831
12.3814
12.6243
12.6260
12.5268
13.4211
10.7941
10.6002
10.6071
10.5268
10.0894
9.6702
10.0134
9.1073
8.7569
9.1158
9.8977
10.2818
10.4723
10.6277
10.4726
9.4463
8.7675
9.3604
9.7043
8.9765
8.4152
8.2157
7.8783
7.8415
7.8504
7.8368
7.6868
7.5133
