-1.7249
-1.7319
-1.7267
-1.7152
-1.6956
-1.6706
-1.6427
-1.6135
-1.5802
-1.5414
-1.5012
-1.4652
-1.4407
-1.4207
-1.4170
-1.4226
-1.4267
-1.4183
-1.4029
-1.3987
-1.3858
-1.1219
-0.7596
-0.4395
-0.0661
0.2625
0.6012
0.9277
1.2135
1.4977
1.7745
2.0285
2.2687
2.4960
2.7008
2.8760
3.0113
3.0505
2.9141
2.6926
2.0569
0.9571
0.6281
0.8982
1.0346
1.0500
0.6054
0.0943
-0.0399
0.0820
0.1015
0.1283
-0.0421
-0.2428
0.1561
0.5861
0.7472
0.6341
1.0200
1.0597
1.4906
1.6338
1.7421
1.9581
1.9614
2.3703
2.0810
2.4507
2.8294
2.9871
3.0130
2.9254
2.6504
2.3649
2.0913
1.9840
1.9041
2.0007
2.1164
2.1241
2.2180
2.2565
2.2907
2.2805
2.2553
2.2790
2.2555
2.0967
1.8336
1.8868
1.8935
1.9490
1.9373
1.8992
1.8287
1.7580
1.6917
1.7139
1.7527
1.7002
1.5778
1.6016
1.6590
1.7768
1.9704
2.0773
2.0820
1.7722
1.7576
1.6342
1.5861
1.5614
1.4739
1.4536
1.4652
1.5638
1.5899
1.3651
1.3281
1.5988
2.0246
2.4396
2.8402
3.1940
3.4805
3.6886
3.8254
3.8891
3.8418
3.6964
3.3663
2.8335
2.2069
2.0082
2.1648
1.9688
1.9903
1.9357
1.5294
1.1869
0.9493
0.6879
1.1391
1.3977
1.3221
1.1667
0.6707
0.3968
0.1677
0.4344
0.6208
0.7204
0.7545
1.2799
1.5606
1.6571
1.3979
1.2258
1.5733
1.7886
1.7454
1.0798
0.7413
0.7873
1.0167
1.1685
1.1724
1.3567
1.5389
1.6723
1.5793
1.4642
1.5239
1.6086
1.5915
1.3337
1.1774
1.2572
1.1716
0.9739
0.8524
0.6724
0.4884
0.4893
0.6237
0.5535
0.3631
0.2828
0.3363
0.4109
0.4459
0.4838
0.4919
0.4642
0.3773
0.2309
0.1015
0.0341
0.0632
-0.0038
-0.1449
-0.2934
-0.4481
-0.5578
-0.6749
-0.7467
-0.7618
-0.8200
-0.9565
-0.9769
-1.0155
-1.0154
-1.0053
-0.9742
-0.9163
-0.8372
-0.6703
-0.4379
-0.0874
0.2352
0.2554
-0.0409
-0.3384
-0.6227
-0.7125
-0.8381
-0.7264
-0.6633
-0.6995
-0.7094
-0.7843
-0.6307
-0.5899
-0.5024
-0.6008
-0.4759
-0.4964
-0.2939
-0.0789
0.2807
0.4551
0.7587
0.7851
0.7604
0.6439
0.4314
-0.1142
-0.3998
-0.3851
-0.3760
-0.6272
-0.6755
-0.7426
-0.7268
-0.8531
-1.0287
-1.1308
-1.2500
-1.3276
-1.4032
-1.4636
-1.4604
-1.4271
-1.4671
-1.5384
-1.5628
-1.5410
-1.5895
-1.6154
-1.6003
-1.5548
-1.5744
-1.6139
-1.6006
-1.5761
-1.5346
-1.4661
-1.4896
-1.4468
-1.3606
-1.2665
-1.1668
-1.1256
-1.1012
-1.0579
-0.9885
-1.0381
-1.1276
-1.2006
-1.1714
-1.1726
-1.2362
-1.2624
-1.2456
-1.2646
-1.2988
-1.3389
-1.4062
-1.4661
-1.5466
-1.6376
-1.6864
-1.6955
-1.7153
-1.7330
-1.6625
-1.5533
-1.4527
-1.3947
-1.3445
-1.3103
-1.2584
-1.2448
-1.2480
-1.2664
-1.2349
-1.2011
-1.1881
-1.1425
-1.0060
-0.7604
-0.6172
-0.3488
-0.2620
-0.1753
-0.2931
-0.4671
-0.4271
0.0012
0.4030
0.7290
1.3942
2.1929
1.8966
1.6759
1.2085
-2.2524
-2.6159
-2.4904
-2.9051
-3.0930
-3.0984
-3.1225
-3.1167
-3.1046
-3.0390
-2.9456
-2.8368
-2.8230
-2.8304
-2.8541
-2.8802
-2.9720
-3.0778
-3.1970
-3.3561
-3.4128
-3.4938
-3.7958
-4.0835
-4.2666
-4.4577
-4.5232
-4.4322
-4.3220
-4.3472
-4.3589
-4.2698
-4.2102
-4.2316
-4.2667
-4.3042
-4.3270
-4.3406
-4.3628
-4.3850
-4.3864
