-0.9858
-1.0739
-1.2901
-1.5305
-1.6474
-1.7078
-1.8083
-1.8855
-1.9476
-1.8333
-1.6885
-1.6345
-1.4593
-1.2870
-1.0078
-0.7582
-0.4706
-0.2013
0.1019
0.3988
0.6008
0.8172
1.1245
1.2637
1.4631
1.6221
1.7388
1.8092
1.8988
1.9077
1.9006
1.9257
2.0079
1.9680
1.9419
1.8727
1.7387
1.3246
0.7186
-0.2255
-1.7306
-3.2773
-3.0728
-2.6753
-3.4349
-4.4565
-5.5965
-4.6907
-4.2593
-5.2922
-6.3083
-6.9609
-6.6510
-6.0105
-5.9324
-6.3236
-6.6449
-6.5004
-6.5389
-6.8841
-6.9002
-6.4436
-5.7765
-5.3375
-4.9578
-4.4023
-4.4903
-3.8581
-3.2313
-3.9177
-4.9971
-4.1316
-2.9188
-2.0380
-1.6507
-1.0445
-0.4418
0.2736
0.8422
0.9726
0.8909
0.9608
1.1220
1.4004
1.5096
1.5224
1.7085
1.8835
2.0408
2.0496
2.1460
2.2667
2.3547
2.4710
2.6617
2.8847
3.0856
3.2280
3.2257
3.2864
3.5010
3.7569
3.9727
4.0740
4.1642
4.3058
4.4062
4.4983
4.7320
4.8035
4.6402
4.5172
4.4758
4.4510
4.4239
4.3748
4.1567
3.5755
2.8893
2.3795
2.2359
2.3714
2.3625
2.2878
2.2281
2.0731
1.7971
1.3538
0.7260
-0.1323
-1.0571
-1.7459
-2.5599
-2.9225
-3.1273
-3.3545
-3.3643
-4.0509
-4.3704
-5.0872
-3.0141
-1.8010
-3.8693
-4.4266
-4.4151
-5.3997
-5.6360
-3.9200
-2.1759
-3.0246
-4.6484
-4.8255
-5.5442
-5.3150
-5.2736
-4.5433
-4.1123
-3.7302
-4.3667
-4.2921
-3.1488
-1.6063
-3.4648
-3.7207
-3.5716
-3.9862
-3.7892
-4.0939
-4.8243
-4.4690
-3.9103
-3.2072
-3.8324
-3.8902
-4.0986
-4.1529
-3.9823
-4.4238
-4.3453
-4.5044
-4.2095
-3.9071
-4.1428
-4.2744
-4.4665
-4.4371
-4.1687
-3.6760
-3.6377
-3.5227
-3.2958
-2.9609
-2.9462
-3.0704
-3.1806
-3.3177
-3.4143
-3.5237
-3.7921
-3.8466
-3.7764
-3.9827
-4.1610
-4.3315
-4.4325
-4.6091
-4.8078
-5.2050
-5.3068
-5.1443
-4.9027
-4.5946
-4.0732
-3.6092
-3.4924
-2.6470
-2.6418
-2.1275
-1.4353
-1.1580
-2.1696
-3.0126
-3.7144
-3.8268
-3.8003
-4.3377
-4.5758
-5.0210
-6.0980
-7.8103
-6.4831
-5.3375
-4.2367
-4.4816
-4.6155
-3.9123
-4.9786
-5.9543
-5.7290
-4.7961
-4.7478
-3.0493
-2.7782
-3.6084
-3.6126
-3.8957
-4.2262
-4.4323
-4.2964
-4.2784
-3.8168
-4.5076
-5.2893
-6.3619
-6.7140
-6.7837
-7.1273
-7.1472
-7.3568
-7.3645
-6.8007
-6.3620
-7.1553
-6.7698
-6.4191
-6.7535
-7.0465
-6.8293
-6.4439
-6.5406
-6.6636
-6.9732
-6.6238
-6.9347
-7.0853
-6.8050
-7.5747
-6.7348
-6.4259
-6.3757
-6.3231
-5.9129
-6.0401
-6.3923
-6.1967
-6.0110
-5.9123
-5.7756
-5.3106
-5.4701
-5.1257
-4.6378
-4.2479
-4.1158
-4.3040
-4.3260
-4.9298
-5.3790
-5.5051
-5.6355
-5.8036
-5.8455
-5.9452
-5.6822
-5.7179
-5.8081
-5.6493
-4.9555
-4.8162
-4.8446
-4.5867
-4.3122
-4.3216
-4.3360
-4.3807
-4.0908
-4.1747
-4.3175
-4.6048
-4.7262
-4.9499
-5.2252
-5.5031
-5.4089
-6.0124
-7.1598
-6.3868
-7.0880
-7.4934
-7.5118
-6.9781
-7.3294
-7.6494
-4.9047
-3.8384
-5.3452
-0.6135
-5.8224
-5.3892
-5.4780
-4.9950
-6.5895
-5.2489
-5.4128
-5.3445
-5.4923
-4.5079
-3.6606
-3.8835
-3.4029
-2.0687
-1.0257
-1.2292
-0.8722
-0.7518
-0.6125
0.0463
0.8303
2.1531
2.0666
2.1081
2.4236
2.4569
2.2684
2.4332
2.8418
2.7771
1.4862
1.1766
2.1889
2.2770
2.6078
2.6005
2.5154
2.6951
2.9620
3.0328
