-0.6272
-0.8528
-0.7497
-0.7885
-0.8346
-0.8661
-0.8758
-0.7768
-0.7071
-0.5956
-0.3856
-0.1455
0.1098
0.2879
0.5200
0.6761
0.7554
0.8329
0.8099
0.9111
0.9262
0.9311
1.0670
1.1734
1.1948
1.1670
1.1057
1.0888
1.1189
1.2062
1.2747
1.3328
1.3430
1.3146
1.3209
1.2973
1.1766
0.7383
-0.1263
-0.6655
-0.9326
-1.7701
-2.4652
-2.5037
-2.2282
-1.6713
-1.2181
-2.5488
-3.5353
-2.6260
-2.0514
-0.9064
-1.3519
-2.4095
-2.4781
-1.9530
-0.9834
-0.5171
-0.3088
0.1875
0.7686
1.0235
1.0461
1.4332
2.4886
3.1102
3.4986
3.7872
4.3375
4.6947
4.8573
5.8747
7.1644
7.6504
7.1452
7.3085
7.5953
7.3550
7.1224
7.0423
6.9900
7.1937
6.9760
7.0703
7.2338
7.0447
6.8722
6.5218
6.3273
6.0304
5.9449
6.0869
6.0509
5.7401
5.3400
5.0535
4.7487
4.2650
3.9155
3.7427
3.7641
3.6441
3.3353
2.8683
2.3617
1.9209
1.5198
1.6268
1.5218
1.3485
1.1518
0.7907
0.3785
0.1069
-0.0808
-0.3073
-0.4829
-0.4817
-0.5024
-0.5271
-0.5304
-0.6645
-0.7393
-0.7603
-0.9184
-0.9931
-1.0221
-0.9822
-0.9420
-0.9593
-1.0658
-1.4730
-2.2200
-2.9295
-2.8533
-3.3267
-3.4424
-2.9161
-3.0015
-3.7328
-2.2422
-0.9139
-1.5972
-1.3230
-1.8016
-1.2514
-0.3635
-0.1375
-0.0374
-0.1035
1.0147
1.4979
2.6112
3.1615
3.1545
3.4146
3.2046
3.3400
3.5314
3.3994
2.8594
2.4612
1.7955
1.5815
1.2589
1.5390
2.0531
2.5317
2.8453
3.4199
3.6863
3.4033
3.0749
3.2011
3.3841
3.5918
3.7481
3.0637
2.8936
3.0577
2.8238
2.7755
2.7899
2.7869
2.4898
2.3296
2.5718
2.4103
2.3300
2.4123
2.3832
2.5525
2.4366
2.3035
2.2362
2.1113
2.1037
2.2458
2.3433
2.3002
2.0251
1.6276
1.3302
1.1794
1.0989
1.1018
1.0536
1.2764
1.3822
1.0176
1.2317
1.8551
1.8267
1.9099
1.7425
1.5154
1.7219
2.1167
1.8180
0.6182
-0.7170
-1.8182
-2.8159
-3.0476
-3.1282
-3.1920
-2.7912
-2.7977
-2.9611
-2.0940
-2.0662
-1.3191
-0.5746
0.3072
-0.3044
0.1296
0.2636
2.2809
1.7116
1.7380
1.5470
0.8676
0.6219
0.0460
-0.6604
-0.4489
-0.5868
-0.6299
-1.4524
-1.9525
-2.2597
-1.7935
-2.2796
-2.8368
-2.8870
-3.1417
-2.7988
-1.6146
-1.6397
-1.2721
-0.3687
-0.3300
-1.3661
-1.1285
-1.0572
-1.6504
-1.6386
-0.9329
-0.8788
-0.9426
-1.3212
-1.2039
-0.6184
-0.5414
0.2665
0.6120
0.0244
0.8610
1.0458
0.9335
0.4654
0.2985
0.2239
-0.2282
-0.4625
-0.8088
-0.9939
-1.2952
-1.3182
-1.2304
-1.1671
-1.0161
-0.6773
-0.6501
-0.6788
-0.7764
-0.8795
-1.2313
-1.4404
-1.5588
-1.5230
-1.3966
-1.3597
-1.4882
-1.3781
-0.8342
-0.2260
0.1164
0.3408
0.6814
0.7600
0.7427
0.8213
0.8183
0.7278
0.6918
0.5118
0.3125
0.0514
0.0430
0.0689
0.6682
1.3722
1.1256
1.4192
1.5443
1.9121
1.9875
2.7835
3.1902
3.4231
4.0140
3.2074
3.7987
-2.6505
-7.2201
-18.2224
-16.4664
-15.1406
-14.2725
-14.3920
-13.2051
-12.3389
-10.9147
-11.1684
-11.3670
-11.7939
-11.9800
-12.8470
-10.2436
-10.3964
-10.5574
-10.4548
-10.0517
-9.6409
-9.9947
-9.1071
-8.7175
-8.8579
-9.6796
-10.0634
-10.1880
-10.3398
-10.2240
-9.1275
-8.2942
-8.9390
-9.5898
-8.8991
-8.1256
-7.8939
-7.4342
-7.3978
-7.4365
-7.3588
-7.0932
-6.8740
