4.3150
4.2430
4.2700
4.2780
4.3690
4.4980
4.6430
4.6740
4.7420
4.8640
4.9620
4.9890
4.8810
4.7790
4.5400
4.4160
4.2120
4.2700
3.9740
3.8600
4.1130
4.4550
4.6180
4.9070
5.1200
5.1090
5.1450
5.1250
5.1630
5.1960
5.1510
5.0840
5.0800
5.1870
5.2090
5.1890
5.0920
4.6800
4.4410
4.3310
4.3080
4.2090
4.0630
4.0350
4.0850
4.1130
4.0010
3.8950
3.9380
3.9320
3.9500
4.0080
4.0330
3.9480
3.9090
3.7830
3.3860
2.6850
2.0210
1.4030
0.7140
1.3440
1.7770
1.9880
1.9850
2.1520
2.6320
3.3560
4.2990
4.6860
4.8650
5.0790
5.5680
5.6280
5.4000
5.1300
4.9870
4.9060
4.4920
4.0170
3.9030
3.6210
5.3160
2.2470
1.1220
2.1770
2.1330
3.2210
3.8170
4.6540
4.7680
4.5040
4.5360
4.6890
4.6320
5.0980
5.1180
5.3160
4.8600
4.4580
4.9180
4.8530
4.6250
5.0340
4.9370
5.0750
4.8030
4.8630
4.9880
5.0230
5.5070
5.9920
6.0980
6.0370
5.6810
5.6460
5.0440
4.0380
4.8780
3.8530
4.3300
5.4160
6.4070
5.9460
5.2910
6.0750
8.2640
8.3040
7.3480
8.1040
7.5190
4.6230
1.9150
2.1070
1.8270
3.1610
2.1320
3.9900
5.2570
6.3960
5.5320
3.2780
6.1840
6.7760
7.4380
5.8590
5.3500
5.7520
6.0090
5.9510
5.4640
4.7450
4.1760
3.4570
3.5110
3.3720
2.9460
2.1750
3.0850
3.4060
3.9170
4.6620
4.7930
4.0270
3.6140
2.3440
4.4060
4.3790
2.7930
3.1590
4.0340
3.8340
4.1990
4.0220
3.9320
4.7840
6.5570
4.5840
7.4360
3.5400
2.1910
1.4830
1.4940
1.0300
1.5200
4.0110
2.1400
2.0760
0.6490
1.7410
2.7100
2.8030
3.0370
3.3040
3.3290
3.7230
4.6390
5.5920
6.0180
6.3770
6.6980
7.0380
7.3020
7.5660
7.7830
7.8640
7.7800
7.5710
7.4200
7.2760
7.1110
6.5690
6.0250
6.0220
6.0130
6.1400
6.3880
6.4190
6.3850
6.3990
6.7190
7.0130
7.0190
7.0990
7.2420
7.3200
7.1250
7.1980
7.5750
7.1290
6.6270
6.2910
6.3460
7.2550
4.7220
7.2400
6.0500
6.0020
7.3220
4.4960
5.2210
4.4810
2.3010
3.1210
2.5450
3.4030
3.7830
2.8760
2.5240
3.2660
2.7930
2.5570
2.9450
3.7670
3.2990
2.9020
3.3070
3.2440
3.4420
3.3770
2.9890
4.4960
4.4090
4.9720
3.8940
4.0230
2.7280
2.5480
3.8940
3.3980
3.7740
4.7050
4.9400
6.1230
2.5600
2.3850
4.8060
9.3970
7.1190
6.5230
7.1230
6.2810
8.1970
5.3980
4.1560
4.3380
2.5050
1.5010
1.9180
2.9570
3.3920
1.4730
5.0830
4.5260
6.9330
6.0940
4.3570
2.1280
3.8900
3.4210
3.5250
4.5510
4.5670
4.0590
3.9540
3.0020
2.6570
2.6720
3.5700
3.2430
3.7840
4.9220
4.7350
5.6470
6.0520
6.0570
5.6460
5.3820
4.9060
4.1550
4.1090
4.6590
4.8090
5.1810
5.3600
4.9770
5.3390
5.3490
4.8630
5.2680
5.9550
7.3020
7.8600
7.0470
6.7480
5.9160
5.2210
4.8040
4.0290
5.5640
1.5830
1.7310
6.5650
4.9270
2.0700
2.0970
2.0560
4.1780
3.6520
3.0590
4.0670
4.1690
3.9040
3.6650
3.7530
3.3410
3.0860
3.7540
3.1530
2.9400
2.8040
2.9770
3.4320
3.5250
3.6640
3.8110
5.3410
5.1330
5.7990
5.2520
5.6500
5.5370
5.5850
4.9440
5.1910
5.2080
4.9340
