446.2500
455.5700
456.8300
454.5400
470.5300
456.7300
462.4100
461.1400
446.7100
413.5000
404.1000
427.5900
408.2600
436.9200
415.4100
448.1800
457.5200
477.7100
469.1100
476.1300
475.8200
496.6900
500.9900
515.1600
512.6900
507.1600
499.6900
484.0600
481.3000
487.6700
483.7200
478.1800
475.8300
481.7700
480.9700
484.4400
484.8000
463.7900
459.7000
441.0900
422.6500
416.0500
405.0800
396.8300
392.4000
382.4600
365.1800
353.7100
347.2600
337.2200
333.5300
332.1600
327.1000
304.8000
301.7200
287.4000
294.6900
298.1900
299.8300
302.5800
308.1100
311.7200
317.9900
325.6000
324.7300
320.2300
320.9500
323.9200
328.2700
334.1600
338.6200
346.3100
367.9500
373.2500
376.5800
383.2600
375.7100
397.1000
388.0600
371.4700
373.5600
503.9200
537.1400
506.1000
484.1700
452.6400
493.6400
475.0900
457.1600
430.8800
421.8300
445.0500
443.8400
420.3800
386.4000
351.5100
371.1600
389.3400
390.2100
413.6700
360.5700
398.6200
417.2500
361.4500
399.1300
448.0500
413.9200
386.9100
365.7500
368.7000
356.6800
379.4000
422.1200
443.8100
435.2900
414.5100
390.0500
375.9100
423.9800
432.7600
431.0500
395.0200
407.0600
422.9300
412.3300
405.8800
420.5900
415.0100
414.1300
446.4900
474.9100
498.8700
463.2600
399.9000
425.9000
417.9900
382.7800
415.0000
391.8400
358.6300
434.9000
450.1700
446.2500
411.2600
296.8300
297.6600
400.8000
428.5200
480.8600
399.5200
383.0100
392.4400
331.2200
438.0900
330.9800
279.8000
236.8000
239.1400
162.0100
190.7100
147.5600
163.0400
197.3600
235.3000
272.6100
331.1700
314.2300
283.7500
246.3400
316.8000
282.9900
288.9100
214.8000
236.2900
267.7900
247.4100
206.7800
316.6300
417.8800
417.3500
368.2200
376.2300
387.0900
332.6800
304.2700
445.6500
366.5400
382.6800
319.5100
321.1200
294.8200
304.5800
283.2900
273.1700
276.5800
286.7400
262.3700
255.5800
255.6100
272.2100
288.2100
296.1800
305.2000
305.3200
313.7300
319.9400
325.4700
367.4200
400.4800
421.4000
435.7700
439.0300
452.8700
470.4300
500.7100
508.9100
510.1800
513.3300
511.9000
505.4700
506.6100
511.0300
509.0200
505.5800
504.6200
502.6500
498.4900
494.1100
495.6500
496.6600
481.8700
454.9400
444.3300
473.3200
460.1700
509.5400
440.7000
462.9700
476.4900
438.9800
483.9200
492.9500
448.6700
506.3800
433.3700
421.1700
432.5800
464.9300
431.4200
421.5200
369.0400
376.2300
347.7300
309.2300
276.9500
301.1600
305.2200
315.7500
287.3300
304.0400
358.1300
348.0000
399.7800
379.4100
462.8400
445.8200
456.6100
433.3200
452.4000
443.8000
426.6800
395.4100
400.1900
315.2100
420.6600
472.3500
497.7200
487.6000
477.0400
430.6500
394.5100
331.4300
316.9300
317.6300
294.5900
267.8300
269.5600
247.5800
271.0200
274.8000
219.2900
262.2100
355.2100
348.1200
392.4000
340.6500
390.4500
258.7400
234.0100
310.5200
208.7100
233.8700
260.7000
308.3000
370.2700
405.2600
384.6700
383.0200
398.0500
380.4700
387.4500
389.9800
361.0900
330.0400
341.2200
350.0200
351.0700
352.7000
354.9200
365.0600
367.1300
369.7500
351.5600
342.2200
332.9700
275.5500
305.9000
275.9300
187.1000
195.0500
165.5400
175.4700
123.5100
112.7900
153.7700
122.5400
115.2300
152.0000
69.3350
98.1040
83.9930
107.7400
185.4100
188.3100
194.6200
116.8600
113.5800
128.9600
114.2700
84.6350
125.1900
145.2300
111.6200
59.5230
70.7990
64.6170
125.9500
129.8200
141.8300
145.5800
154.1100
152.1500
181.8700
208.1400
226.8200
205.2400
229.1500
185.4900
218.9700
200.8400
233.1200
206.6600
174.7400
169.9500
196.0400
184.3700
128.2800
