6.0471
5.9321
5.9756
5.9881
6.1325
6.3379
6.5665
6.6171
6.7237
6.9176
7.0739
7.1170
6.9452
6.7827
6.4043
6.2063
5.8828
5.9761
5.5060
5.3247
5.7264
6.2687
6.5283
6.9864
7.3249
7.3065
7.3640
7.3327
7.3919
7.4451
7.3740
7.2669
7.2604
7.4304
7.4655
7.4343
7.2791
6.6255
6.2460
6.0725
6.0355
5.8781
5.6468
5.6018
5.6813
5.7267
5.5479
5.3811
5.4490
5.4393
5.4677
5.5604
5.6000
5.4638
5.4025
5.2031
4.5725
3.4601
2.4067
1.4263
0.3324
1.3332
2.0199
2.3539
2.3503
2.6139
3.3768
4.5248
6.0208
6.6360
6.9192
7.2584
8.0350
8.1298
7.7684
7.3393
7.1130
6.9851
6.3280
5.5737
5.3924
4.9458
7.6349
2.7650
0.9805
2.6547
2.5848
4.3110
5.2564
6.5855
6.7658
6.3473
6.3978
6.6409
6.5493
7.2895
7.3204
7.6359
6.9118
6.2740
7.0044
6.9003
6.5395
7.1881
7.0343
7.2528
6.8213
6.9171
7.1143
7.1700
7.9382
8.7076
8.8758
8.7799
8.2139
8.1594
7.2031
5.6073
6.9396
5.3140
6.0704
7.7932
9.3665
8.6354
7.5961
8.8401
12.3135
12.3758
10.8588
12.0589
11.1307
6.5348
2.2386
2.5425
2.0995
4.2161
2.5827
5.5306
7.5416
9.3495
7.9776
4.4006
9.0131
9.9525
11.0031
8.4967
7.6892
8.3272
8.7344
8.6431
7.8694
6.7293
5.8256
4.6855
4.7705
4.5505
3.8744
2.6512
4.0955
4.6044
5.4150
6.5969
6.8052
5.5891
4.9351
2.9190
6.1910
6.1486
3.6311
4.2129
5.6003
5.2839
5.8634
5.5813
5.4397
6.7918
9.6049
6.4729
10.9991
4.8169
2.6759
1.5523
1.5706
0.8339
1.6123
5.5647
2.5958
2.4939
0.2300
1.9618
3.5006
3.6480
4.0188
4.4425
4.4826
5.1069
6.5607
8.0733
8.7493
9.3190
9.8276
10.3684
10.7871
11.2051
11.5495
11.6784
11.5450
11.2136
10.9741
10.7456
10.4841
9.6235
8.7604
8.7549
8.7416
8.9423
9.3359
9.3858
9.3308
9.3535
9.8622
10.3279
10.3375
10.4640
10.6915
10.8153
10.5059
10.6223
11.2194
10.5119
9.7149
9.1822
9.2694
10.7127
6.6922
10.6887
8.7996
8.7243
10.8184
6.3337
7.4850
6.3109
2.8513
4.1517
3.2388
4.6003
5.2022
3.7630
3.2048
4.3821
3.6317
3.2566
3.8736
5.1766
4.4346
3.8043
4.4480
4.3476
4.6608
4.5577
3.9420
6.3347
6.1959
7.0896
5.3788
5.5837
3.5290
3.2429
5.3788
4.5924
5.1876
6.6655
7.0378
8.9156
3.2619
2.9849
6.8253
14.1103
10.4967
9.5506
10.5032
9.1661
12.2068
7.7647
5.7942
6.0830
3.1750
1.5822
2.2434
3.8923
4.5824
1.5372
7.2655
6.3809
10.2003
8.8703
6.1127
2.5762
5.3729
4.6282
4.7937
6.4211
6.4466
5.6409
5.4743
3.9637
3.4163
3.4397
4.8648
4.3464
5.2037
7.0103
6.7130
8.1612
8.8032
8.8115
8.1595
7.7394
6.9847
5.7936
5.7206
6.5931
6.8314
7.4208
7.7044
7.0975
7.6724
7.6873
6.9167
7.5594
8.6491
10.7861
11.6714
10.3812
9.9068
8.5865
7.4837
6.8224
5.5932
8.0280
1.7120
1.9471
9.6168
7.0177
2.4851
2.5266
2.4623
5.8295
4.9942
4.0534
5.6526
5.8147
5.3941
5.0158
5.1550
4.5007
4.0961
5.1565
4.2024
3.8643
3.6488
3.9235
4.6453
4.7931
5.0137
5.2468
7.6747
7.3454
8.4017
7.5341
8.1652
7.9860
8.0621
7.0450
7.4362
7.4641
7.0293
