-2.2875
-2.3237
-2.3546
-2.4072
-2.4766
-2.5414
-2.6056
-2.6617
-2.6991
-2.7406
-2.7967
-2.8548
-2.9215
-3.0103
-3.1420
-3.3905
-3.5593
-3.4943
-3.4315
-3.1853
-2.8390
-2.5067
-2.1698
-1.7567
-1.4064
-1.0455
-0.7003
-0.3955
-0.0954
0.1942
0.4643
0.7157
0.9472
1.1701
1.3707
1.5508
1.7185
1.9097
2.1452
2.3869
2.5959
2.7343
2.8402
2.9414
3.0458
3.1655
3.3011
3.4342
3.5654
3.6943
3.8200
3.9478
4.0576
4.1319
4.1666
4.1231
3.9817
3.8315
3.5956
3.2676
2.4954
2.1104
1.8632
1.9778
2.3217
2.5574
2.6957
2.7257
2.6470
2.5378
2.2465
1.9443
1.6362
1.3955
1.3804
1.4505
1.6834
1.8999
1.1202
0.9608
1.6951
0.3796
-1.0965
0.2335
0.8947
0.9950
0.7835
0.5545
0.0082
-0.4149
-0.5953
-0.6301
-0.6012
-0.4878
-0.3706
-0.3266
-0.5530
-0.8477
-1.3210
-1.8339
-1.9781
-2.0489
-2.1123
-2.0396
-2.2781
-2.5190
-2.0904
-1.3075
-1.0564
-1.8514
-2.1806
-2.2858
-2.2485
-2.3901
-2.2785
-2.2892
-2.1129
-2.1313
-1.9618
-1.5861
-1.4393
-1.0829
-0.7365
-0.4449
0.0560
0.1853
-0.2912
0.2180
0.2476
0.3095
-0.1384
-0.2772
-0.0094
0.0637
-0.1247
-0.1786
-0.1625
-0.4774
-0.9500
-0.4373
-0.5925
-0.3188
-0.6643
-0.4309
-0.2827
0.1918
-0.8631
-1.7079
-2.0954
-1.7792
-1.9835
-1.2734
-0.8272
-1.1650
-1.1764
-0.6120
-0.0896
0.4818
0.7849
1.1775
1.3532
1.8312
2.1032
1.7296
1.5501
0.7664
0.3855
-0.0428
0.5966
0.7109
0.4852
0.5848
0.9336
0.9418
1.0557
1.5681
1.2751
-0.5589
-3.2382
-2.5806
-2.0772
-1.9532
-1.7611
-1.6244
-1.6414
-2.2438
-2.1978
-2.1491
-2.1403
-2.1628
-1.9467
-2.0088
-1.9525
-1.7955
-1.6711
-1.5433
-1.5053
-1.5972
-1.4838
-1.1499
-0.7720
-0.5653
-0.4407
-0.4749
-0.4809
-0.4816
-0.4919
-0.5158
-0.3055
-0.0644
0.1249
0.1524
0.4125
0.5703
0.7665
1.0464
1.3206
1.5861
1.8958
2.2413
2.6184
2.8666
3.0394
3.2343
3.5281
3.8031
3.9324
4.0885
4.1626
4.1299
4.3961
4.6456
4.8176
2.7158
1.8471
1.4838
0.7231
1.4020
0.7644
-0.1518
1.0802
1.1589
1.2424
1.7909
1.8930
1.7544
1.3380
0.7149
0.5905
0.7894
0.7427
0.4685
0.3627
0.0872
0.3622
0.9788
1.3957
1.5250
1.5444
1.4698
1.4759
1.5739
1.3667
1.2043
1.0757
0.9600
0.2959
-0.4694
-1.4987
-1.7127
-1.2371
-1.2222
-0.8930
-0.4644
-2.1507
-2.7164
-3.5344
-3.9627
-3.9261
-3.5137
-1.9549
0.5223
1.7479
4.6872
3.7815
2.4120
2.0888
1.7649
1.9782
2.3401
1.7948
-0.3610
-1.1403
-2.4780
-2.8770
-2.4231
-1.9006
-0.8243
-0.6615
-0.8187
-0.6791
-0.9886
-1.4731
-1.6899
-1.6967
-1.6007
-1.8761
-1.9652
-2.0344
-1.9325
-1.8775
-1.7781
-1.3754
-0.6787
-0.1083
0.3278
0.7628
1.1264
1.6051
2.1122
2.2951
2.4626
2.7208
3.0576
3.2201
3.4287
3.6639
3.9331
4.2133
4.4721
4.5281
3.8398
3.8090
3.7844
3.1172
3.3580
3.6567
4.0429
4.3409
3.7031
2.2758
2.7342
0.8731
-0.3821
0.0505
2.4141
2.8221
2.0102
2.0904
2.3926
2.4449
2.4818
2.7721
3.1868
3.2517
3.0434
2.3561
1.6470
1.9459
2.1195
2.0848
1.8788
1.8783
2.0221
1.9525
1.4102
0.1795
0.7144
0.4656
1.5058
1.7161
1.9456
2.0348
2.5979
2.8046
2.6253
2.3102
