3.5370
3.7568
3.7780
3.6803
3.7132
3.9372
4.2544
4.5453
4.9753
5.5089
5.9617
6.3014
6.2966
6.2366
5.8445
5.5064
5.0651
5.2287
4.6970
4.4274
4.9022
5.4042
5.6598
6.2330
6.6204
6.7386
7.0122
7.0828
7.1991
7.2989
7.2493
7.1597
7.1558
7.2533
7.2324
7.1355
6.9598
6.4166
6.0515
5.9060
5.7509
5.5111
5.2156
5.1588
5.1652
5.1557
4.9761
4.7353
4.7273
4.7067
4.6653
4.8013
4.8741
4.8030
4.6818
4.4523
4.0786
3.1649
2.2758
1.3717
-0.0744
-1.2968
-1.9416
-1.4760
-0.9541
-0.3055
0.4142
1.0760
2.0747
2.6498
2.3878
2.3221
3.1833
3.2862
3.3654
2.8950
1.9872
2.0316
1.6264
-0.6285
-1.2559
4.8006
5.8701
1.5346
-0.1856
-1.2110
-1.6613
-2.7602
-3.7527
-4.5197
-4.7159
-4.7935
-4.7858
-4.5637
-4.1825
-3.9060
-3.2306
-2.6675
-1.6750
-0.2533
-0.3499
0.5121
1.5872
1.9740
2.9045
3.9297
3.1915
4.3288
3.1055
1.9207
1.1471
1.6604
3.4184
4.8687
2.3649
1.2262
0.7676
1.6803
2.6270
1.6760
1.9223
4.0177
5.1372
5.5436
5.5097
6.8666
10.7772
11.2132
9.2125
10.5030
10.7201
6.3148
0.2854
-1.3201
-2.0317
-4.1776
-2.5354
-5.5106
-7.3779
-8.8907
-4.3204
-3.4322
-7.0097
-8.6339
-10.9996
-7.3603
-7.1461
-7.9194
-7.3391
-7.4427
-7.7827
-6.6757
-5.8159
-3.5405
-4.6469
-4.4666
-3.8738
-1.9011
-1.5979
-1.9355
-1.3691
-0.6635
-0.4361
-0.9882
-1.4430
2.2555
-0.0033
-1.1985
-1.9116
-3.2998
-5.3903
-5.2529
-5.1149
-3.8676
-2.5733
-1.5046
-1.0616
6.3866
7.2191
2.6109
1.0531
-0.2105
0.1876
0.1801
0.8858
4.4173
1.7544
1.4134
-0.0299
0.3297
0.7321
3.1465
3.4807
3.2230
2.8506
2.6549
2.8591
3.7576
4.9902
6.1578
6.9549
7.6514
8.2935
8.6994
9.0971
9.5077
9.7314
9.7232
9.8034
9.8208
9.7752
9.0184
8.1545
8.0114
7.9898
8.1868
8.5894
8.6353
8.6218
8.7169
9.3485
9.8842
9.9743
10.2222
10.5489
10.7547
10.4377
10.5544
11.1917
10.5025
9.7066
9.1379
9.2693
10.6915
6.6822
10.6850
8.2686
8.4624
10.7694
6.2285
7.2075
5.7168
2.8422
3.2726
2.7980
4.3922
4.3329
3.2133
0.4356
-0.4126
-2.2275
-3.0677
-3.2281
-4.3101
-3.6726
-2.8258
-2.9804
-2.5649
-2.3992
-2.1398
-1.7631
-1.6931
-1.9483
-2.6853
-2.3435
-2.5890
-2.3081
-3.1976
-3.9998
-4.0553
-4.8973
-5.9419
-5.3368
-4.7825
-2.4477
2.8021
5.0834
12.1119
9.2865
9.4168
10.5006
9.0299
12.0455
7.7252
5.7556
5.9565
3.0893
1.4849
1.8233
2.2907
0.1289
-0.6011
2.7594
3.2541
5.9749
6.3873
5.1906
2.0849
-4.7978
-4.3977
-4.5657
-5.7475
-6.1797
-5.6398
-5.2413
-3.5065
-1.9548
-2.4724
-1.1047
1.8061
4.0568
4.4459
2.5342
0.6108
-0.6864
-0.0357
-0.5514
0.0005
1.2275
3.4007
4.3819
5.3719
5.5937
6.5954
7.0398
6.2658
6.7345
6.6154
5.7256
5.2233
7.8185
10.7858
11.5166
10.3437
9.2743
8.0833
7.1056
6.1550
5.3666
7.8193
1.2969
0.6940
7.6556
7.0145
2.3377
2.4982
2.2071
-0.1977
1.6927
3.1187
2.1096
1.9988
2.7022
3.3959
4.0573
3.0497
1.2744
-0.3700
0.5342
1.3496
1.2598
0.1487
0.0175
0.6773
0.8268
-0.1437
-1.9305
-1.0804
-0.7976
-0.9200
-0.2908
-0.4455
-0.8042
-0.3142
-0.6516
-0.4721
0.0369
