4.9049
4.5910
4.6297
4.7236
4.8805
4.9667
5.0019
4.8090
4.5226
4.1839
3.8076
3.3082
2.9308
2.6666
2.6185
2.8632
2.9919
2.8938
2.8731
2.9582
2.9596
3.1767
3.2534
3.1559
3.1343
2.8241
2.2489
1.8980
1.6771
1.4685
1.3507
1.2435
1.2282
1.6123
1.8508
2.0864
2.1320
1.6506
1.5468
1.4121
1.8315
2.0446
2.1643
2.1834
2.3660
2.4928
2.4531
2.5561
2.7100
2.7263
2.8514
2.8045
2.7573
2.6046
2.6959
2.6924
2.0672
1.3985
0.7830
0.3909
-0.3239
-0.3091
0.5570
1.8336
2.1480
2.5960
3.3513
4.3950
5.6520
6.0840
6.4942
6.8769
7.3775
7.4361
7.0016
6.7442
6.8298
6.6831
6.1154
5.5381
5.2441
1.1899
-4.8819
-2.3001
0.9628
2.3624
1.9802
3.3115
3.6806
4.7896
4.8515
4.1605
4.2459
4.8243
5.0399
6.1547
6.5690
7.1548
6.7057
6.2688
6.9956
6.8813
6.3440
6.9118
6.4066
6.0959
6.0286
5.3952
6.4007
6.9080
7.8549
8.5478
8.1912
7.3063
7.8661
8.0668
7.1621
5.3496
6.4231
5.0428
5.7580
6.6777
7.8320
6.6211
5.2291
5.5676
5.9560
5.2370
5.7484
5.9250
2.9950
1.6813
2.2203
2.1729
-0.5291
-0.5685
-0.4922
-0.4699
-1.5629
-2.8928
-6.7064
-2.7541
-5.6656
-4.9505
0.2743
4.2450
2.8383
2.5738
-4.7356
-4.3943
-1.1649
-0.8474
0.3374
-3.0689
-1.0787
-0.8700
-0.0648
1.8478
3.7709
4.1779
5.2390
6.5634
6.7913
5.5010
4.7194
-1.8529
-6.1910
-6.0307
-3.0872
-2.6192
-1.5193
-0.5715
2.8664
4.0240
4.7926
6.6231
9.5460
1.0534
-8.2986
-4.0480
-2.4600
-1.5380
-1.5594
-0.8142
-1.3472
-3.3843
-1.9132
-2.0548
-0.2280
1.9339
3.4232
1.8459
2.0090
3.0575
3.4594
4.3625
5.9049
7.1456
7.1866
6.9947
6.9434
6.9971
6.8977
7.0623
7.1156
6.7814
6.2117
5.5860
4.9320
4.3612
3.7898
3.3588
3.2015
3.5307
3.5465
3.5975
3.6580
3.6776
3.5679
3.3917
3.1414
2.9945
2.7161
2.2363
1.7403
1.1430
1.1951
1.1990
0.7880
0.4437
0.4027
0.9008
0.0346
-0.6731
0.3664
-0.2802
-3.0105
-2.1217
-1.0289
1.1498
2.0189
2.6733
0.2280
2.5548
1.6312
-1.3680
-2.8791
-1.9582
-3.1751
-4.3627
-2.8683
1.0931
2.1409
2.8671
2.4856
2.5470
3.3018
3.5104
3.9958
4.0242
3.5257
6.1042
5.8816
6.5613
4.8414
4.9472
2.6696
0.5402
-3.5963
-2.1550
1.7110
3.0203
4.5879
7.5244
-2.1562
-1.0284
-4.5546
-7.2390
-4.8929
-1.5934
0.2339
-1.5742
1.9773
0.7818
-0.6682
1.2343
0.7328
0.5463
1.3071
3.1468
4.5806
-1.4148
-6.7211
-5.4888
-8.2671
-6.1550
-3.2285
-1.5133
2.4183
-1.4423
-1.4608
2.8631
1.8358
0.1130
1.5802
1.8481
2.8018
2.3914
4.7377
3.9534
3.2590
5.4202
6.2162
8.1383
8.7764
8.8114
8.1408
7.7394
6.8759
4.6905
3.6776
3.8226
3.9216
3.4013
3.1305
3.3338
3.6758
3.9155
3.8805
5.4646
3.6984
0.0783
1.8948
0.8808
3.4832
2.8963
2.3486
2.9429
1.5762
1.8184
-1.1175
-1.8192
-5.8202
-0.2114
0.8433
-0.3776
1.0916
5.8261
4.6986
2.5892
5.2442
5.4604
4.6685
3.6914
3.1799
3.3099
3.8928
5.1432
4.1683
3.6210
3.4244
3.9207
4.6452
4.7450
4.9451
5.2449
7.4280
7.2655
8.3638
7.4777
8.1601
7.9736
8.0219
7.0380
7.4076
7.4491
7.0292
