-0.0001
0.0003
0.0008
0.0002
0.0004
-0.0003
-0.0011
-0.0013
-0.0034
-0.0020
-0.0018
-0.0004
0.0010
0.0022
0.0047
0.0040
0.0042
0.0002
0.0022
-0.0001
-0.0002
0.0020
-0.0022
-0.0012
-0.0021
-0.0048
-0.0062
-0.0049
-0.0043
-0.0028
-0.0026
-0.0011
-0.0007
0.0001
-0.0062
-0.0082
-0.0109
-0.0088
-0.0061
0.0012
0.0060
0.0114
0.0219
0.0291
0.0333
0.0307
0.0258
0.0188
0.0109
0.0038
-0.0014
-0.0112
-0.0099
-0.0067
0.0124
0.0414
0.0289
0.0713
0.1003
0.1256
0.1495
0.0620
0.0608
0.0346
0.0198
0.0208
0.0172
0.0239
0.0218
0.0130
0.0129
0.0110
0.0083
-0.0118
-0.0037
-0.0093
-0.0064
-0.0035
-0.1035
-0.0526
-0.0283
0.2016
-0.1673
-0.0836
-0.0478
0.0118
-0.0542
-0.0547
-0.0263
-0.0222
-0.0070
-0.0044
-0.0150
-0.0109
-0.0192
-0.0135
-0.0054
0.0147
0.0400
0.0170
-0.0098
0.0079
-0.0196
-0.0330
0.0230
-0.0141
-0.0150
-0.0492
0.0051
-0.0247
-0.0053
0.0087
0.0363
-0.1035
-0.1087
-0.0397
-0.0066
0.0398
0.0098
0.0750
0.0280
0.0267
0.0460
0.0628
0.0585
0.0656
0.0215
-0.0160
0.0168
0.0192
-0.1095
-0.1705
-0.1171
-0.0458
0.3084
-0.1220
0.2030
0.0234
0.1577
0.1032
0.1225
-0.0677
-0.0988
-0.0871
-0.0144
0.0292
0.1170
0.0844
0.0376
-0.0170
-0.0701
-0.0022
0.0128
-0.0213
-0.0311
-0.0205
-0.0256
-0.0104
-0.0156
0.0017
-0.0047
-0.0295
0.0149
0.0443
0.0187
0.1246
-0.0544
-0.0312
-0.0094
-0.0044
0.0111
0.0057
0.0035
0.0044
-0.0059
-0.0075
0.0173
0.4135
-0.1509
-0.0409
-0.0229
-0.0062
-0.0133
-0.0049
0.0247
-0.0641
-0.0337
-0.0234
-0.0146
0.0117
0.0201
0.0562
-0.0015
-0.0015
-0.0014
-0.0072
-0.0020
0.0037
0.0177
0.0215
0.0139
0.0035
-0.0064
-0.0156
-0.0212
-0.0189
-0.0167
-0.0098
-0.0052
-0.0074
-0.0163
-0.0133
-0.0028
0.0001
-0.0046
0.0005
-0.0043
-0.0049
-0.0048
-0.0051
-0.0023
-0.0067
-0.0056
-0.0074
-0.0021
-0.0029
-0.0036
-0.0042
-0.0271
-0.0443
-0.0183
-0.0028
-0.0196
-0.2028
-0.0452
-0.0283
-0.0654
0.0852
-0.0594
-0.0276
-0.0201
0.0055
0.0119
0.0578
0.0904
0.0296
-0.0159
-0.0480
-0.0113
-0.0253
0.0252
-0.0032
0.0147
-0.0107
-0.0352
-0.0270
-0.0139
0.0138
0.0228
0.0237
-0.0014
0.0025
0.0037
0.0074
-0.0068
0.0426
0.1245
0.0887
0.0337
-0.0010
-0.0447
0.0185
-0.0280
0.0872
0.3885
0.1520
0.0740
-0.0716
-0.0423
-0.0265
-0.0399
-0.0649
-0.0487
-0.0196
0.0028
0.0658
0.0130
0.0134
-0.0035
0.0002
0.0305
0.2249
-0.0458
0.0459
-0.0174
-0.0733
-0.0746
-0.0781
-0.0778
0.0385
-0.0356
-0.0655
0.0198
0.0310
0.0010
0.0446
0.0141
0.0780
0.0798
-0.0322
-0.0238
0.0019
-0.0319
-0.0188
-0.0140
0.0096
0.0326
0.0327
0.0368
0.0405
0.0224
0.0110
0.0111
0.0148
-0.0163
-0.0056
-0.0004
0.0123
0.0142
0.0030
0.1203
0.0535
-0.0480
-0.0235
-0.0299
-0.0693
-0.0410
0.0142
0.0416
0.0069
-0.1777
0.0446
-0.2107
-0.0269
-0.2547
-0.0917
-0.0311
0.0264
-0.0247
-0.0493
0.0110
-0.0164
-0.0442
-0.0346
-0.0206
0.0405
0.0837
0.0050
-0.0218
-0.0120
0.0001
0.0168
-0.0101
0.0124
0.0110
0.0230
-0.0193
-0.0028
-0.0185
-0.0153
-0.0093
0.0052
0.0130
-0.0060
0.0020
-0.0098
0.0035
