1.7630
1.8040
1.8630
1.8920
2.0440
2.0800
2.0700
2.1270
2.1840
2.1720
2.2630
2.3250
2.3930
2.4350
2.5250
2.5760
2.6540
2.6640
2.6430
2.5890
2.4460
2.3030
2.2170
2.1440
2.1620
2.2340
2.1480
2.1220
2.1500
2.2220
2.2430
2.2020
2.1910
2.2100
2.2680
2.3780
2.5120
2.6770
2.8500
3.0180
3.2990
3.6040
3.7900
4.0110
4.2270
4.1860
4.1250
4.1930
4.0210
3.8620
4.0480
3.8650
3.9670
3.7980
4.1180
5.2260
6.6880
6.5680
6.2550
6.4670
6.3210
6.0020
6.2500
6.4160
6.5600
6.7150
7.1680
7.1650
6.8710
6.6290
7.1850
7.8120
8.2780
8.1810
8.1030
7.9750
7.8290
7.6150
7.8520
8.4030
8.2140
8.4320
8.5570
8.4430
8.7770
8.8330
8.8530
8.8460
8.9430
8.9500
8.8570
8.8940
8.9630
9.2850
9.4290
9.0460
9.0080
9.0800
8.8570
8.6090
8.3970
8.2130
7.9100
7.7830
8.1620
8.5050
8.5330
8.3630
8.0100
7.4800
7.1420
6.8790
7.3310
7.2050
6.8900
7.2200
7.3330
7.5010
7.1610
6.9360
7.1350
7.0540
7.1190
6.9030
6.1660
5.9110
5.7150
5.7750
5.7630
5.7140
5.8680
5.8010
5.5400
5.5670
5.3700
5.2850
5.1860
5.0880
5.3960
5.5900
6.1670
6.1580
6.2200
5.3740
4.5820
4.4940
4.5120
4.4200
4.5580
4.4570
4.3210
4.1290
3.8570
3.7130
3.7510
3.8390
3.7980
3.6590
3.4780
3.3130
2.9590
2.9190
2.9220
2.8420
2.8370
3.1150
3.4240
3.4270
3.1560
2.8730
2.4350
2.1250
1.8860
2.3090
2.8130
2.7470
2.3790
2.0480
1.9450
1.7840
1.7800
1.6640
1.7020
2.0870
2.1750
2.4240
2.8660
3.1920
3.2280
3.2660
3.4800
3.9230
4.1780
4.4240
4.6030
4.7550
5.1290
5.3420
5.2080
5.2040
5.4590
5.6040
5.6880
5.9430
6.1870
6.5480
6.7430
6.8310
6.6110
6.1860
5.5420
5.3060
4.6210
4.0820
3.7300
3.4810
3.5520
3.7530
3.7850
3.8240
3.7440
3.7170
3.7240
3.6800
3.6760
3.6770
3.6940
3.6850
3.6290
3.5730
3.5570
3.5330
3.5340
3.5080
3.4390
3.3520
3.2600
3.1340
3.0400
2.9430
2.8670
2.8110
2.6920
2.5700
2.4440
2.2970
2.1260
1.9480
1.8570
1.7920
1.7140
1.7350
1.9000
2.1390
2.3540
2.5200
2.6300
2.8570
3.1230
3.3910
3.6400
3.8740
4.2240
4.4270
4.4260
4.4300
4.7170
4.9930
5.1520
5.0390
5.0760
5.2120
5.4940
5.7000
5.7940
5.9070
6.0290
6.1650
6.2410
6.1360
6.0440
5.9690
5.8510
5.7350
5.6940
5.6640
5.6610
5.7670
5.8940
5.8570
5.6760
5.5740
5.5300
5.5230
5.5390
5.4880
5.4530
5.5190
5.2580
4.9910
4.9400
4.8550
4.7930
4.7630
4.7360
4.8140
4.7940
4.6290
4.4640
4.2200
3.6510
3.2880
2.9930
3.0900
3.2870
3.3960
3.5920
3.2600
3.0960
3.2410
3.2520
2.8810
2.7180
2.7420
2.6850
2.5420
2.5390
2.5120
2.5650
2.7470
3.0700
3.5030
3.6460
3.5270
3.5860
3.7710
3.8120
3.7680
3.3230
3.4420
3.5340
3.6930
4.7440
6.4880
5.8500
5.8900
6.3610
6.8290
6.5540
6.4030
6.3280
6.0330
5.5940
5.6930
5.7040
5.7820
5.4650
5.1470
5.1320
5.3100
5.2160
5.5770
5.9730
6.4620
6.8050
6.7950
6.8010
6.2630
6.1340
5.8050
6.0530
6.0950
5.9750
5.8750
5.9660
5.8080
5.5690
