525.3100
533.9000
575.7600
546.9900
562.5000
567.1900
557.6500
552.3900
572.9400
589.5500
578.9100
590.7700
599.7000
586.8700
604.3600
615.9100
615.4000
618.1700
618.0500
612.2700
605.2900
621.3000
628.5600
621.0000
613.4200
599.9900
590.3400
591.8200
593.9900
582.5000
572.6400
565.3200
555.4000
552.3400
548.2900
542.1500
537.2000
521.2700
501.2500
470.8400
438.5800
408.8700
388.3100
362.8000
330.1700
306.4600
281.0900
264.4000
248.1900
219.6500
198.9500
167.6200
161.2900
155.2900
135.6100
86.9250
66.9310
66.4220
85.0900
50.7180
57.4520
62.8200
23.5360
14.0130
15.6210
11.7480
-10.7080
-4.5871
26.1870
58.4530
24.6480
-10.3830
-20.2100
-27.3420
-43.8410
-16.5100
4.4914
35.8020
26.5970
-23.0760
-4.2684
-18.8160
-26.0990
-19.4370
-50.2100
-55.2330
-46.3570
-65.3510
-125.0800
-116.4600
-124.5800
-114.9600
-111.4800
-130.5100
-146.2400
-158.7400
-154.4800
-124.3000
-98.8530
-73.9700
-75.2080
-73.2540
-71.4800
-57.5760
-30.3610
-17.6390
-12.6580
-9.3189
0.9600
13.8660
31.7310
64.5070
90.9620
90.4370
114.9000
133.6100
160.2000
181.3900
207.4700
227.8500
233.9700
242.6500
257.5700
269.1700
285.9300
313.7600
329.3600
339.7200
358.3700
388.6200
411.8700
429.5000
446.3400
459.4500
460.7000
455.2200
444.8800
461.6200
465.0700
504.1900
513.1200
505.0600
496.0600
490.1200
501.0800
517.0200
528.4600
518.3800
503.1000
499.8700
487.5800
490.5900
499.9600
501.8600
502.7500
498.4200
498.0700
497.2000
497.6800
516.5500
550.2200
559.2400
578.4100
574.3900
590.0000
588.4800
594.6400
601.0700
615.8700
637.2800
675.3500
679.7400
709.5500
732.4200
750.1500
770.3200
771.1500
760.0300
759.2300
753.1900
772.4500
780.7200
781.3400
758.7000
716.6400
721.2200
725.6400
743.3700
744.5200
733.9000
707.9100
701.2200
705.2800
703.9400
707.9600
731.0100
741.1200
752.6700
766.1900
775.2000
782.0400
790.2700
799.4100
804.7900
801.1900
806.2400
804.3000
831.6600
856.8400
865.1900
872.3400
874.1000
882.2100
896.1800
912.0900
919.9100
916.0300
910.7800
912.7700
909.2900
914.1200
919.1300
923.8800
934.1800
939.8200
947.8200
956.2800
971.3900
988.5000
998.9100
1008.7000
991.2700
971.1200
966.6400
962.5400
968.4100
962.8300
955.6500
939.7800
930.9400
927.7800
923.1200
922.9600
920.8300
910.9300
904.9100
899.2400
902.1400
898.3300
894.1200
885.4200
884.4500
876.9000
870.5600
866.7500
885.7400
893.6600
902.8000
914.7300
916.3600
922.8900
936.4800
958.5800
971.8200
984.4000
991.6800
1010.0000
1005.7000
1011.4000
1019.8000
1033.0000
1043.1000
1042.8000
1051.0000
1055.1000
1068.1000
1079.6000
1092.2000
1107.1000
1077.5000
1048.7000
1039.4000
1038.6000
1053.2000
1054.0000
1045.2000
1028.5000
1021.0000
1027.5000
1030.3000
1034.0000
1049.6000
1047.4000
1041.5000
1037.6000
1037.6000
1037.8000
1038.4000
1043.2000
1039.1000
1036.1000
1038.1000
1038.5000
1070.9000
1099.9000
1106.8000
1105.7000
1095.4000
1095.5000
1105.8000
1124.6000
1131.7000
1125.2000
1126.7000
1130.9000
1113.5000
1111.1000
1096.8000
1089.9000
1093.0000
1085.7000
1072.8000
1063.8000
1064.6000
1063.0000
1057.2000
1051.0000
1027.1000
1001.4000
985.0200
980.1200
978.3000
971.0800
953.6100
931.9000
914.4400
911.4000
899.8700
892.2000
888.9100
872.7600
888.0900
891.5500
884.3200
880.4300
903.3500
919.2900
918.4100
954.0600
966.7700
973.9500
976.3100
994.6200
1006.7000
1008.8000
1019.7000
1019.9000
1030.3000
1057.7000
1061.8000
1067.7000
1077.2000
1085.2000
1066.3000
1052.5000
1051.7000
1046.5000
1086.6000
1096.6000
1098.1000
1083.7000
1075.4000
1087.1000
1087.8000
1088.1000
1051.4000
1011.9000
