1.9972
2.0616
2.1557
2.2017
2.4437
2.5003
2.4847
2.5742
2.6656
2.6459
2.7909
2.8884
2.9968
3.0631
3.2064
3.2878
3.4108
3.4278
3.3937
3.3078
3.0815
2.8539
2.7177
2.6024
2.6302
2.7447
2.6084
2.5674
2.6121
2.7257
2.7593
2.6945
2.6772
2.7072
2.7984
2.9733
3.1853
3.4483
3.7226
3.9886
4.4341
4.9190
5.2136
5.5647
5.9074
5.8419
5.7456
5.8536
5.5808
5.3281
5.6225
5.3321
5.4950
5.2258
5.7342
7.4925
9.8122
9.6219
9.1257
9.4609
9.2307
8.7232
9.1168
9.3810
9.6096
9.8555
10.5745
10.5686
10.1032
9.7181
10.6002
11.5953
12.3353
12.1820
12.0569
11.8548
11.6221
11.2829
11.6594
12.5336
12.2343
12.5797
12.7781
12.5964
13.1278
13.2166
13.2470
13.2360
13.3908
13.4022
13.2535
13.3121
13.4220
13.9330
14.1624
13.5546
13.4935
13.6077
13.2540
12.8601
12.5240
12.2319
11.7514
11.5492
12.1507
12.6955
12.7407
12.4709
11.9100
11.0685
10.5323
10.1148
10.8328
10.6327
10.1335
10.6570
10.8359
11.1024
10.5630
10.2059
10.5213
10.3934
10.4966
10.1535
8.9842
8.5801
8.2681
8.3632
8.3444
8.2669
8.5112
8.4048
7.9908
8.0338
7.7216
7.5855
7.4285
7.2734
7.7627
8.0692
8.9857
8.9706
9.0703
7.7276
6.4712
6.3304
6.3599
6.2133
6.4322
6.2729
6.0560
5.7516
5.3193
5.0914
5.1526
5.2914
5.2258
5.0056
4.7180
4.4570
3.8951
3.8318
3.8371
3.7101
3.7008
4.1434
4.6330
4.6382
4.2083
3.7583
3.0644
2.5712
2.1922
2.8641
3.6636
3.5588
2.9743
2.4494
2.2867
2.0305
2.0249
1.8397
1.9004
2.5114
2.6503
3.0468
3.7478
4.2647
4.3213
4.3822
4.7220
5.4252
5.8302
6.2193
6.5046
6.7453
7.3382
7.6771
7.4634
7.4582
7.8624
8.0921
8.2256
8.6297
9.0166
9.5896
9.8994
10.0389
9.6902
9.0157
7.9931
7.6188
6.5327
5.6767
5.1183
4.7231
4.8358
5.1544
5.2054
5.2679
5.1402
5.0981
5.1086
5.0388
5.0330
5.0346
5.0608
5.0465
4.9583
4.8687
4.8439
4.8056
4.8072
4.7668
4.6571
4.5185
4.3723
4.1721
4.0242
3.8705
3.7495
3.6598
3.4715
3.2782
3.0784
2.8441
2.5730
2.2914
2.1463
2.0441
1.9197
1.9529
2.2153
2.5943
2.9353
3.1988
3.3736
3.7336
4.1546
4.5802
4.9762
5.3470
5.9021
6.2249
6.2236
6.2285
6.6841
7.1229
7.3749
7.1950
7.2539
7.4701
7.9181
8.2443
8.3943
8.5724
8.7659
8.9826
9.1035
8.9367
8.7898
8.6717
8.4840
8.2999
8.2345
8.1872
8.1831
8.3515
8.5516
8.4931
8.2069
8.0443
7.9755
7.9644
7.9886
7.9083
7.8520
7.9581
7.5433
7.1194
7.0385
6.9041
6.8048
6.7573
6.7153
6.8380
6.8072
6.5457
6.2834
5.8963
4.9934
4.4165
3.9497
4.1035
4.4153
4.5890
4.8989
4.3724
4.1130
4.3431
4.3593
3.7715
3.5132
3.5512
3.4610
3.2331
3.2280
3.1860
3.2700
3.5595
4.0718
4.7577
4.9851
4.7957
4.8895
5.1828
5.2482
5.1789
4.4734
4.6621
4.8080
5.0601
6.7269
9.4952
8.4829
8.5467
9.2938
10.0355
9.5989
9.3603
9.2411
8.7730
8.0762
8.2329
8.2512
8.3739
7.8712
7.3667
7.3435
7.6252
7.4759
8.0486
8.6775
9.4532
9.9980
9.9822
9.9911
9.1377
8.9339
8.4109
8.8050
8.8720
8.6816
8.5222
8.6662
8.4161
8.0367
