-1.3045
-1.3293
-1.3787
-1.4316
-1.4662
-1.4794
-1.4835
-1.4845
-1.4683
-1.4697
-1.4872
-1.5176
-1.5535
-1.5974
-1.6533
-1.6953
-1.7305
-1.7817
-1.8347
-1.9063
-1.8552
-1.6912
-1.4340
-1.1182
-0.7968
-0.4391
-0.0932
0.1984
0.4611
0.7010
0.9168
1.1028
1.2702
1.3915
1.4365
1.4337
1.4884
1.6371
1.7620
1.9041
2.0478
2.2877
2.5312
2.7748
2.9734
3.0151
3.0373
3.3469
3.6653
4.0346
4.0572
3.9043
3.8153
3.9943
4.3130
5.1947
5.2885
4.9390
4.7350
4.4615
4.2185
3.9723
3.7297
3.4389
3.1411
2.9771
2.8593
2.8382
2.7089
2.6326
2.4262
2.0522
1.8828
2.0029
2.1156
2.0468
1.9168
1.8325
1.8501
1.9517
1.9295
1.9409
1.9869
2.0085
2.0682
2.0017
1.9431
1.9598
1.9875
1.9435
1.9491
1.9689
1.9742
1.9896
2.1162
1.9743
1.8377
1.7614
1.6284
1.4523
1.3069
1.1871
0.8559
0.5318
0.5217
0.4922
0.3771
0.2128
-0.0053
-0.2598
-0.6548
-0.6799
-0.5735
-0.6987
-0.7583
-0.8446
-0.8988
-0.7785
-0.6897
-0.6658
-0.6507
-0.5168
-0.4131
-0.4506
-0.5129
-0.5801
-0.6901
-0.8733
-0.9793
-0.9539
-1.2895
-1.6814
-1.6970
-1.6027
-1.7495
-1.9107
-2.0319
-2.1180
-2.1644
-2.1497
-2.1247
-2.1526
-2.4244
-2.5979
-2.5827
-2.7017
-2.6276
-2.5630
-2.6109
-2.7677
-2.9288
-3.1078
-3.1557
-3.1864
-3.1799
-3.2113
-3.2673
-3.2839
-3.3155
-3.4020
-3.4935
-3.5837
-3.6413
-3.6821
-3.6779
-3.6383
-3.5760
-3.5485
-3.5679
-3.5944
-3.6228
-3.6640
-3.7972
-3.9911
-4.0691
-4.0981
-4.0918
-3.9618
-3.7454
-3.6044
-3.5205
-3.3911
-3.3260
-3.3444
-3.2588
-3.2091
-3.3219
-3.3751
-3.3739
-3.2985
-3.4530
-3.5622
-3.4682
-3.3810
-3.1545
-2.9021
-2.8049
-3.0189
-3.3554
-3.6506
-3.4166
-3.3353
-3.5090
-3.4583
-3.4577
-3.2533
-3.2505
-3.2982
-3.5532
-3.8793
-4.1617
-4.2097
-4.1299
-3.7910
-3.3667
-2.8881
-2.3277
-1.7715
-1.2764
-0.8162
-0.5256
-0.2190
0.0563
0.2632
0.4400
0.6298
0.7978
0.9087
0.9891
1.0716
1.1561
1.2322
1.2980
1.3411
1.3698
1.3807
1.3808
1.3758
1.3522
1.3172
1.2737
1.2131
1.1133
0.9804
0.8394
0.7260
0.6396
0.5778
0.5597
0.5130
0.5756
0.7523
0.8306
0.8755
0.8889
0.8703
0.9136
1.1677
1.4439
1.3788
1.2786
1.2434
1.0423
0.8637
0.7610
0.6022
0.2303
-0.1419
-0.0627
-0.2448
-0.6028
-1.0685
-1.0877
-0.7881
-0.5751
-0.3398
-0.1533
-0.0320
-0.0418
-0.2508
-0.6002
-0.9345
-1.1077
-1.2572
-1.4256
-1.5207
-1.6632
-1.9458
-2.2895
-2.6323
-3.0360
-3.3079
-3.2740
-3.1196
-2.9941
-3.0219
-2.9458
-2.8278
-3.0633
-3.1036
-3.0256
-3.0185
-3.0354
-3.0661
-3.0754
-3.0714
-3.2502
-3.2987
-3.1749
-3.3249
-3.5054
-3.2189
-2.7646
-2.1661
-1.6679
-1.2315
-0.8958
-0.5665
-0.2302
0.0473
0.3276
0.6285
0.9053
1.1392
1.3628
1.5386
1.6297
1.6117
1.6065
1.6864
1.7899
1.8002
1.4511
1.0699
0.8760
0.7405
0.7785
0.8396
0.9563
0.9213
0.6754
0.9319
0.4520
-0.4129
-0.3722
-0.4791
-0.8822
-1.5335
-2.2220
-2.7559
-3.2427
-3.6644
-4.1145
-4.5617
-4.9957
-5.4101
-5.7278
-5.9591
-6.2936
-6.6193
-6.8538
-7.0647
-7.1886
-7.2257
-7.2569
-7.3759
-7.4937
-7.6552
-7.8020
-7.9279
-8.0228
-8.0211
-8.0543
-8.0727
-8.0648
-8.0787
-8.0952
