-1.3487
-1.4960
-1.6615
-1.8369
-2.0542
-2.0893
-2.0772
-2.0990
-2.1404
-2.0849
-2.1949
-2.2607
-2.3577
-2.3618
-2.4125
-2.4353
-2.4490
-2.4099
-2.2733
-2.1559
-1.8901
-1.5868
-1.3378
-1.1583
-1.1141
-1.1178
-1.1120
-1.2457
-1.3780
-1.4702
-1.5995
-1.7165
-1.8213
-1.9831
-2.2342
-2.5971
-2.8949
-3.1712
-3.4213
-3.6995
-4.0949
-4.4706
-4.7214
-5.0711
-5.3322
-5.2892
-5.1867
-5.0015
-4.3348
-3.8149
-3.8268
-3.9188
-4.1015
-3.3501
-3.0868
-1.9363
-2.5163
-2.9669
-4.1126
-4.4249
-4.2180
-4.2144
-4.7673
-4.6066
-4.3909
-4.1661
-4.1282
-3.6883
-3.1126
-2.6096
-3.0367
-3.3975
-3.1595
-2.0414
-1.5112
-0.9919
-0.4953
0.3599
0.6776
0.0890
1.0191
1.8802
2.8470
3.8042
4.0171
4.5597
5.5822
6.5605
6.8673
8.0230
8.0150
8.2325
8.8095
9.6000
10.0790
9.7880
9.9360
10.6615
10.8961
10.8902
10.6250
10.3251
9.8895
10.2776
11.4116
12.1083
12.2533
12.1090
11.6203
10.8416
10.4847
10.0132
10.7127
10.5074
10.0475
10.6144
10.7852
11.0661
10.5621
10.1843
10.3869
10.1688
9.4203
8.7052
7.3633
6.6863
5.4579
4.3583
3.9721
3.9971
3.9416
3.3727
2.5166
1.8395
0.7315
0.1571
-0.3973
-0.4678
-0.7693
-0.0139
0.2583
0.0686
-0.3359
-0.1457
-0.9999
-1.3909
-1.2178
-1.5694
-2.0376
-2.3205
-2.8305
-2.9002
-2.6605
-2.4926
-2.2388
-2.2596
-2.2573
-2.1925
-2.1327
-2.1100
-2.1635
-2.3363
-2.3924
-2.4425
-2.4615
-2.7976
-3.0696
-3.1013
-3.0013
-2.7788
-2.5091
-2.3974
-2.1693
-2.1461
-2.0370
-1.5653
-1.2526
-1.1146
-0.9364
-0.6851
-0.1780
0.2974
0.4769
0.9636
1.2804
1.6398
2.0037
2.4640
2.9303
3.2706
3.7257
4.3547
4.7562
5.2661
5.5841
5.9890
6.7084
7.3092
7.3267
7.4132
7.8188
8.0726
8.2255
8.5883
8.8941
9.3995
9.6800
9.7748
9.3771
8.6482
7.5558
7.0211
5.8759
4.9873
4.4159
4.0140
3.9483
3.9395
3.6924
3.4378
3.0698
2.7671
2.4715
2.1826
2.0240
1.9519
1.8868
1.8009
1.6424
1.3907
1.1573
0.9826
0.8219
0.6431
0.4287
0.1383
-0.1375
-0.3705
-0.6485
-0.9169
-1.1762
-1.4143
-1.5936
-1.7887
-2.0054
-2.1065
-2.0947
-2.0366
-2.0057
-1.9942
-1.9174
-1.9099
-1.9673
-1.9270
-1.7029
-1.5158
-1.5079
-1.5634
-1.5794
-1.4193
-1.3161
-1.2587
-1.0424
-0.6740
-0.4052
-0.2643
-0.0239
-0.0577
0.2166
0.5354
0.5850
0.6881
0.7861
0.9371
1.0793
1.3618
1.6392
1.9637
2.2579
2.4476
2.5897
2.7612
2.9479
3.1159
3.2789
3.4174
3.4730
3.5453
3.6806
3.8019
3.8883
4.0060
4.0699
4.0776
4.1335
4.1475
4.0920
4.0798
3.9798
3.7912
3.7017
3.6182
3.5641
3.4933
3.4690
3.5115
3.4596
3.2130
3.0226
2.8277
2.3984
2.0645
1.8141
1.9875
2.2194
2.2504
2.2378
1.6027
1.2756
1.3957
1.4217
0.6711
0.1036
-0.0332
-0.4267
-0.9188
-1.5682
-2.1319
-2.5155
-2.7591
-2.6774
-2.5371
-3.2569
-3.8982
-4.4010
-4.9033
-4.9952
-4.9505
-4.2277
-4.2722
-4.4775
-3.9760
-1.8270
-0.0017
-0.7200
-0.0622
0.6753
0.2694
0.7219
0.0254
-0.1760
-1.1822
-1.1376
-1.4682
-1.4992
-1.1686
-1.2521
-1.7253
-1.2255
-1.6194
-1.7234
-1.3175
-1.2657
-1.6117
-1.7732
-1.6697
-1.6795
-1.1891
-1.3586
-1.7640
-2.3381
-2.7470
-2.5920
-3.0278
-3.5728
-3.8199
-4.0469
