1.4729
1.4186
1.3735
1.2138
1.3235
1.3734
1.3633
1.4901
1.5887
1.6291
1.7237
1.7978
1.8499
1.9506
2.1120
2.2089
2.3740
2.4376
2.5198
2.5087
2.4338
2.3721
2.3657
2.3305
2.3826
2.5067
2.3596
2.2449
2.2190
2.2952
2.2484
2.0770
1.9622
1.8428
1.6851
1.4476
1.3288
1.3543
1.4672
1.4907
1.7007
2.0520
2.2113
2.2913
2.5426
2.4804
2.4718
3.0414
3.5149
3.7195
4.1193
3.6159
3.6569
4.0107
4.8325
7.2380
9.4840
9.1531
8.1465
8.3624
8.2106
7.6377
7.7710
8.1721
8.5478
8.9316
9.7355
9.9042
9.6118
9.3612
10.1559
11.0864
11.9238
12.0098
11.9619
11.8133
11.6115
11.2772
11.6397
12.5332
12.1918
12.4384
12.4569
12.0083
12.4980
12.4052
12.0135
11.4957
11.4958
10.7355
10.5554
10.4613
10.1264
10.0979
9.9493
9.3767
9.1296
8.4558
7.5460
6.8400
6.6303
6.5583
6.3477
5.2683
4.1732
3.8163
3.4902
2.9827
2.6108
2.2296
1.0005
1.4301
1.6085
1.6275
1.3170
0.9519
1.0469
0.8977
0.1426
-0.6642
-1.6762
-2.1490
-4.6299
-5.2263
-5.1476
-5.3769
-6.2107
-7.1378
-7.3384
-7.2363
-7.5435
-7.6984
-7.5842
-7.8203
-7.6869
-7.5839
-7.4179
-7.2584
-7.7245
-8.0692
-8.9820
-8.9704
-9.0641
-7.7262
-6.3935
-6.1757
-6.2423
-6.0119
-6.1009
-5.8279
-5.3538
-4.9669
-4.6062
-4.4395
-4.6408
-4.7847
-4.7131
-4.4998
-4.2084
-3.9259
-3.2390
-3.0373
-2.9999
-2.7927
-2.7635
-3.0564
-3.4702
-3.4488
-2.9500
-2.5305
-1.7591
-0.9294
0.3162
1.8966
3.0452
3.1960
2.6976
2.1811
2.0861
1.9114
2.0171
1.8155
1.8395
2.3191
2.3204
2.5679
3.1672
3.4809
3.1760
2.9167
2.9011
3.2357
3.3719
3.3087
3.3358
3.1035
2.9742
2.3483
1.4218
0.8181
0.8274
0.5615
0.0401
-0.8443
-1.4811
-1.9001
-2.0727
-2.2875
-2.4433
-2.5475
-2.6077
-2.9582
-2.8549
-2.7114
-2.5878
-2.4890
-2.7920
-3.3239
-3.6691
-3.9916
-4.1228
-4.2818
-4.4709
-4.5415
-4.6080
-4.6409
-4.6959
-4.7142
-4.6784
-4.6659
-4.7036
-4.7041
-4.7365
-4.7232
-4.6374
-4.5164
-4.3701
-4.1556
-3.9716
-3.7604
-3.5603
-3.3755
-3.0841
-2.7472
-2.3356
-1.9109
-1.4941
-1.0500
-0.7641
-0.4489
-0.0941
0.4077
1.0185
1.7370
2.3908
2.8168
3.0179
3.3905
3.8427
4.3548
4.7990
5.1967
5.8093
6.1883
6.2104
6.2229
6.6841
7.1227
7.3717
7.1750
7.2303
7.4384
7.8790
8.1909
8.3247
8.4635
8.6113
8.7653
8.8191
8.5950
8.3997
8.2203
7.9554
7.6928
7.5535
7.4398
7.4096
7.5617
7.7190
7.5946
7.2273
6.9758
6.8589
6.8414
6.8361
6.7334
6.7014
6.8328
6.4080
6.0260
5.9865
5.8801
5.7967
5.7843
5.7499
5.8676
5.8625
5.7029
5.5087
5.1741
4.3797
3.9042
3.5085
3.5900
3.8169
3.9993
4.3579
4.0681
3.9102
4.1127
4.1210
3.7113
3.5117
3.5511
3.4345
3.0998
2.8214
2.3677
2.0892
2.2489
3.0677
4.0248
3.7741
2.7933
2.1303
1.6790
1.6100
1.5212
1.4620
1.8664
1.7519
3.1300
6.4740
9.4952
8.4523
8.5464
9.2692
10.0319
9.5718
9.3602
9.2394
8.6930
7.9957
8.1009
8.1139
8.2919
7.7710
7.1618
7.2405
7.4512
7.2745
7.9400
8.5847
9.3148
9.8396
9.8416
9.8489
9.0600
8.8300
8.2238
8.4890
8.4360
8.2857
7.9662
7.8955
7.4993
6.9434
