2.9770
2.8450
2.6490
2.4770
2.5520
2.5770
2.6800
2.7250
2.6660
2.5460
2.4530
2.2690
2.2130
2.1450
2.2310
2.3690
2.7040
3.0220
3.1920
3.1340
3.1020
3.1440
3.3980
3.7440
4.0090
4.1930
4.2940
4.3170
4.2400
4.3170
4.3180
4.2860
4.2610
4.2040
4.2190
4.1370
4.0420
4.0020
3.9460
3.9360
3.8370
3.7980
3.7710
3.9670
3.7960
3.7140
3.6760
2.8960
2.8250
2.4400
2.8240
2.8490
4.7600
6.6990
7.1910
7.7650
9.1880
9.3370
11.0260
11.7230
11.6480
9.8340
8.9450
8.8620
8.7030
7.9370
7.9010
9.0120
8.5960
7.7460
7.4880
6.6760
4.5950
4.3790
6.1160
7.6360
7.6590
7.9620
10.0080
12.3190
9.3210
6.2240
4.9270
9.3520
9.1860
9.2260
9.0640
7.7450
5.7150
2.4550
1.0070
2.3570
4.1800
5.0670
4.5790
4.2310
3.9800
3.6980
3.9410
3.7040
3.4060
3.3810
3.2560
3.4230
3.4530
3.6230
3.8330
3.9260
4.1440
4.5910
4.8750
4.9040
4.7950
4.5220
4.4140
4.1340
3.5710
3.2150
3.1300
3.2940
3.2740
3.1850
3.2320
3.2260
3.2000
3.1550
3.0910
3.0390
2.9480
2.8830
2.8230
2.7050
2.6250
2.4900
2.3530
2.2370
2.0630
1.8940
1.7210
1.6930
1.9000
2.3740
2.8740
3.7020
4.3740
4.6770
5.2960
5.8950
6.1040
6.2140
6.5760
6.4830
6.0950
6.1650
6.2100
6.6260
6.6000
6.2530
5.8490
5.7930
5.7340
6.0440
5.9730
6.1550
6.2760
6.3290
6.5450
6.6960
6.8730
7.0170
6.9730
6.7680
6.7030
6.5370
6.4310
6.3360
6.2490
6.3390
6.3870
6.5280
6.5820
6.4980
6.2880
6.3510
6.4250
6.3680
6.2200
6.2340
6.2630
6.3100
6.3020
6.3220
6.3120
6.3280
6.3100
6.3450
6.3970
6.4830
6.4930
6.4400
6.3960
6.4050
6.3960
6.2990
6.2160
6.2230
6.0900
5.8770
5.4680
5.1400
4.9590
4.4120
4.2540
4.2720
4.6260
5.0080
5.2620
5.0950
4.8600
4.6620
4.4870
4.4820
4.5880
4.7100
4.7270
4.5280
4.2980
4.2480
4.4530
4.7600
5.0310
5.3240
5.6940
6.1790
6.8070
7.1620
7.3510
7.5730
7.9920
8.2370
8.4140
8.4550
8.5060
8.6980
8.8330
8.9780
9.0530
8.9050
8.7830
8.5930
8.3290
8.3590
8.6910
9.0340
9.2360
9.6510
10.5550
10.3840
10.5210
10.4690
10.3950
10.3760
9.8510
9.7640
9.8670
9.9420
9.9310
9.9590
10.1580
10.2540
10.2050
10.1570
10.0590
9.9050
9.7670
9.6870
9.3720
8.4560
7.3390
6.9780
6.9500
7.0260
7.1610
7.0330
7.2130
6.6610
6.7150
6.5330
6.6640
6.3550
6.1310
6.2360
6.6180
6.2060
6.3630
6.5200
6.1830
5.9830
6.2230
6.3140
5.5260
6.2280
5.3380
5.3680
5.1570
4.7150
4.1920
3.4040
3.5640
3.4260
3.2930
3.3920
4.0520
4.5900
5.0320
5.2070
5.4190
5.2490
4.7720
3.8740
3.9230
4.3470
3.9670
5.5960
5.1310
5.6750
5.8720
5.1450
4.1260
4.0900
3.8360
3.4050
2.7740
1.3610
2.0050
3.0200
3.6670
4.1500
4.4150
4.6180
4.6350
4.6880
4.9860
5.0660
4.7420
4.7470
4.3370
4.1170
4.2210
3.9050
3.8270
4.2360
4.2400
4.6030
4.3630
4.1940
3.8110
2.6770
2.4570
3.2510
1.9590
2.5570
2.9130
3.7040
3.7110
3.5300
3.0600
3.0300
3.0720
2.7360
2.5440
4.5500
4.3330
3.0310
4.1650
3.8040
3.4710
