910.6100
883.8100
851.4700
882.1100
904.4600
932.7400
962.2500
941.9200
968.1300
953.5400
945.7800
958.5900
934.0400
900.4000
897.8200
908.8600
926.9500
928.2100
933.5400
920.7300
923.3100
934.7300
933.7400
948.4500
955.5100
952.3700
946.4200
946.0300
936.9800
926.8800
915.7000
908.1000
900.9000
892.0200
887.6700
883.5200
879.8800
875.8500
868.9600
853.4700
835.3600
825.8400
810.7500
769.0000
771.3500
761.8400
730.3400
743.4500
726.1000
739.2300
782.1600
767.3500
784.0700
765.4400
834.9100
814.9100
828.7300
834.2900
779.5000
769.0000
861.8600
827.2400
851.1700
811.1200
813.3400
792.6300
748.9500
689.7400
729.2200
763.5900
747.7700
802.8300
867.7900
900.3200
1001.0000
1023.0000
1029.9000
1050.9000
905.2300
961.0000
910.9300
823.1900
762.9000
649.9200
636.4300
667.1600
653.9100
710.1000
685.0500
698.7800
743.4600
757.7900
730.6900
715.0800
698.8300
693.9500
713.6600
760.0000
787.3800
782.4300
780.9700
784.2400
788.6200
800.6100
805.3400
804.0600
810.4100
810.3600
811.6400
813.7400
815.6500
839.7800
860.9000
863.5600
861.6000
854.3300
857.3600
863.2400
878.3600
882.1500
878.1600
878.0000
879.5700
874.2600
872.3000
870.9300
866.9600
865.2400
862.8000
857.6200
848.7400
846.5900
834.8200
823.9800
813.6600
786.3600
765.0900
751.8600
739.1400
726.6600
713.2300
692.6000
682.3600
669.8500
667.7500
659.8300
662.5100
638.0400
618.2000
613.3600
609.3800
604.0800
604.2800
577.7400
564.1900
554.9300
547.7400
548.8900
541.7200
566.3700
590.6700
597.8300
607.7200
610.2700
622.2900
644.0100
663.9800
673.0200
673.3100
683.8600
683.8600
676.9900
675.2300
668.1200
665.7900
652.7200
649.3300
629.6500
628.4600
627.2600
633.7700
628.2000
639.9900
594.9700
563.5500
542.6700
544.7300
549.5800
543.4200
528.2400
497.6100
474.2800
473.0100
461.4100
448.5200
451.1800
457.6300
449.4600
446.1800
447.1800
445.6200
452.6200
458.1200
449.9200
456.1900
463.0800
466.3500
488.5200
513.7000
529.5100
532.4400
526.4500
534.3700
546.4900
567.9000
582.4400
589.6000
587.3900
582.0600
574.8200
573.9400
569.9200
567.0700
562.6000
550.0400
540.4000
528.1400
523.3400
516.2900
499.0800
475.9900
417.9400
372.2300
335.1200
308.6700
288.3700
259.4100
224.4700
182.2700
145.9500
119.0000
101.2000
78.9370
58.0560
24.6760
-4.6633
-37.9170
-57.4340
-79.9840
-96.1610
-119.5300
-145.7600
-184.5600
-189.1000
-199.6800
-177.0600
-170.5600
-191.1400
-207.2200
-216.2100
-195.8200
-191.0400
-131.3200
-104.1600
-103.1200
-85.1180
-63.2430
-65.2080
-63.1560
-47.5340
-46.2960
-63.7590
-64.6050
-41.4720
-9.5362
1.7619
23.5280
75.2930
129.1900
120.8400
122.6500
146.8600
172.4800
181.6500
185.5900
155.6500
183.0500
186.8600
210.7400
208.9600
227.2200
224.0500
229.9000
232.8600
261.2900
297.6900
294.9400
300.8500
333.0600
342.7300
282.7200
316.1800
304.7400
349.5000
393.0600
388.2500
396.7400
406.2200
427.2700
440.2900
463.3100
478.5100
496.8400
504.3600
521.0100
517.2800
524.9300
515.2100
508.7300
499.1200
485.1500
484.0500
458.2200
462.7500
462.2500
446.0600
438.6300
417.0200
395.4500
381.0200
370.4100
368.9900
362.2400
355.5200
355.7100
327.3800
329.5000
338.7500
339.3000
322.4700
321.1500
337.4700
333.5300
312.5500
321.2400
346.3700
352.3800
376.8700
356.0400
332.5400
318.4400
318.8600
344.8200
348.4200
410.6000
380.3800
416.5500
431.1800
491.3800
494.6200
466.9500
502.4600
542.3800
498.7200
495.3400
475.3800
500.7500
521.6800
516.3300
508.7400
514.8500
575.8600
551.6100
555.4600
594.0100
539.0400
505.9600
