3.9235
3.7142
3.4029
3.1302
3.2486
3.2885
3.4518
3.5245
3.4302
3.2391
3.0927
2.7997
2.7107
2.6039
2.7405
2.9583
3.4911
3.9957
4.2644
4.1732
4.1220
4.1882
4.5919
5.1405
5.5607
5.8540
6.0129
6.0495
5.9274
6.0503
6.0513
6.0013
5.9607
5.8699
5.8940
5.7651
5.6136
5.5503
5.4618
5.4459
5.2883
5.2269
5.1834
5.4944
5.2239
5.0926
5.0321
3.7955
3.6819
3.0722
3.6808
3.7199
6.7537
9.8295
10.6106
11.5214
13.7788
14.0150
16.6962
17.8012
17.6830
14.8046
13.3937
13.2618
13.0091
11.7942
11.7378
13.5007
12.8400
11.4905
11.0819
9.7925
6.4919
6.1486
8.9051
11.3158
11.3528
11.8344
15.0807
18.7472
13.9909
9.0757
7.0175
14.0395
13.7765
13.8392
13.5822
11.4888
8.2691
3.0960
0.7969
2.9401
5.8329
7.2398
6.4653
5.9134
5.5160
5.0677
5.4536
5.0769
4.6052
4.5655
4.3671
4.6318
4.6790
4.9483
5.2815
5.4302
5.7762
6.4848
6.9357
6.9808
6.8089
6.3755
6.2045
5.7593
4.8661
4.3010
4.1664
4.4272
4.3949
4.2542
4.3281
4.3195
4.2777
4.2064
4.1049
4.0217
3.8779
3.7739
3.6788
3.4919
3.3655
3.1502
2.9340
2.7497
2.4738
2.2049
1.9305
1.8862
2.2153
2.9667
3.7610
5.0747
6.1401
6.6206
7.6039
8.5540
8.8853
9.0596
9.6338
9.4874
8.8706
8.9822
9.0536
9.7135
9.6729
9.1217
8.4802
8.3928
8.2985
8.7911
8.6782
8.9668
9.1592
9.2429
9.5860
9.8245
10.1057
10.3341
10.2645
9.9385
9.8366
9.5723
9.4047
9.2544
9.1162
9.2582
9.3346
9.5589
9.6439
9.5113
9.1781
9.2771
9.3952
9.3040
9.0689
9.0921
9.1378
9.2128
9.1997
9.2313
9.2153
9.2411
9.2123
9.2682
9.3502
9.4873
9.5031
9.4191
9.3487
9.3640
9.3485
9.1954
9.0628
9.0740
8.8639
8.5250
7.8758
7.3557
7.0693
6.2007
5.9498
5.9790
6.5405
7.1460
7.5494
7.2839
6.9123
6.5982
6.3198
6.3111
6.4807
6.6739
6.7013
6.3852
6.0205
5.9401
6.2661
6.7529
7.1828
7.6476
8.2357
9.0042
10.0005
10.5638
10.8641
11.2169
11.8812
12.2698
12.5514
12.6165
12.6966
13.0012
13.2165
13.4457
13.5645
13.3303
13.1363
12.8358
12.4162
12.4639
12.9900
13.5351
13.8552
14.5139
15.9479
15.6772
15.8948
15.8113
15.6946
15.6649
14.8319
14.6938
14.8561
14.9751
14.9588
15.0034
15.3192
15.4701
15.3937
15.3165
15.1621
14.9170
14.6978
14.5717
14.0714
12.6183
10.8447
10.2720
10.2275
10.3489
10.5635
10.3591
10.6461
9.7697
9.8559
9.5658
9.7748
9.2833
8.9280
9.0950
9.7019
9.0474
9.2958
9.5452
9.0112
8.6942
9.0749
9.2183
7.9688
9.0816
7.6703
7.7185
7.3835
6.6816
5.8510
4.6017
4.8545
4.6356
4.4246
4.5828
5.6302
6.4832
7.1850
7.4627
7.7987
7.5283
6.7718
5.3464
5.4253
6.0971
5.4950
8.0789
7.3423
8.2053
8.5168
7.3639
5.7470
5.6892
5.2866
4.6022
3.6013
1.3587
2.3813
3.9923
5.0189
5.7851
6.2049
6.5271
6.5541
6.6380
7.1114
7.2386
6.7240
6.7317
6.0818
5.7333
5.8982
5.3957
5.2724
5.9207
5.9275
6.5044
6.1222
5.8541
5.2467
3.4470
3.0992
4.3580
2.3077
3.2571
3.8215
5.0779
5.0880
4.8019
4.0556
4.0080
4.0747
3.5410
3.2369
6.4200
6.0758
4.0091
5.8088
5.2357
4.7068
