-4.5525
-4.5664
-4.5855
-4.6084
-4.6388
-4.6788
-4.7074
-4.7049
-4.7123
-4.7304
-4.7577
-4.7253
-4.6824
-4.6862
-4.7289
-4.7607
-4.7192
-4.7200
-4.6435
-4.5860
-4.4721
-4.2956
-3.9590
-3.5479
-3.0243
-2.4480
-1.9173
-1.4865
-1.0878
-0.6283
-0.3242
-0.0441
0.2934
0.6425
0.9680
1.2656
1.5643
1.8559
2.1129
2.3461
2.5669
2.7871
2.9807
3.1413
3.2614
3.3768
3.4794
3.4029
2.9636
2.2767
0.3037
-0.1827
-0.6561
-0.6361
-1.5258
-2.5866
-2.2642
-2.1488
-3.1977
-1.9896
-1.6754
-0.8670
-0.6683
-0.8215
-1.3482
-0.8270
-0.2613
-0.6288
-1.2480
-1.5794
-1.8822
-2.1757
-2.4469
-2.4935
-2.0697
-2.8264
-2.5583
-3.0697
-2.2367
-3.6447
-2.6755
-1.6632
0.8037
-1.3353
-0.7930
-2.4432
-2.2115
-2.7819
-3.1461
-3.3882
-3.3540
-3.3581
-3.2474
-3.0425
-2.6951
-2.4678
-2.2654
-2.2761
-2.4253
-2.3198
-2.3392
-2.3490
-2.1046
-1.9281
-1.6589
-1.5330
-1.5956
-1.7115
-2.0535
-2.3525
-2.4665
-2.6521
-2.9897
-3.4771
-3.5559
-3.6071
-3.5724
-3.3420
-2.9883
-2.5994
-2.2352
-1.8069
-1.3651
-0.9830
-0.5928
-0.1580
0.2470
0.6094
0.9616
1.3034
1.6587
1.9964
2.2914
2.5504
2.7953
3.0245
3.1828
3.2389
3.2447
3.2035
3.1115
2.9983
2.8104
2.5099
2.1316
2.3717
1.4283
1.2489
1.1362
1.0072
1.1465
1.4405
1.7753
2.2414
2.3134
2.0704
1.9797
2.2275
2.5259
2.7094
2.5280
2.3259
2.0993
1.8989
1.7385
1.5016
1.2813
0.8460
0.5197
0.3336
0.2149
0.3164
0.4566
0.4247
0.3010
0.2565
0.2603
0.3078
0.3126
0.1332
-0.0503
-0.0749
-0.1123
-0.3536
-0.6163
-0.7468
-0.9100
-0.9900
-1.1194
-1.2310
-1.2490
-1.2899
-1.2897
-1.3038
-1.3358
-1.2488
-1.1706
-1.1740
-1.2474
-1.2633
-1.2450
-1.2673
-1.2542
-1.1517
-1.0880
-0.9842
-1.0129
-1.2571
-1.5991
-1.5886
-1.5884
-1.4595
-1.1728
-0.8356
-0.5113
-0.2691
-0.2776
-0.1177
0.0615
0.2853
0.6143
0.9947
1.3466
1.6211
1.8747
2.0878
2.3804
2.7392
3.1087
3.4287
3.7694
4.1143
4.4139
4.5552
4.6850
4.8330
4.9484
5.0418
5.1196
5.2087
5.2648
5.2972
5.3225
5.3255
5.3112
5.2604
5.2004
5.1135
5.0029
4.8393
4.6204
4.3554
4.0986
3.9439
3.6586
3.4255
3.3356
3.4308
3.4477
3.3040
2.9641
2.6256
2.3694
2.1621
1.9477
1.8345
1.8149
1.8272
1.8406
1.8224
1.7717
1.7009
1.5937
1.4953
1.4543
1.3748
1.1289
0.5241
-0.3827
-0.9383
-1.1078
-1.3444
-1.8014
-2.3876
-2.5547
-2.6373
-2.7578
-2.7657
-2.8200
-2.9325
-3.1718
-3.3986
-3.4737
-3.4632
-3.4870
-3.4959
-3.4680
-3.4118
-3.5130
-3.6494
-3.6889
-3.8874
-3.9729
-4.1040
-3.9230
-3.5933
-3.6661
-3.5410
-3.3561
-3.1196
-2.8544
-2.4542
-2.3610
-2.0283
-1.7089
-1.5238
-1.3891
-0.8406
-0.5431
-0.2859
-0.0487
0.3068
0.7589
1.0329
1.0795
1.5609
1.7977
1.8626
2.0452
2.4083
2.5592
2.5940
2.4643
1.8668
0.6945
0.1548
-0.5521
-1.0829
-1.2424
-1.0933
-1.2944
-1.5152
-1.6475
-1.3487
-1.2499
-1.9722
-2.2097
-2.0602
-1.7517
-1.0968
-0.5643
-0.9088
-0.8290
-1.4041
-1.9499
-1.5417
-1.6761
-0.9430
-1.3366
-1.2676
-0.8154
-0.9986
-0.7966
-0.8199
-0.6597
-0.5667
-0.7440
-1.0595
-1.1608
-0.9534
-1.0423
-1.5693
-1.5632
-1.5426
-2.0126
-1.4649
-1.2090
