1.0712
1.1135
1.3996
1.3785
1.2749
1.1204
1.0744
0.7308
0.7609
0.9073
0.6043
0.4015
0.3265
0.0288
-0.3784
-0.8714
-1.3039
-1.7612
-1.9006
-1.8883
-1.9065
-1.8517
-1.7537
-1.4814
-1.1021
-0.5197
0.1169
0.8760
1.5281
2.1215
2.3729
2.4759
2.4954
2.6790
2.9838
3.0396
2.9264
2.6895
2.4549
2.4407
2.5108
2.5173
2.1754
1.2116
1.0017
0.8177
0.4514
-0.0461
-2.4598
-1.5526
-2.8882
-3.4375
-6.2414
-8.1927
-9.8469
-11.1809
-13.0350
-13.9787
-16.6409
-16.4083
-15.5882
-12.5590
-10.7063
-9.4899
-6.4480
-3.8769
-2.8421
-2.4308
-0.4192
0.2572
0.2342
1.1114
3.2274
6.1329
8.8404
10.8593
11.2215
8.7306
10.5801
10.4581
8.2145
4.6135
3.2834
-2.2632
2.5561
5.0452
5.8318
7.1053
5.0853
3.0730
0.3456
-2.4696
-4.4087
-5.3531
-4.9646
-4.7598
-5.0670
-5.0369
-4.9475
-4.9204
-4.3799
-4.1818
-3.8694
-3.8574
-3.6052
-3.3210
-2.8531
-2.0959
-1.3484
-0.7218
-0.2205
0.1349
0.3259
0.4413
0.5762
0.7963
0.9556
1.0744
1.2938
1.8142
2.0305
2.2687
2.6653
2.8882
2.9686
3.0586
3.1702
3.2074
3.0862
2.9937
2.9116
2.6892
2.5384
2.2987
2.0541
1.8118
1.3787
0.9083
0.2858
-0.5788
-1.5783
-2.6683
-3.6036
-4.9329
-5.9274
-6.3426
-7.3792
-8.3634
-8.6451
-8.7250
-9.0467
-8.4277
-7.2952
-7.9817
-8.2761
-8.8832
-8.4931
-7.3856
-5.6187
-4.6117
-4.4276
-4.4890
-4.1659
-3.9859
-3.7978
-3.4567
-3.5083
-3.2116
-2.8339
-2.2571
-1.4637
-1.0813
-1.2165
-1.4584
-1.5327
-1.7468
-1.9426
-2.2432
-2.3329
-2.3591
-2.1149
-1.8323
-1.5472
-1.9010
-1.8928
-1.6263
-1.2224
-1.0556
-1.0116
-0.7534
-0.3676
-0.0482
0.1004
0.2018
0.4774
0.9321
1.4673
1.8405
2.0727
2.3588
2.6270
3.1754
3.7122
3.8932
4.2908
4.6365
4.6216
4.1610
3.5444
3.6443
3.7146
3.3377
3.3656
3.5404
4.2762
4.9945
5.5296
5.6087
5.4678
5.1433
4.6751
4.2707
4.0746
4.2568
4.2930
4.0296
3.3364
2.5885
1.9326
1.0515
0.1375
-0.6277
-0.8795
-1.3566
-1.5886
-1.5963
-1.7279
-1.7621
-1.9258
-2.2135
-2.5379
-2.6129
-2.6052
-2.6983
-2.6301
-2.5033
-2.3282
-2.0706
-1.8924
-2.1103
-2.3412
-2.6348
-3.0097
-2.8748
-2.7666
-2.3045
-2.5083
-1.4707
-0.8128
-0.4934
-0.2198
-0.7233
0.0547
0.3489
0.4490
1.1723
1.4414
1.9789
2.2519
2.4398
2.2690
2.3224
2.9060
3.7538
4.4288
5.0634
7.4488
10.0362
10.2154
9.7178
9.6084
9.6065
9.7849
9.1231
9.3905
8.5878
8.3640
8.7342
8.8246
8.3069
7.6871
7.5661
7.9210
7.6495
8.0029
8.2364
7.3929
7.0489
7.0422
7.2389
6.8921
7.0174
5.6043
5.6151
5.8027
5.0247
4.3077
3.1710
3.3760
3.1919
2.6211
3.2401
4.3688
4.7778
5.3666
5.7410
6.4038
6.3742
5.4139
4.1043
3.6051
4.6891
3.5005
4.8384
4.4989
4.1481
4.3849
5.1396
4.2377
3.3908
2.9105
2.5595
2.3228
1.3578
-1.1568
-2.7862
-3.4106
-4.0545
-4.4363
-5.1402
-4.3589
-4.5333
-5.2744
-5.5594
-5.3673
-5.1211
-4.5150
-4.1239
-3.9879
-3.4174
-3.4722
-4.0275
-4.7485
-5.8182
-6.0171
-5.5863
-5.2466
-2.8059
1.3133
3.1665
1.1990
-0.3143
0.2713
-0.0005
0.1053
0.7493
-0.3702
-1.5451
-2.0560
-2.1464
-1.9114
-5.0063
-4.9254
-2.9013
-3.8812
-1.1110
0.5749
