3.7745
3.5433
3.1017
2.8103
2.9880
3.0917
3.2804
3.4479
3.3448
3.1095
3.0331
2.7708
2.6909
2.6038
2.7142
2.8270
3.2385
3.5866
3.8175
3.7216
3.6546
3.7566
4.2439
4.9224
5.4504
5.8309
6.0117
5.9857
5.7271
5.6661
5.5667
5.4667
5.4132
5.2229
5.0830
4.8987
4.7905
4.8552
4.8790
4.8684
4.6543
4.5808
4.7048
5.3591
5.1269
5.0266
5.0118
3.7952
2.7397
2.6511
-2.2817
-1.4218
-2.5801
-5.4313
-3.9528
-2.7802
-4.4657
-1.0093
1.3572
6.9029
8.3483
7.8389
8.0476
9.2638
11.2987
11.1388
11.3886
13.2801
12.8331
11.4876
11.0794
9.7292
5.6329
-0.4394
-1.0714
-3.1815
1.7216
7.9894
10.7465
15.5591
11.3255
7.8157
6.2019
13.8559
13.5373
12.8868
12.2664
9.0282
6.5206
0.3769
-0.7181
-1.5952
-3.8192
-4.8742
-4.1417
-3.5089
-2.1798
0.5582
2.2944
1.2511
1.4229
1.8321
2.0247
2.5640
2.9826
3.6683
4.4445
5.0093
5.6166
6.4445
6.9322
6.9795
6.8011
6.3602
6.1777
5.7040
4.7713
4.1646
3.9604
4.0384
3.8977
3.5988
3.4101
3.2119
3.0799
2.8877
2.6077
2.4262
2.3481
2.2979
2.2486
2.2274
2.2098
2.1539
2.0950
2.0684
2.0540
2.0091
1.9092
1.7952
1.5545
1.2968
1.0766
1.1910
1.6023
1.8983
1.8349
1.7954
2.0520
2.4393
3.3117
4.3571
5.0466
4.1198
3.6705
3.9295
4.6294
5.3534
6.3517
7.0122
7.0187
7.5586
7.6129
8.0322
8.3348
8.5722
8.9209
9.2847
9.7002
10.0845
10.1596
9.8795
9.7611
9.4605
9.2790
9.0881
8.9068
8.9824
9.0384
9.2632
9.4091
9.3331
9.0468
9.0803
9.2026
9.1608
8.9861
9.0306
9.0816
9.1820
9.1924
9.2312
9.2148
9.2389
9.1999
9.2212
9.2344
9.3071
9.2743
9.1190
8.9720
8.8092
8.5799
8.3306
7.9827
7.8000
7.5637
7.4406
7.0332
6.3895
6.0147
5.2257
4.9063
4.8181
4.9490
5.1108
5.1398
4.6473
4.2288
4.1332
4.2524
4.6466
5.0396
5.1402
5.1456
4.9530
5.0115
5.3465
5.9606
6.6706
7.1814
7.6218
8.1886
8.9015
9.8735
10.4425
10.7259
11.0776
11.7241
12.0685
12.2921
12.3429
12.4264
12.7181
12.9522
13.2106
13.3632
13.1685
12.9993
12.6611
12.1935
12.1823
12.6365
13.2263
13.5762
14.3298
15.7494
15.6081
15.8740
15.8036
15.6931
15.6482
14.8318
14.6897
14.8493
14.9291
14.8892
14.8723
15.1528
15.2764
15.2255
15.1394
14.8810
14.4369
14.0147
13.6637
11.9381
7.6483
3.6407
3.3284
3.5044
3.8490
3.9803
4.9072
5.0158
4.6580
5.2135
3.9011
4.2040
4.1444
4.5406
5.0470
5.6022
4.8313
4.7291
4.8242
5.1524
5.0895
5.7239
5.7075
4.0001
5.7646
5.2369
5.2959
4.5656
4.4040
3.9596
3.3346
3.4885
3.3616
3.5647
3.2409
3.5515
4.3823
4.7774
4.7679
4.4509
4.0056
4.0679
3.4263
4.0542
3.8971
4.2357
6.4698
5.8025
7.0795
7.3012
5.2737
3.8821
4.5683
4.4133
3.8248
2.7522
0.0512
-2.0814
-2.8592
-3.6820
-4.1265
-4.3382
-4.0225
-4.8945
-4.8490
-4.7699
-4.6358
-4.0503
-4.3692
-4.0746
-3.9830
-4.3457
-4.1755
-3.9677
-4.3398
-3.5478
-2.9078
-1.1294
-1.7506
-0.0330
2.0022
2.8072
2.9943
1.9718
3.2419
3.8119
5.0779
5.0869
4.7431
4.0387
3.6982
3.5180
2.8163
2.6122
4.0190
3.5575
2.7669
4.3220
5.1165
4.6716
