-0.0001
-0.0013
-0.0006
-0.0016
-0.0012
-0.0007
-0.0052
-0.0053
-0.0040
-0.0020
-0.0057
-0.0084
-0.0038
-0.0038
0.0024
-0.0032
-0.0044
-0.0030
-0.0011
0.0016
0.0032
0.0016
0.0129
0.0238
0.0286
0.0337
0.0317
0.0207
0.0206
0.0294
0.0181
0.0154
0.0180
0.0217
0.0198
0.0165
0.0154
0.0188
0.0253
0.0312
0.0477
0.0279
0.0508
0.0511
0.0506
0.0302
0.0364
0.0850
0.1426
0.2412
0.2418
-0.0719
-0.0657
-0.0569
-0.0374
-0.0780
-0.1211
-0.1413
-0.0453
-0.0105
-0.1181
-0.0640
-0.0504
-0.0248
-0.0402
-0.0474
-0.0514
-0.0307
0.0045
-0.0013
0.0154
0.0439
0.1214
0.0121
0.0193
-0.1004
-0.1074
-0.1459
-0.2293
-0.1177
-0.2440
-0.1458
-0.0714
0.0329
-0.0347
0.0196
-0.0188
-0.0304
0.0636
0.0865
0.0398
0.0056
0.0245
0.0114
-0.0154
-0.0185
-0.0006
0.0041
-0.0119
-0.0370
-0.0008
-0.0097
-0.0093
-0.0098
-0.0051
-0.0038
-0.0020
-0.0033
-0.0009
-0.0008
-0.0035
-0.0034
-0.0049
-0.0063
-0.0072
-0.0071
-0.0034
-0.0003
0.0005
0.0064
0.0076
0.0098
0.0148
0.0132
0.0119
0.0125
0.0135
0.0128
0.0150
0.0206
0.0247
0.0286
0.0343
0.0438
0.0582
0.0749
0.1022
0.1276
0.1274
0.0993
0.0532
0.0040
-0.0015
-0.0056
0.0135
-0.0152
0.0009
-0.0128
0.0107
0.0097
0.0138
0.0305
0.0191
-0.0057
-0.0060
0.0037
0.0243
0.0183
0.0552
0.0444
0.0184
0.0147
0.0087
0.0022
-0.0033
-0.0185
-0.0296
-0.0198
-0.0118
-0.0120
-0.0114
-0.0112
-0.0123
-0.0141
-0.0105
-0.0056
-0.0037
-0.0011
0.0005
0.0026
0.0012
-0.0033
-0.0027
-0.0026
-0.0046
-0.0055
-0.0050
-0.0040
-0.0027
-0.0042
-0.0047
-0.0037
-0.0061
-0.0033
-0.0036
-0.0051
-0.0063
-0.0050
-0.0070
-0.0074
-0.0047
-0.0038
-0.0081
-0.0091
-0.0081
-0.0096
-0.0067
-0.0031
0.0011
-0.0001
-0.0046
-0.0049
-0.0093
-0.0067
0.0015
0.0074
-0.0023
0.0032
-0.0055
-0.0058
-0.0049
0.0005
0.0078
0.0106
0.0100
0.0011
0.0037
0.0064
0.0096
0.0057
0.0162
0.0245
0.0349
0.0509
0.0083
0.0084
0.0116
0.0172
0.0035
-0.0050
-0.0043
-0.0013
0.0082
0.0113
0.0111
0.0098
0.0133
0.0111
0.0217
0.0109
0.0184
0.0126
-0.0030
-0.0015
0.0032
0.0030
-0.0063
0.0102
-0.0001
0.0054
-0.0053
0.0013
0.0011
-0.0051
0.0005
0.0046
0.0018
-0.0057
-0.0098
-0.0076
-0.0048
0.0029
0.0072
0.0052
0.0025
0.0056
0.0435
0.0535
0.0072
0.0107
-0.0010
-0.0052
0.0115
-0.0120
-0.0118
-0.0013
-0.0032
-0.0211
-0.0068
0.0058
0.0007
-0.0112
-0.0037
-0.0076
-0.0122
-0.0196
-0.0207
-0.0047
-0.0051
-0.0104
-0.0243
-0.0188
0.0050
0.0020
-0.0234
-0.0169
-0.0055
0.0054
0.0047
0.0056
0.0100
0.0301
0.0060
0.0123
0.0170
0.0136
-0.0205
-0.0007
0.0051
0.0256
0.1070
0.0721
0.1131
0.0990
0.1168
0.0428
0.0270
0.0995
0.0847
0.0511
0.0213
0.0903
0.1606
0.2332
0.1731
0.0267
0.0567
0.0313
0.0231
0.0315
0.0587
0.0050
-0.0233
-0.0265
0.0532
0.0419
0.0032
-0.0332
-0.0435
-0.0296
-0.0102
-0.0000
0.0019
0.0380
0.0309
0.0114
0.0020
0.0075
0.0392
-0.0622
0.0127
-0.0104
-0.0334
-0.0136
-0.0069
-0.0049
-0.0130
-0.0069
-0.0169
-0.0155
0.0160
-0.0086
-0.0074
0.0199
0.0026
-0.0009
-0.0143
