2.6260
2.6530
2.7860
2.8140
2.9320
2.9750
3.0420
3.1420
3.2790
3.3440
3.4430
3.5340
3.6290
3.7580
3.8400
3.9890
4.1080
4.2700
4.3430
4.3570
4.4240
4.5190
4.4510
4.4890
4.6190
4.6400
4.6860
4.7190
4.7020
4.6040
4.4820
4.4100
4.2790
4.1510
4.2630
4.4570
4.7220
4.8890
5.0850
5.2120
5.3560
5.4420
5.5280
5.6860
5.7410
5.7620
5.6960
5.7030
5.7430
5.7500
5.7600
5.7720
5.7820
5.8410
5.8840
5.9490
6.0360
6.0040
5.9290
5.9100
5.8710
5.8350
5.7960
5.8220
6.0190
5.9860
5.9540
5.9730
6.0460
6.0990
6.0810
6.0140
6.0590
6.0200
6.0190
6.0300
6.0440
6.0880
6.1840
6.1770
6.0650
6.0620
6.1250
6.1840
6.3440
6.4680
6.4150
6.3490
6.3010
6.3420
6.2690
5.9790
5.9350
5.8100
5.4430
4.4820
5.3320
6.0870
6.3730
6.6630
6.3870
7.2150
6.2030
6.5860
7.0190
7.1000
6.9730
6.8320
7.2510
7.1740
6.7160
7.8490
9.5380
9.1230
9.0790
8.4120
9.0290
8.5790
8.6370
9.7280
9.1960
8.3460
8.3490
8.7820
9.7100
10.2210
9.8680
9.5660
9.4810
9.5850
9.1030
8.9090
8.7900
8.6330
8.4770
8.4740
8.3350
8.1570
7.9340
8.0550
7.9450
7.9320
7.7540
7.6420
7.3050
7.1260
7.3000
7.4680
7.3960
7.4690
7.3680
7.3090
7.1130
6.8820
6.9050
7.0950
6.8820
6.5890
6.5760
6.5550
5.9540
5.7020
5.6590
5.5020
5.4420
5.4720
5.2890
5.1260
5.8320
5.5710
6.0690
6.1940
6.5840
6.8120
7.3020
7.6050
7.6660
9.1480
6.9630
6.2410
2.6160
7.3470
5.1300
3.6150
3.2690
4.4310
3.5400
2.5370
2.0540
2.2860
2.5670
2.5920
3.5940
3.9400
3.9760
4.6250
4.9510
5.8450
5.9010
5.7440
5.8840
6.0490
5.9100
6.1460
6.1240
6.2020
5.9660
5.8230
5.4640
5.1980
5.4470
5.3420
5.0250
4.9760
5.2690
5.0660
5.0640
5.0300
4.7890
4.7140
4.9700
5.2030
5.3040
5.4190
5.4640
5.5300
5.5700
5.5220
5.4640
5.4000
5.3650
5.2800
5.0890
4.9210
4.7810
4.7370
4.7020
4.7230
4.7600
4.8360
4.9140
4.9080
4.9160
4.9380
4.9570
5.0270
5.1540
5.4390
5.4090
5.5120
5.4690
5.3230
5.2120
5.0840
4.9360
4.8530
4.6680
4.6360
4.7150
4.5840
4.7200
4.8720
5.0130
5.0990
5.1870
5.2140
5.3790
5.4090
5.4530
5.3510
5.3160
5.2030
5.0810
5.0470
4.9610
4.8490
4.7000
4.6690
4.7370
4.7800
4.8090
4.8440
4.8410
4.9020
5.0180
5.0700
5.0630
5.0060
4.9150
4.8260
4.8200
4.8430
4.8640
4.8640
4.8390
4.7740
4.7430
4.7600
4.8070
4.8750
4.9450
4.9990
5.0600
5.1170
5.2090
5.3300
5.3500
5.3250
5.2540
5.2030
4.9910
4.9710
4.9440
4.8780
4.8180
4.7830
4.7550
4.6980
4.6290
4.5410
4.4980
4.5010
4.5120
4.5130
4.5200
4.5400
4.5610
4.5990
4.6680
4.7670
4.8810
4.9690
5.0340
5.0500
5.0040
4.9300
4.8570
4.7790
4.7350
4.7210
4.6930
4.6730
4.6550
4.6200
4.5900
4.5670
4.5340
4.4930
4.4570
4.4460
4.4940
4.4550
4.4100
4.4690
4.5000
4.5850
4.5750
4.5400
4.5130
4.5070
4.4260
4.3330
4.2800
4.2990
4.3370
4.4940
4.5720
4.5850
4.6260
4.7510
4.8990
5.0380
5.1210
5.2300
5.2530
5.1870
5.1460
