1634.8000
1570.7000
1576.6000
1586.3000
1587.9000
1587.3000
1594.8000
1585.0000
1577.0000
1568.0000
1592.0000
1591.6000
1583.5000
1580.8000
1596.0000
1614.5000
1640.5000
1659.1000
1662.7000
1665.6000
1670.8000
1687.1000
1693.9000
1713.0000
1719.6000
1716.0000
1720.0000
1702.2000
1694.4000
1700.0000
1703.6000
1708.5000
1710.7000
1716.7000
1718.4000
1724.8000
1734.7000
1736.8000
1732.5000
1712.0000
1688.4000
1674.0000
1662.0000
1659.4000
1646.8000
1632.9000
1614.8000
1601.4000
1594.6000
1588.3000
1576.5000
1581.9000
1582.1000
1571.9000
1562.4000
1549.0000
1543.3000
1543.6000
1549.1000
1552.3000
1548.5000
1549.4000
1549.2000
1562.0000
1567.6000
1574.5000
1584.7000
1578.1000
1571.3000
1572.8000
1580.1000
1588.1000
1584.2000
1587.5000
1594.4000
1586.7000
1585.6000
1587.6000
1586.6000
1597.1000
1605.7000
1606.2000
1606.4000
1607.1000
1602.6000
1593.7000
1599.2000
1579.1000
1561.5000
1551.2000
1550.0000
1575.3000
1575.3000
1577.6000
1579.1000
1648.6000
1675.9000
1662.3000
1654.5000
1622.5000
1602.8000
1530.8000
1571.1000
1546.4000
1510.0000
1485.8000
1477.6000
1465.2000
1448.1000
1443.2000
1449.5000
1432.9000
1363.6000
1411.4000
1397.8000
1419.8000
1366.5000
1390.6000
1385.8000
1325.1000
1326.4000
1349.4000
1340.8000
1319.2000
1291.8000
1264.5000
1263.1000
1271.9000
1257.2000
1223.0000
1219.9000
1207.9000
1200.2000
1194.3000
1183.8000
1145.7000
1105.0000
1088.5000
1070.3000
1033.3000
1012.6000
978.6100
954.7900
921.6300
886.9500
858.6000
835.2500
812.8700
799.5200
753.3700
747.3100
727.2300
709.1500
694.9100
652.8000
634.7600
623.6100
601.0200
614.3900
631.7100
639.2500
608.0900
596.3600
612.8200
582.9900
536.9600
511.9100
540.2000
583.9300
501.2900
492.5100
442.7500
419.8400
406.5900
336.0600
338.6300
302.7700
414.9300
447.9300
481.1600
411.9800
640.1400
600.2100
554.5400
521.3300
474.9400
491.0300
496.6500
489.9800
468.1900
475.6400
449.3600
499.3500
521.0600
503.3400
524.1900
548.3000
574.3000
614.9300
682.8900
664.4700
712.6400
686.5400
688.1000
736.3300
761.5600
799.4600
850.7100
920.1000
953.9300
963.1200
969.0800
998.2900
1023.5000
1063.5000
1103.1000
1112.4000
1113.1000
1130.7000
1135.0000
1154.8000
1179.9000
1198.5000
1223.2000
1252.0000
1281.3000
1308.7000
1339.0000
1362.4000
1385.7000
1408.4000
1407.6000
1402.8000
1414.3000
1428.8000
1447.8000
1456.2000
1454.9000
1445.7000
1438.8000
1441.6000
1444.7000
1443.9000
1459.4000
1463.3000
1468.5000
1472.4000
1460.3000
1477.5000
1481.5000
1498.1000
1509.7000
1515.4000
1527.0000
1538.8000
1563.4000
1608.1000
1633.5000
1650.5000
1665.6000
1684.8000
1712.1000
1744.2000
1781.7000
1806.6000
1837.4000
1854.2000
1847.5000
1841.7000
1862.0000
1876.1000
1903.6000
1918.6000
1928.2000
1935.4000
1942.1000
1968.3000
1986.4000
2003.3000
1996.0000
1979.8000
1976.5000
1979.3000
1996.4000
2011.0000
2009.6000
1998.6000
1989.3000
1994.5000
2005.6000
2007.9000
2021.8000
2022.2000
2015.3000
2011.4000
2005.3000
2010.1000
2011.2000
2013.0000
2015.3000
2013.9000
2015.1000
2019.3000
2048.5000
2079.3000
2089.9000
2097.4000
2092.4000
2098.4000
2113.0000
2132.5000
2149.0000
2156.6000
2163.8000
2175.1000
2170.1000
2175.3000
2185.8000
2192.7000
2199.2000
2198.1000
2199.8000
2198.5000
2199.0000
2201.9000
2200.0000
2196.4000
2162.9000
2126.1000
2108.8000
2098.1000
2098.5000
2084.7000
2060.0000
2027.1000
1998.9000
1984.3000
1973.2000
1957.0000
1965.7000
1963.2000
1951.4000
1944.2000
1932.7000
1930.6000
1925.4000
1922.2000
1917.7000
1902.5000
1893.9000
1888.9000
1906.3000
1923.0000
1926.3000
1928.9000
1926.3000
1933.5000
1942.4000
1953.6000
1960.8000
1962.4000
1962.7000
1963.8000
1936.2000
1915.2000
1914.8000
1918.2000
1929.6000
1929.8000
1926.8000
1918.1000
1907.0000
1909.8000
1909.6000
1905.7000
1872.3000
1827.9000
