3.3675
3.4101
3.6213
3.6658
3.8516
3.9212
4.0261
4.1853
4.4021
4.5054
4.6636
4.8078
4.9575
5.1635
5.2923
5.5290
5.7182
5.9751
6.0917
6.1138
6.2198
6.3700
6.2627
6.3227
6.5298
6.5620
6.6352
6.6872
6.6613
6.5057
6.3123
6.1981
5.9889
5.7859
5.9647
6.2716
6.6927
6.9581
7.2688
7.4704
7.6984
7.8349
7.9720
8.2219
8.3092
8.3430
8.2377
8.2489
8.3134
8.3240
8.3405
8.3590
8.3747
8.4683
8.5372
8.6396
8.7779
8.7276
8.6085
8.5777
8.5162
8.4586
8.3967
8.4382
8.7504
8.6989
8.6473
8.6782
8.7942
8.8770
8.8491
8.7422
8.8138
8.7530
8.7515
8.7675
8.7907
8.8609
9.0132
9.0016
8.8234
8.8187
8.9183
9.0128
9.2660
9.4636
9.3789
9.2744
9.1981
9.2637
9.1473
8.6871
8.6181
8.4197
7.8373
6.3112
7.6605
8.8579
9.3120
9.7719
9.3345
10.6491
9.0420
9.6498
10.3373
10.4665
10.2643
10.0407
10.7050
10.5829
9.8573
11.6546
14.3352
13.6767
13.6056
12.5486
13.5276
12.8123
12.9057
14.6358
13.7912
12.4428
12.4472
13.1345
14.6080
15.4181
14.8578
14.3791
14.2438
14.4096
13.6443
13.3361
13.1483
12.8983
12.6512
12.6466
12.4251
12.1436
11.7895
11.9821
11.8072
11.7858
11.5043
11.3263
10.7919
10.5072
10.7835
11.0501
10.9363
11.0511
10.8913
10.7978
10.4873
10.1204
10.1566
10.4580
10.1202
9.6544
9.6348
9.6016
8.6468
8.2484
8.1800
7.9308
7.8347
7.8827
7.5916
7.3341
8.4534
8.0403
8.8295
9.0286
9.6477
10.0090
10.7870
11.2676
11.3637
13.7158
10.2479
9.1030
3.3510
10.8574
7.3397
4.9368
4.3871
6.2312
4.8173
3.2261
2.4586
2.8277
3.2738
3.3133
4.9027
5.4512
5.5089
6.5387
7.0562
8.4749
8.5640
8.3151
8.5362
8.7978
8.5784
8.9521
8.9174
9.0416
8.6671
8.4391
7.8694
7.4472
7.8431
7.6759
7.1730
7.0962
7.5606
7.2392
7.2346
7.1812
6.7993
6.6803
7.0859
7.4563
7.6162
7.7994
7.8706
7.9742
8.0376
7.9625
7.8694
7.7682
7.7136
7.5787
7.2747
7.0089
6.7864
6.7163
6.6603
6.6940
6.7523
6.8738
6.9970
6.9882
7.0007
7.0351
7.0657
7.1759
7.3783
7.8296
7.7823
7.9459
7.8780
7.6466
7.4702
7.2675
7.0330
6.9008
6.6063
6.5563
6.6821
6.4739
6.6888
6.9313
7.1550
7.2904
7.4298
7.4726
7.7357
7.7827
7.8522
7.6911
7.6353
7.4561
7.2627
7.2084
7.0726
6.8936
6.6577
6.6087
6.7160
6.7851
6.8304
6.8867
6.8811
6.9780
7.1625
7.2445
7.2335
7.1435
6.9988
6.8580
6.8487
6.8839
6.9178
6.9184
6.8781
6.7758
6.7265
6.7530
6.8270
6.9356
7.0460
7.1324
7.2288
7.3194
7.4652
7.6579
7.6884
7.6501
7.5363
7.4551
7.1187
7.0880
7.0442
6.9395
6.8446
6.7900
6.7446
6.6542
6.5458
6.4047
6.3369
6.3412
6.3588
6.3615
6.3724
6.4043
6.4377
6.4971
6.6064
6.7635
6.9457
7.0840
7.1885
7.2129
7.1396
7.0233
6.9067
6.7833
6.7134
6.6913
6.6472
6.6153
6.5867
6.5300
6.4833
6.4464
6.3940
6.3299
6.2721
6.2545
6.3316
6.2685
6.1981
6.2918
6.3397
6.4748
6.4592
6.4045
6.3617
6.3517
6.2223
6.0747
5.9919
6.0214
6.0811
6.3304
6.4541
6.4751
6.5402
6.7388
6.9739
7.1944
7.3256
7.4990
7.5356
7.4299
7.3659
