-16.4717
-16.3732
-16.2673
-16.1796
-16.1047
-16.0397
-15.9858
-15.9499
-15.9316
-15.9142
-15.8978
-15.8814
-15.8682
-15.8660
-15.8740
-15.8827
-15.9101
-15.9427
-15.9621
-15.9780
-15.9837
-15.9704
-15.9513
-15.8985
-15.8195
-15.7227
-15.6117
-15.4345
-15.1688
-14.8672
-14.5831
-14.3633
-14.2156
-14.1766
-14.2276
-14.3647
-14.5363
-14.6885
-14.7787
-14.7704
-14.7704
-14.7051
-14.5838
-14.5482
-14.4846
-14.4710
-14.3941
-14.3734
-14.3585
-14.3130
-14.2591
-14.2550
-14.3066
-14.3908
-14.4308
-14.4939
-14.6026
-14.7299
-14.8582
-14.9983
-15.0865
-15.1751
-15.2786
-15.4099
-15.4611
-15.5175
-15.5660
-15.6024
-15.6146
-15.6381
-15.6609
-15.6683
-15.6784
-15.6989
-15.7143
-15.7216
-15.7270
-15.7289
-15.7163
-15.7032
-15.6905
-15.6813
-15.6793
-15.6715
-15.6696
-15.6789
-15.6884
-15.7016
-15.7259
-15.7484
-15.7579
-15.7614
-15.7630
-15.7858
-15.8348
-15.9888
-16.2746
-16.5060
-16.7500
-16.9942
-17.1374
-17.1949
-17.2701
-17.2907
-17.1915
-17.0911
-16.9502
-16.9043
-16.8481
-16.7511
-16.7546
-16.5515
-16.4305
-16.4820
-16.4227
-16.4936
-16.3319
-16.3202
-16.2196
-16.0822
-16.1050
-16.0222
-15.8134
-15.5098
-15.2082
-14.9602
-14.9052
-14.8826
-14.8834
-14.8909
-14.9289
-14.9582
-14.9867
-14.9471
-14.9164
-14.9076
-14.9029
-14.8713
-14.8290
-14.7529
-14.7056
-14.6599
-14.6457
-14.5139
-14.2279
-14.0681
-13.9413
-13.6925
-13.4695
-13.2438
-13.1217
-13.0177
-12.8546
-12.6795
-12.4532
-12.1313
-11.8454
-11.4329
-11.1717
-10.7561
-10.5119
-10.3006
-10.4112
-10.5475
-10.6105
-10.7231
-10.4970
-10.2971
-9.4752
-8.2165
-7.9936
-7.9294
-7.9784
-7.8072
-7.4492
-7.3907
-7.2627
-7.6347
-7.1158
-7.2786
-7.8612
-11.5652
-10.5357
-10.1585
-10.9119
-11.0863
-11.4507
-11.4258
-11.1451
-11.0011
-10.9734
-11.0965
-11.8086
-12.1758
-12.4010
-12.6401
-12.6943
-13.1662
-13.7183
-14.0938
-14.2572
-14.4336
-14.4773
-14.6458
-14.8435
-14.9541
-15.0334
-15.0922
-15.2306
-15.3595
-15.4608
-15.5324
-15.5129
-15.3298
-15.1063
-14.9198
-14.7213
-14.4616
-14.1668
-13.8603
-13.6053
-13.4381
-13.3478
-13.3075
-13.2848
-13.2917
-13.3658
-13.4660
-13.5439
-13.5877
-13.5909
-13.5597
-13.5269
-13.5049
-13.5217
-13.5767
-13.6629
-13.7459
-13.7755
-13.7663
-13.7394
-13.7253
-13.7177
-13.7674
-13.8859
-14.0426
-14.1883
-14.3539
-14.5094
-14.6762
-14.8581
-15.0298
-15.1828
-15.3188
-15.4389
-15.5444
-15.6278
-15.7204
-15.7242
-15.6503
-15.6106
-15.5408
-15.5089
-15.5116
-15.5509
-15.5935
-15.6028
-15.6089
-15.6093
-15.6505
-15.7218
-15.8183
-15.9264
-16.0367
-16.1278
-16.1882
-16.2468
-16.3106
-16.3923
-16.4724
-16.5129
-16.5258
-16.5070
-16.5309
-16.5849
-16.6134
-16.6101
-16.6038
-16.6014
-16.6044
-16.6185
-16.6407
-16.6772
-16.7126
-16.7263
-16.7435
-16.7624
-16.7766
-16.8007
-16.8095
-16.8106
-16.7984
-16.7711
-16.7341
-16.6863
-16.6222
-16.5893
-16.5462
-16.4962
-16.4504
-16.4035
-16.3221
-16.2286
-16.1648
-16.0812
-16.0001
-15.9204
-15.8486
-15.7724
-15.7193
-15.6314
-15.5443
-15.4844
-15.4373
-15.4003
-15.3693
-15.3168
-15.2616
-15.2009
-15.1376
-15.0610
-14.9616
-14.8480
-14.7477
-14.6735
-14.6381
-14.6250
-14.6058
-14.5938
-14.5835
-14.5813
-14.6051
-14.6209
-14.6381
-14.6598
-14.7004
-14.7417
-14.7764
-14.8192
-14.8712
-14.9115
-15.0032
-15.0574
-15.1179
-15.2069
-15.2333
-15.2246
-15.2710
-15.3260
-15.3822
-15.5116
-15.6081
-15.6633
-15.6691
-15.6145
-15.5730
-15.4836
-15.4097
-15.3437
-15.3031
-15.2454
-15.1431
-15.0355
-15.1310
-15.1903
-15.1813
-15.1375
