-2.8377
-2.8550
-3.0845
-3.1765
-3.3876
-3.4835
-3.6096
-3.7828
-3.9732
-4.1162
-4.2754
-4.4494
-4.6692
-4.9018
-5.0248
-5.2436
-5.4041
-5.6588
-5.7594
-5.7704
-5.8366
-5.8997
-5.7188
-5.6313
-5.6264
-5.5259
-5.4163
-5.2250
-5.0965
-5.0137
-5.1361
-5.2677
-5.3749
-5.4304
-5.7930
-6.2093
-6.6833
-6.9581
-7.2663
-7.4697
-7.6980
-7.8296
-7.9511
-8.1844
-8.2457
-8.2520
-8.1183
-8.0991
-8.1239
-8.0870
-8.0558
-8.0455
-8.0518
-8.1611
-8.2399
-8.3648
-8.5164
-8.4884
-8.3832
-8.3565
-8.2876
-8.2389
-8.1937
-8.2315
-8.5348
-8.5014
-8.4459
-8.4715
-8.5800
-8.6264
-8.5871
-8.4646
-8.5472
-8.5087
-8.5103
-8.5016
-8.5172
-8.4947
-8.5655
-8.4788
-8.3194
-8.3571
-8.4466
-8.5150
-8.7164
-8.9142
-8.8144
-8.7928
-8.7656
-8.8523
-8.7830
-8.3983
-8.4533
-8.3694
-7.8341
-4.7878
-4.0726
-5.2351
-6.0798
-7.1754
-7.5579
-9.7268
-8.2969
-9.0608
-10.1977
-10.4281
-10.2579
-10.0232
-10.7043
-10.5416
-9.8058
-11.5893
-14.2192
-13.5827
-13.5300
-12.4739
-13.4262
-12.7433
-12.7293
-14.2965
-13.5288
-12.1347
-12.0503
-12.3522
-13.5487
-14.4208
-14.0491
-13.7159
-13.6905
-13.8489
-13.2410
-13.0833
-12.9185
-12.6692
-12.4694
-12.5133
-12.2639
-11.8754
-11.4478
-11.6517
-11.4354
-11.4203
-11.1855
-11.0726
-10.6491
-10.4389
-10.7064
-10.9026
-10.6639
-10.7572
-10.4621
-10.3621
-10.0547
-9.7262
-9.8357
-9.9148
-9.4086
-8.7849
-7.9980
-7.4655
-6.6619
-6.4311
-6.2075
-5.7337
-5.6691
-5.8231
-5.3370
-4.3283
-2.4225
-2.0017
-1.7611
-2.5788
-2.6883
-2.0375
-2.4809
-2.3637
-2.5137
-0.3307
0.7820
2.5850
1.5380
8.7214
4.2410
2.9063
1.6018
1.4480
0.9814
0.6481
0.8168
0.8187
1.5696
1.5320
3.2904
3.6258
3.1275
3.5512
4.0087
5.1100
5.6353
6.3627
5.9476
6.2617
5.1524
5.1369
5.2786
4.9047
4.5946
4.3034
4.2255
4.0942
4.0401
3.8725
3.7311
3.4841
3.5956
3.4051
3.1678
2.3957
1.7894
1.1753
1.0428
1.0493
0.8514
0.6639
0.5195
0.2937
0.0816
-0.1217
-0.3738
-0.5280
-0.6496
-0.7501
-0.8954
-1.0975
-1.3684
-1.6414
-1.9124
-2.0341
-2.0800
-2.0863
-2.0692
-2.0399
-2.0355
-2.0781
-2.1525
-2.1370
-2.2169
-2.4315
-2.4565
-2.6394
-2.6901
-2.7382
-2.8077
-2.9454
-3.1041
-3.1546
-3.1291
-3.1948
-3.3351
-3.4963
-3.7430
-4.1082
-4.4332
-4.6794
-4.8178
-4.8526
-4.8817
-4.8569
-4.8757
-4.9040
-4.8980
-4.7994
-4.7558
-4.7349
-4.7564
-4.7966
-4.7458
-4.4950
-4.0623
-3.6562
-3.4845
-3.5283
-3.9067
-4.0277
-3.7611
-3.6496
-3.5837
-3.5185
-3.5622
-3.6674
-3.7199
-3.8122
-4.0069
-4.2596
-4.5134
-4.6545
-4.7654
-4.9357
-5.1520
-5.3489
-5.5295
-5.6957
-5.9263
-6.1608
-6.4093
-6.7527
-6.9475
-7.0873
-7.1163
-7.1300
-6.8633
-6.9009
-6.9138
-6.8466
-6.7753
-6.7464
-6.7260
-6.6501
-6.5457
-6.4003
-6.3233
-6.3169
-6.3233
-6.3157
-6.3124
-6.3225
-6.3353
-6.3701
-6.4444
-6.5520
-6.6859
-6.7928
-6.8759
-6.8890
-6.8219
-6.7267
-6.6320
-6.5276
-6.4669
-6.4414
-6.3960
-6.3687
-6.3328
-6.2735
-6.2231
-6.1741
-6.1070
-6.0233
-5.9530
-5.9199
-5.9501
-5.8071
-5.7184
-5.7756
-5.7316
-5.6563
-5.4299
-5.3138
-5.1916
-5.1027
-4.8718
-4.6593
-4.5629
-4.6082
-4.8392
-5.0157
-5.1067
-5.0906
-5.0558
-5.1151
-5.2791
-5.4400
-5.5033
-5.2704
-5.0990
-5.1251
-5.3308
