1.8132
1.8649
1.8974
1.8297
1.8327
1.8003
1.7833
1.7907
1.8954
1.8320
1.8628
1.8214
1.6659
1.6229
1.6615
1.7535
1.8691
1.9184
1.9846
2.0202
2.1495
2.4020
2.5529
2.8749
3.3139
3.5389
3.8327
4.1735
4.2893
4.1457
3.6696
3.2662
2.6417
1.9968
1.4207
0.8821
0.3545
-0.0122
-0.1929
-0.0972
0.0691
0.2882
0.5771
0.7839
1.0249
1.2290
1.3975
1.5646
1.7649
1.9720
2.1609
2.2674
2.3030
2.2603
2.2333
2.1618
2.1266
2.0293
1.9567
1.9356
1.9597
1.9152
1.8354
1.8566
1.9306
1.8430
1.8554
1.8829
1.9290
2.0947
2.1375
2.1854
2.1511
2.0537
2.0404
2.1426
2.1755
2.5208
2.8056
3.0231
2.9393
2.8157
2.8618
2.9541
3.1439
3.1775
3.2047
2.9497
2.7877
2.7301
2.5558
2.2212
1.6774
0.9188
-0.2245
-4.1120
-6.4882
-7.1453
-7.0533
-6.6335
-5.4783
-4.3350
-3.5945
-3.3196
-1.6933
-0.8949
-0.3611
-0.5935
0.1284
0.9336
1.0069
1.2318
1.8203
1.6005
1.4325
1.3678
1.6533
1.3280
2.1265
3.1331
2.6778
2.7517
3.1182
4.4651
5.4613
5.4549
4.8348
4.3166
3.9315
3.9804
3.2930
2.5842
2.4479
2.4205
2.1374
1.8312
1.9952
2.5382
2.8181
2.7945
2.9395
2.9121
2.6898
2.3842
1.7498
1.1963
1.2867
1.7998
2.4258
2.5316
3.0273
3.0364
2.9812
2.7969
2.5329
3.3265
3.7278
4.0041
5.3723
6.0380
5.5124
5.1650
5.3273
5.4792
5.4077
5.3131
5.3989
5.9208
8.0988
7.7872
8.6521
8.6525
9.2656
9.7994
10.4979
11.0168
11.0822
13.7118
10.2180
8.7283
2.9772
-6.4668
-5.9905
-3.9907
-4.0842
-6.0606
-4.7163
-3.1603
-2.3190
-2.7066
-2.8730
-2.9378
-3.6345
-4.0705
-4.5351
-5.4903
-5.8069
-6.7610
-6.4487
-5.3532
-6.1231
-6.1800
-6.8587
-7.3315
-7.1873
-7.5956
-7.3490
-7.2594
-6.6388
-6.2208
-6.7225
-6.6274
-6.1263
-6.1820
-6.6509
-6.3884
-6.5042
-6.7698
-6.5596
-6.5762
-7.0087
-7.3821
-7.5685
-7.7711
-7.8535
-7.9687
-8.0372
-7.9616
-7.8605
-7.7503
-7.6862
-7.5415
-7.2194
-6.9224
-6.6470
-6.5127
-6.3799
-6.3775
-6.4240
-6.5495
-6.6840
-6.6838
-6.6982
-6.7211
-6.7298
-6.8503
-7.0374
-7.4425
-7.3844
-7.4947
-7.4044
-7.1395
-6.9224
-6.6438
-6.3109
-6.1376
-5.8182
-5.7252
-5.7903
-5.4486
-5.5434
-5.5826
-5.6161
-5.5904
-5.6561
-5.6826
-6.0008
-6.0812
-6.1550
-5.9249
-5.8573
-5.7061
-5.4890
-5.4353
-5.2344
-4.9512
-4.6693
-4.8446
-5.3481
-5.7158
-5.8748
-5.9142
-5.6646
-5.6982
-6.0956
-6.2580
-6.2833
-6.2169
-6.0245
-5.7950
-5.7504
-5.7320
-5.6392
-5.4516
-5.1902
-4.9241
-4.7474
-4.6089
-4.4793
-4.4149
-4.3670
-4.2929
-4.1394
-3.9520
-3.8277
-3.6117
-3.2930
-2.8801
-2.4808
-2.1776
-1.8896
-1.6179
-1.3488
-1.1316
-0.9712
-0.7689
-0.5004
-0.2341
0.0358
0.2387
0.4140
0.5550
0.6703
0.7615
0.8721
1.0207
1.1439
1.2785
1.4539
1.6780
1.8818
2.0102
2.0968
2.1372
2.1061
2.0197
1.9286
1.8447
1.8022
1.8115
1.8102
1.7895
1.8114
1.8123
1.8182
1.8539
1.8941
1.9463
1.9750
2.0182
2.1647
2.3605
2.3911
2.4959
2.7093
3.1510
3.4983
3.5750
3.6768
3.7825
3.8707
3.8977
3.8836
3.8758
3.6826
3.8621
3.9467
4.0017
4.1489
4.3871
4.5570
4.7081
4.8350
5.3346
5.5484
5.3794
5.0832
