0.9690
0.9540
0.9550
0.8910
0.8180
0.9130
0.9240
0.8620
0.8880
0.9980
1.1970
1.3360
1.8450
1.5210
1.9610
1.9210
2.1790
3.4010
2.7090
1.8710
1.9970
2.1140
1.7570
2.0500
2.2970
2.5280
2.6670
2.3550
2.2320
2.1670
2.0480
2.3590
2.1450
2.0430
2.0710
2.1120
1.9180
2.1430
2.2120
2.7540
2.3910
1.8290
1.5600
1.6480
2.0830
1.9500
3.0060
4.7050
4.5680
3.9790
4.1210
4.2600
3.8830
3.1830
3.2280
2.4210
2.8810
2.5340
2.2970
1.6290
1.0250
1.9700
1.6770
1.7290
2.4120
3.2690
4.2150
4.4340
4.8970
5.0670
4.7370
4.6020
4.5630
4.0620
3.2530
2.2970
2.2010
2.1650
1.8410
1.7010
1.8230
2.1210
2.2950
2.2610
2.1120
2.2850
2.3800
2.0940
1.7490
1.4300
1.2150
1.1040
1.4240
1.6860
1.8250
2.0000
2.1560
2.3500
2.4900
2.5800
2.4730
2.4510
2.5870
2.7450
2.8290
2.7170
2.6800
2.7280
2.7010
2.7050
2.7420
2.7380
2.6030
2.5710
2.6980
2.7290
2.5990
2.5260
2.5070
2.8030
2.9100
3.0720
3.4440
3.7050
4.0950
4.3590
4.5950
4.0480
3.6790
3.6130
3.6630
3.4950
3.7670
4.3850
5.1210
5.4080
6.1360
6.3950
6.1210
6.5990
6.4880
5.8060
6.0440
6.5170
6.4930
6.8600
7.2290
6.9100
6.0050
6.3770
6.4310
5.8000
5.9210
6.2400
5.6360
5.5100
4.6700
4.7650
4.6160
4.7890
4.7080
4.5210
4.7470
4.6310
4.9940
5.4630
5.2960
5.3030
5.6070
5.5290
5.7700
5.5840
5.3570
5.3740
5.2810
5.0620
4.9570
4.8650
4.6860
4.6850
5.0030
5.3450
5.4170
5.6640
5.6310
5.4200
5.3530
5.2850
5.3760
5.4380
5.4370
5.4320
5.4420
5.3720
5.3300
5.4660
5.6380
5.8500
5.8730
5.8620
5.9320
6.0110
6.0820
6.1620
6.1460
6.0650
5.9690
5.8600
5.6830
5.5080
4.8940
4.3790
4.2320
4.2620
4.1510
3.9960
3.8720
3.7860
3.7660
3.7650
3.7230
3.6530
3.5270
3.4310
3.3040
3.2050
3.1100
3.0250
2.9750
2.8760
2.8320
2.8070
2.6990
2.6190
2.4250
2.1290
1.8240
1.5460
1.6960
2.3470
2.9020
3.2630
3.7380
4.1410
4.4020
4.6760
4.6620
5.0320
5.0530
5.2130
5.4760
5.4130
5.2590
5.5380
6.0200
6.1970
5.9930
5.8200
5.5060
5.5720
5.8840
6.0420
6.2310
6.3560
6.3780
6.6190
6.7890
7.1990
7.0870
6.5280
6.2550
6.6010
6.3750
6.2580
6.1610
6.1860
6.3880
6.7960
6.4450
6.1220
6.1880
6.0550
5.8440
5.8360
5.9710
6.0240
5.8020
5.6730
5.7270
5.4700
4.9750
4.6120
4.1870
3.8540
3.8260
4.0790
3.9640
4.0340
4.7800
4.8400
5.0910
5.3010
4.9000
4.9270
4.7850
4.6330
4.2630
3.6110
3.0150
3.2750
3.7600
3.9060
3.6580
3.7250
3.7180
3.7590
3.9350
3.8840
3.8290
3.7890
3.7410
3.7290
3.7340
3.9160
4.0830
4.0200
3.7870
3.4300
3.0040
2.8100
2.8120
3.0370
3.3010
3.5440
3.7860
4.4420
4.5400
5.1300
6.5650
7.0620
7.5140
7.7700
8.1090
8.1690
8.1880
8.2360
8.0150
7.7990
7.7520
7.9050
8.1040
8.2380
8.4460
8.6810
8.3420
8.4460
8.5210
8.7650
8.8470
8.9830
9.2240
9.6230
9.6520
9.5180
9.3330
9.3310
9.3710
9.4240
9.4100
9.3570
9.4170
9.3280
9.3220
9.3930
9.5080
9.5130
9.5320
