672.5900
639.6000
692.5100
701.9900
725.1000
719.8600
713.3600
710.9900
692.1400
704.6200
677.7700
728.4500
722.0400
701.1200
728.5900
740.7600
768.6200
813.5500
834.8600
816.6900
837.3200
868.5200
845.3200
823.8600
810.5800
805.0500
791.5300
784.2900
791.6700
772.9200
788.8100
776.8200
783.5700
776.6200
767.9200
780.5900
753.5100
762.9800
748.8400
738.5500
738.3100
722.6200
723.4000
711.9700
725.8600
765.0800
771.3300
757.3400
750.7300
808.6900
827.1000
808.2200
836.8300
873.3900
841.5700
863.2000
828.2600
865.1300
868.5300
878.8900
901.6000
828.6500
832.0100
828.0500
823.5700
823.1500
829.5500
840.2200
843.0700
857.2800
869.0500
859.8700
829.9300
808.5200
830.1300
871.5100
880.9700
881.6700
879.6800
882.0600
886.1300
883.8400
875.9700
891.0700
906.0200
918.5800
923.2400
899.2800
865.1600
841.3400
831.2900
837.4400
838.9300
841.8300
825.7400
826.1700
839.4500
853.6000
876.6400
894.0900
894.3600
894.6100
899.9300
910.8500
918.9200
911.0300
908.4800
910.3400
910.5200
913.8300
922.3600
944.6200
949.2000
949.4700
953.1400
934.9000
933.2900
936.6400
946.5900
952.8200
950.8900
945.9600
941.0300
933.9500
930.7500
943.1400
953.7100
920.7400
914.3800
923.8000
920.5900
910.2300
888.7900
859.8300
878.1900
870.2500
828.3100
835.7800
800.1800
766.1300
767.0900
778.5800
755.3900
737.3100
737.2400
732.2100
714.6100
713.2900
695.3900
674.4500
665.0900
682.8900
708.3500
692.0300
699.8500
675.5300
664.9500
676.9300
673.6000
712.4700
706.4400
706.1600
720.2600
748.3300
773.8600
751.3200
761.7100
785.8200
794.4400
806.0200
816.2100
792.5800
798.2600
793.8400
789.3900
795.5700
800.0000
799.4600
795.6500
806.1900
837.0400
847.2000
862.7900
857.1100
836.8100
822.7400
830.4300
845.4700
838.0300
828.4100
806.2600
792.8400
798.2800
796.8100
792.7900
797.9700
788.0000
785.5300
786.4300
791.6600
796.4000
793.1600
793.5200
786.8800
779.7700
779.5400
774.7800
797.3200
820.5800
825.0200
828.4000
826.9600
830.5700
839.7500
854.5200
863.6800
859.9700
856.9900
852.9600
848.9600
853.4200
853.8600
850.8100
845.4300
840.7200
836.4400
835.2000
832.5400
828.1900
816.5800
812.4200
776.6800
746.4800
731.4700
722.4700
711.0800
699.6200
681.2300
661.8900
647.2800
636.8600
631.0100
617.4500
609.5700
594.7000
580.9800
559.5500
564.4300
550.2500
538.7000
536.8700
519.5500
511.9400
506.1300
510.8200
555.2900
557.1000
575.2900
586.3000
587.1600
610.0200
629.9000
635.7900
649.9800
679.1900
706.4000
737.1900
750.5300
739.9100
719.6700
713.5200
724.6900
710.1800
711.1700
703.2800
690.4200
696.2400
723.6300
712.4200
676.3700
662.5400
643.4200
616.9700
615.9500
615.2700
599.3800
572.8200
563.9500
567.6200
566.0300
541.9100
521.1100
496.1400
490.8100
509.0400
518.5000
539.7200
553.7300
569.6100
571.0300
617.8800
614.4000
638.5100
688.8200
707.2100
712.5400
690.0300
706.0800
693.0200
720.1200
752.2900
768.7300
763.5500
760.2600
754.0800
734.5400
722.0300
725.6500
722.1100
723.0700
716.2700
707.6600
700.2400
695.5900
688.9700
682.0000
670.0900
628.8500
578.6200
545.2900
515.9900
491.2300
462.9300
417.6000
389.1000
353.0700
341.9300
308.8300
291.3900
281.4700
270.1500
262.0800
246.4700
244.8500
222.3000
192.7400
196.0400
195.1000
203.8300
202.0400
175.1800
169.4600
185.6400
171.1700
176.3300
181.4300
197.5600
203.6400
215.8200
217.4000
220.4900
205.0800
216.7800
219.9300
222.4100
221.7300
225.6400
228.6400
228.5000
233.4100
225.4100
231.4300
231.3400
235.2500
232.2800
204.6800
179.5100
