0.7375
0.7140
0.7144
0.6129
0.4972
0.6479
0.6663
0.5670
0.6096
0.7831
1.0997
1.3196
2.1278
1.6130
2.3119
2.2480
2.6582
4.5969
3.4978
2.1679
2.3694
2.5549
1.9871
2.4529
2.8452
3.2112
3.4321
2.9361
2.7423
2.6385
2.4493
2.9435
2.6042
2.4410
2.4862
2.5505
2.2432
2.6008
2.7097
3.5697
2.9938
2.1018
1.6747
1.8147
2.5050
2.2934
3.9693
6.6657
6.4481
5.5139
5.7396
5.9602
5.3616
4.2512
4.3213
3.0408
3.7711
3.2208
2.8446
1.7845
0.8265
2.3262
1.8602
1.9426
3.0274
4.3874
5.8888
6.2351
6.9700
7.2408
6.7162
6.5015
6.4405
5.6453
4.3613
2.8452
2.6919
2.6354
2.1204
1.8992
2.0933
2.5648
2.8420
2.7880
2.5508
2.8251
2.9764
2.5226
1.9756
1.4695
1.1274
0.9518
1.4588
1.8757
2.0951
2.3731
2.6213
2.9295
3.1514
3.2942
3.1245
3.0896
3.3056
3.5563
3.6888
3.5115
3.4525
3.5287
3.4859
3.4928
3.5502
3.5444
3.3300
3.2791
3.4811
3.5296
3.3246
3.2088
3.1783
3.6471
3.8171
4.0743
4.6647
5.0783
5.6978
6.1163
6.4912
5.6238
5.0372
4.9329
5.0117
4.7449
5.1767
6.1582
7.3258
7.7807
8.9371
9.3472
8.9125
9.6711
9.4948
8.4126
8.7909
9.5414
9.5024
10.0848
10.6713
10.1653
8.7291
9.3182
9.4047
8.4036
8.5948
9.1016
8.1424
7.9438
6.6108
6.7606
6.5238
6.7983
6.6706
6.3741
6.7330
6.5488
7.1250
7.8681
7.6030
7.6141
8.0976
7.9730
8.3557
8.0602
7.6999
7.7272
7.5793
7.2319
7.0663
6.9195
6.6356
6.6347
7.1391
7.6812
7.7950
8.1868
8.1349
7.7999
7.6939
7.5855
7.7301
7.8287
7.8271
7.8190
7.8347
7.7239
7.6576
7.8731
8.1466
8.4821
8.5198
8.5020
8.6124
8.7381
8.8508
8.9769
8.9520
8.8240
8.6712
8.4987
8.2170
7.9406
6.9663
6.1480
5.9150
5.9626
5.7873
5.5406
5.3435
5.2075
5.1756
5.1738
5.1074
4.9964
4.7966
4.6444
4.4432
4.2855
4.1344
4.0004
3.9200
3.7629
3.6936
3.6543
3.4828
3.3554
3.0477
2.5780
2.0946
1.6534
1.8915
2.9233
3.8044
4.3781
5.1313
5.7710
6.1846
6.6203
6.5975
7.1847
7.2186
7.4718
7.8891
7.7887
7.5453
7.9882
8.7525
9.0327
8.7090
8.4344
7.9369
8.0410
8.5369
8.7871
9.0868
9.2859
9.3208
9.7020
9.9725
10.6233
10.4459
9.5581
9.1258
9.6749
9.3160
9.1299
8.9763
9.0157
9.3365
9.9831
9.4268
8.9137
9.0194
8.8072
8.4736
8.4605
8.6742
8.7581
8.4057
8.2009
8.2871
7.8794
7.0934
6.5187
5.8442
5.3158
5.2716
5.6719
5.4897
5.6003
6.7840
6.8797
7.2778
7.6112
6.9747
7.0187
6.7932
6.5521
5.9646
4.9300
3.9838
4.3959
5.1665
5.3973
5.0038
5.1106
5.1002
5.1640
5.4432
5.3627
5.2759
5.2126
5.1357
5.1169
5.1250
5.4142
5.6793
5.5784
5.2085
4.6426
3.9659
3.6587
3.6618
4.0184
4.4385
4.8226
5.2076
6.2480
6.4035
7.3399
9.6174
10.4064
11.1233
11.5289
12.0669
12.1620
12.1918
12.2694
11.9174
11.5750
11.5009
11.7433
12.0598
12.2717
12.6026
12.9748
12.4365
12.6023
12.7212
13.1078
13.2379
13.4537
13.8362
14.4698
14.5160
14.3023
14.0091
14.0069
14.0700
14.1542
14.1314
14.0472
14.1425
14.0007
13.9920
14.1048
14.2877
14.2956
14.3252
