-5.3871
-5.4251
-5.4546
-5.4840
-5.4626
-5.4495
-5.4209
-5.4000
-5.3886
-5.4022
-5.4213
-5.5401
-5.5897
-5.5858
-5.7843
-5.8267
-5.9102
-6.1028
-6.0978
-6.0830
-5.9549
-5.8680
-5.7274
-5.4572
-5.2948
-5.0939
-4.9110
-4.7000
-4.4553
-4.2773
-4.1568
-4.0720
-3.7070
-3.1763
-2.7324
-2.3889
-2.3469
-2.1065
-1.8254
-1.6693
-1.4960
-1.3109
-1.2171
-1.4151
-1.9788
-2.4023
-3.0634
-4.0882
-3.9888
-4.1592
-4.3276
-4.2610
-4.2416
-4.1537
-3.8293
-3.5902
-3.6619
-3.8666
-3.8585
-3.6824
-3.6367
-3.5862
-3.6399
-3.8081
-4.1261
-4.4527
-4.8695
-5.2760
-5.6110
-5.8411
-5.9831
-6.0151
-6.0030
-5.9393
-5.8945
-5.8922
-5.8528
-5.8668
-5.9414
-6.0217
-6.0435
-6.0078
-5.9532
-5.9216
-5.8460
-5.7023
-5.5806
-5.4748
-5.3434
-5.1791
-5.0411
-5.0365
-4.9798
-4.8563
-4.8451
-4.9864
-5.0478
-4.9736
-4.9186
-4.8726
-4.7663
-4.8402
-5.0675
-5.3258
-5.5249
-5.5088
-5.4405
-5.4207
-5.4097
-5.3886
-5.3559
-5.3347
-5.3223
-5.3302
-5.3492
-5.3590
-5.4099
-5.2821
-4.9985
-4.6611
-4.2885
-3.8854
-3.5732
-3.3654
-3.1650
-2.8653
-2.5103
-2.1884
-1.9479
-1.8138
-1.6469
-1.4211
-1.5424
-2.0357
-2.5975
-2.5949
-2.9019
-2.8900
-2.4577
-2.4705
-2.0265
-2.0091
-2.1197
-2.0535
-1.5554
-1.4578
-1.3061
-1.0917
-0.1519
0.6982
0.4746
0.3344
0.2234
0.2240
0.0964
-0.0703
-0.2470
-0.3959
-0.5601
-0.7160
-0.8974
-1.1703
-1.5000
-1.9222
-2.3924
-2.9246
-3.3639
-3.6568
-3.9424
-4.0203
-3.8845
-4.0030
-4.2025
-4.0556
-3.9769
-3.9234
-3.6424
-3.3521
-3.1641
-3.0553
-3.2694
-3.8082
-4.3647
-4.7048
-4.9268
-5.0504
-5.1911
-5.2783
-5.2853
-5.2150
-5.1410
-5.0631
-5.0784
-5.1964
-5.2102
-5.1395
-5.0980
-5.1559
-5.1615
-5.1520
-5.1278
-5.0693
-5.0342
-5.0426
-5.0994
-5.1916
-5.2581
-5.2683
-5.1055
-4.9347
-4.7093
-4.4276
-4.1066
-3.7802
-3.4695
-3.1276
-2.7373
-2.2705
-1.7507
-1.2968
-0.9038
-0.5056
-0.0841
0.2924
0.6331
0.9818
1.3623
1.7226
2.0319
2.3195
2.6067
2.8785
3.1179
3.3197
3.4679
3.5544
3.5755
3.5260
3.2586
2.8653
3.0308
3.0290
2.9386
2.9504
2.9430
3.0551
3.2377
3.2451
3.2423
3.0642
3.1017
3.3786
3.4240
3.2878
2.9346
2.5586
2.2469
1.9519
1.6725
1.3024
0.9720
0.6788
0.4047
0.2008
0.0071
-0.2843
-0.4787
-0.6278
-0.6018
-0.3730
-0.2648
-0.4861
-0.3867
-0.2289
-0.1163
-0.0819
-0.2027
-0.7632
-1.1024
-1.1885
-1.4195
-1.5614
-1.4583
-1.3323
-1.3029
-1.4690
-1.6323
-1.8265
-2.0948
-2.2883
-2.3911
-2.3049
-2.1436
-2.0448
-2.0883
-2.4293
-2.8318
-3.1447
-3.1844
-3.0765
-3.2007
-3.5020
-3.7029
-4.0702
-4.2715
-4.2686
-3.9390
-3.3690
-2.9932
-2.9871
-2.7126
-2.4083
-1.9883
-1.5560
-1.1129
-0.7642
-0.4351
-0.0062
0.5009
0.8598
1.1340
1.4600
1.7864
2.0564
2.2256
2.3600
2.5264
2.7628
3.0575
3.3556
3.6078
3.8132
3.8378
3.3858
2.8086
2.5066
2.8589
3.8359
4.7168
4.7146
4.6057
4.3299
4.1316
3.9531
3.8053
3.5892
3.3991
3.2119
3.0021
2.7956
2.5708
2.2749
1.9928
1.7988
1.6096
1.5710
1.4422
1.3239
1.1335
0.9916
0.8844
0.7590
0.5968
0.4540
0.3489
0.2583
0.2043
0.1886
0.1758
0.1666
0.1250
0.0551
0.0058
-0.0257
-0.0409
-0.0640
-0.0897
