0.7265
0.7012
0.6852
0.5913
0.2875
0.1886
-0.0783
-0.1930
-0.3985
-0.6669
-1.0405
-0.8071
-1.2624
-1.2980
-0.2300
-1.0573
-0.6786
0.4453
1.2664
0.2611
0.3527
0.6328
-0.2393
-0.9426
-1.4678
-1.7676
-1.8022
-1.4764
-1.4653
-1.8603
-1.2891
-1.1937
0.0536
0.7247
0.7084
0.6548
0.1124
0.2383
0.1425
0.0791
-0.1908
-0.4531
-0.5331
-1.6282
-2.3349
-2.2646
-3.3375
-5.3955
-5.7903
-5.4578
-5.7392
-5.9396
-5.3616
-4.2510
-4.3170
-3.0374
-3.7614
-3.2006
-2.8179
-1.6698
-0.8232
-2.3125
-1.8211
-1.6952
-2.0926
-2.9072
-3.0984
-3.3405
-3.7008
-3.8043
-3.2451
-2.8276
-3.0818
-2.9790
-2.0135
-0.7692
-0.7445
-0.7775
-0.8382
-0.9987
-1.1869
-1.5031
-1.5635
-1.2599
-0.9263
-0.9561
-0.9245
-0.3850
0.0648
0.2849
0.3489
0.8971
1.4530
1.8516
2.0293
2.2522
2.3863
2.5287
2.6965
2.8189
2.6332
2.5246
2.3989
2.1506
2.0103
1.8007
1.5596
1.4224
1.1973
1.0724
0.9552
0.7693
0.4519
0.1413
-0.0020
-0.4518
-0.8216
-1.1696
-1.4717
-1.7943
-1.9377
-2.1122
-2.8171
-3.4919
-4.0150
-4.0598
-4.0492
-3.4542
-2.9573
-2.9642
-3.0546
-2.9482
-3.9994
-5.6253
-7.0019
-7.3879
-8.6663
-8.8910
-8.5234
-9.3100
-8.8848
-7.6295
-8.3494
-9.1237
-8.7626
-9.2233
-9.6706
-9.2047
-6.7734
-4.2962
-3.5418
-3.5655
-3.6552
-4.5029
-4.1679
-4.0031
-3.2106
-3.5921
-3.6616
-3.6406
-4.2760
-4.2959
-4.5882
-4.3573
-4.8428
-5.6637
-5.3762
-5.3536
-5.7819
-5.1050
-4.8273
-4.3904
-3.8128
-3.6113
-3.0582
-2.3075
-1.6109
-0.8238
-0.2305
-0.0021
-0.0311
-0.2774
-0.9004
-1.7529
-1.4822
-0.9185
-1.1225
-1.2494
-1.1235
-0.9264
-0.6962
-0.4154
-0.5120
-0.7907
-0.9346
-1.3515
-1.6247
-1.4941
-1.3309
-1.3151
-1.3253
-1.2821
-1.1162
-1.0012
-0.8725
-0.5533
-0.2998
-0.1125
0.2724
0.6451
0.9336
1.0129
1.2553
1.4207
1.4602
1.5081
1.5100
1.6432
2.0822
2.4153
2.5499
2.6264
2.8497
3.0781
3.0510
2.9888
2.9297
2.8879
2.8169
2.7143
2.5899
2.6143
2.5508
2.5031
2.1367
1.6891
1.0157
0.2327
-0.9609
-2.5202
-3.4202
-3.9359
-4.7174
-5.3656
-5.7741
-6.1466
-6.1465
-6.5158
-6.4480
-6.8886
-7.1958
-6.8299
-6.2076
-5.4154
-4.8419
-4.7913
-4.5046
-3.8538
-3.5912
-3.9696
-3.8760
-3.7368
-3.8059
-3.3671
-2.7445
-2.3959
-2.1241
-0.7258
-0.3055
0.2473
0.3581
0.5896
0.7743
1.0962
1.4203
1.5009
1.2626
1.5514
2.3718
3.4171
4.1805
5.1576
5.7694
6.0173
6.5269
6.9628
6.9527
6.5315
6.3246
6.0682
5.5697
4.8628
4.2141
4.0511
4.0727
3.6088
2.5189
0.7945
0.4332
-0.0605
-0.0456
-1.0225
-0.2766
0.4014
0.1721
0.4309
0.0761
0.6168
-0.1093
-0.1152
0.1842
0.6838
0.6566
0.4779
0.6798
0.5922
0.6634
0.8194
0.8053
0.9134
0.9581
1.6017
2.7216
3.5936
3.9996
4.0309
3.7016
3.3005
2.5248
1.6703
0.7141
-0.2367
-1.4043
-3.1553
-4.3621
-5.3338
-4.8403
-3.4752
-2.0189
-2.6399
-3.2965
-3.9471
-4.1854
-4.4693
-4.7464
-5.0259
-4.7158
-4.3329
-3.7972
-3.9368
-4.0784
-4.1859
-4.2998
-4.6046
-4.1334
-3.5559
-3.1197
-2.9691
-2.8800
-2.6177
-2.4054
-2.5733
-2.1732
-1.7800
-1.5745
-1.4760
-1.1095
-0.6136
-0.2409
0.0626
0.2950
0.5777
0.8159
1.1325
1.4491
1.9159
2.3318
