-0.1267
-0.1350
-0.2021
-0.1612
-0.4057
-0.6199
-0.6617
-0.5331
-0.4613
-0.4106
-0.3559
1.0440
1.7129
0.9576
2.3004
1.9838
2.5701
4.5753
3.2605
2.1522
2.3430
2.4753
1.9727
2.2645
2.4374
2.6809
2.9208
2.5379
2.3179
1.8711
2.0826
2.6906
2.6036
2.3310
2.3831
2.4650
2.2404
2.5899
2.7059
3.5689
2.9877
2.0524
1.5876
0.8014
0.9072
0.3620
-2.1486
-3.9141
-2.8373
-0.7840
-0.0707
-0.4945
-0.0021
0.0464
-0.1907
0.1443
-0.2703
-0.3609
0.3893
0.6294
0.0744
0.2517
0.3795
0.9487
2.1878
3.2860
5.0078
5.2647
5.9064
6.1609
5.8802
5.8544
5.6553
4.7953
3.8686
2.7393
2.5869
2.5182
1.9477
1.6154
1.7243
2.0782
2.3733
2.4870
2.3766
2.6584
2.8292
2.4931
1.9746
1.4416
1.0720
0.3180
0.1309
0.2994
0.5211
0.7477
1.0848
1.4790
1.6312
1.7046
1.6819
1.7810
2.2742
2.8323
3.0928
3.0146
3.0801
3.2293
3.2738
3.3241
3.4192
3.4599
3.2992
3.2761
3.4811
3.5006
3.2215
2.9880
2.8170
3.1752
3.2887
3.4841
3.7179
3.6873
4.0428
4.5745
5.0734
4.4380
4.0777
3.9430
3.9733
3.7179
3.2868
2.5058
2.1542
2.4408
2.1832
2.8845
2.6046
2.6178
3.3482
3.5443
2.7509
2.7921
3.6760
4.0785
4.5119
4.3135
5.5062
8.2687
8.7123
7.6097
7.7788
7.9097
6.9948
6.8614
5.7788
5.7273
5.3994
5.7413
5.1198
4.7090
4.9277
4.8888
5.2262
5.4617
5.3760
5.4141
5.6694
6.1243
6.8202
6.7595
6.6896
6.8314
6.9349
6.8539
6.8803
6.8703
6.6316
6.6347
7.1390
7.6761
7.7428
7.9970
7.9987
7.7456
7.6116
7.4819
7.6480
7.7737
7.7960
7.8079
7.8179
7.6833
7.6003
7.7562
7.9829
8.3495
8.4152
8.3997
8.5098
8.6435
8.7801
8.9209
8.9094
8.8067
8.6661
8.4980
8.2125
7.9143
6.9035
6.0640
5.7803
5.7909
5.6001
5.3314
5.1257
4.9414
4.7383
4.5755
4.4253
4.2504
3.8583
3.4778
3.2301
3.0712
2.9172
2.7683
2.7261
2.6061
2.6334
2.5533
2.3712
2.2345
2.1732
1.9476
1.8318
1.6369
1.6292
1.4813
1.6661
1.9173
2.0190
2.1248
2.2157
2.4592
2.3972
3.0273
3.2454
2.8938
3.2339
3.7439
4.2892
5.8725
7.2912
7.6572
7.4535
7.5025
7.0779
6.9929
7.6063
7.9530
8.2514
8.6539
8.9075
9.4015
9.7437
10.5985
10.4415
9.5549
9.1187
9.6569
9.2838
9.0639
8.8632
8.8899
9.2507
9.8618
9.1236
8.2327
7.9920
7.1391
6.2061
5.9474
5.7132
5.3125
4.7241
4.9594
5.3549
5.0261
4.3926
4.3413
4.0492
3.4419
3.3471
4.3758
4.8777
5.5436
6.7701
6.8794
7.2777
7.5422
6.9692
7.0072
6.7910
6.5379
5.9641
4.8912
3.9823
4.3944
5.1632
5.3538
4.9605
5.0882
5.0547
5.1299
5.4027
5.2997
5.2141
5.1319
5.0455
4.8598
4.3427
4.0496
4.0320
3.8562
3.6642
3.2651
3.0584
3.2551
3.5915
4.0114
4.2105
3.6471
2.8445
3.2538
4.1924
6.4651
9.4031
10.0660
10.6236
10.8322
11.3178
11.3110
11.2299
11.1928
10.9446
10.7334
10.8560
11.0637
11.3492
11.5357
11.8464
12.1303
11.7295
12.0902
12.3328
12.7671
12.9208
13.1966
13.6256
14.2391
14.3524
14.1911
13.9204
13.9290
14.0261
14.1408
14.1293
14.0471
14.1394
13.9888
13.9682
14.0592
14.2140
14.1666
14.1341
