-0.0000
-0.0015
-0.0002
-0.0044
-0.0093
-0.0076
-0.0075
-0.0058
-0.0069
-0.0067
-0.0054
0.0138
-0.0165
-0.0112
0.0225
0.0062
0.0042
-0.0076
-0.0197
-0.0152
-0.0366
-0.0709
0.0009
-0.0024
0.0013
-0.0062
-0.0031
-0.0052
0.0045
0.0188
0.0233
0.0251
0.0526
0.0695
0.1021
0.1322
0.1229
0.1262
0.1245
0.1476
0.1224
0.1390
0.1381
0.1086
0.0918
0.0219
0.0762
-0.0328
0.0193
0.0058
0.0106
0.0195
0.0144
-0.0033
-0.0051
0.0003
-0.0040
0.0248
-0.0229
0.0112
0.0083
-0.0151
-0.0426
-0.0133
-0.0207
-0.0161
-0.0177
-0.0084
-0.0044
-0.0042
0.0011
-0.0034
0.0040
0.0119
0.0221
0.0017
-0.0082
0.0009
0.0117
0.0097
-0.0121
-0.0158
-0.0097
-0.0030
-0.0101
-0.0117
-0.0070
-0.0062
-0.0090
-0.0100
-0.0040
-0.0019
-0.0084
-0.0089
-0.0003
0.0000
-0.0049
-0.0064
0.0012
-0.0018
-0.0017
0.0045
0.0019
0.0039
0.0010
-0.0053
-0.0037
-0.0020
-0.0025
-0.0040
-0.0048
-0.0068
-0.0059
-0.0022
-0.0011
0.0015
0.0026
0.0026
0.0076
0.0135
0.0129
0.0229
0.0292
0.0321
0.0377
0.0488
0.0664
0.0828
0.1010
0.1147
0.1163
0.1127
0.0996
0.0718
-0.0052
0.0028
0.0415
0.0381
0.0257
0.0392
0.0692
0.0573
0.0119
0.0512
0.0438
0.0616
0.0486
0.0294
0.0643
0.0907
0.0158
0.0336
0.0426
0.0164
0.0350
0.0191
0.0176
0.0015
0.0168
0.0151
0.0172
0.0054
0.0284
0.0186
0.0128
0.0035
0.0093
-0.0078
-0.0047
-0.0025
-0.0028
0.0066
0.0060
-0.0023
0.0031
0.0049
0.0002
-0.0099
-0.0140
0.0035
0.0116
-0.0002
0.0066
0.0018
-0.0110
-0.0053
0.0009
-0.0053
-0.0076
-0.0073
-0.0098
-0.0100
-0.0095
-0.0082
-0.0095
-0.0062
0.0004
0.0018
0.0047
0.0069
0.0028
-0.0015
-0.0044
-0.0060
-0.0049
-0.0045
-0.0051
-0.0034
0.0007
0.0015
-0.0000
0.0010
0.0035
0.0066
0.0055
0.0047
0.0052
0.0066
0.0118
0.0116
0.0102
0.0117
0.0138
0.0141
0.0129
0.0160
0.0220
0.0288
0.0326
0.0353
0.0405
0.0495
0.0567
0.0695
0.0985
0.1352
0.1551
0.1487
0.1189
0.0423
0.0000
0.0101
0.0129
0.0128
0.0184
0.0108
0.0105
0.0134
0.0005
-0.0025
0.0080
0.0070
0.0073
0.0140
0.0437
0.0047
0.0053
0.0183
0.0290
0.0189
-0.0023
-0.0028
-0.0014
-0.0034
-0.0000
-0.0011
-0.0022
-0.0021
-0.0108
-0.0066
0.0020
-0.0035
-0.0064
-0.0046
-0.0072
-0.0069
-0.0016
-0.0103
-0.0089
-0.0125
-0.0025
-0.0139
-0.0156
-0.0115
-0.0089
-0.0078
-0.0112
0.0010
-0.0101
-0.0095
-0.0150
-0.0124
-0.0169
-0.0085
0.0005
0.0087
0.0070
0.0145
-0.0026
-0.0041
0.0001
-0.0011
0.0010
-0.0031
-0.0072
-0.0072
-0.0119
-0.0184
-0.0014
0.0209
0.0118
0.0142
0.0015
0.0129
0.0111
0.0126
0.0072
0.0148
0.0317
0.0326
0.0325
0.0291
0.0246
0.0198
0.0084
0.0059
0.0115
0.0154
0.0262
0.0438
0.0600
0.0725
0.1082
0.1341
0.1043
0.0467
0.0792
0.1129
0.0174
0.0058
0.0191
0.0137
0.0043
0.0075
0.0118
0.0159
0.0070
0.0168
0.0090
-0.0029
-0.0060
-0.0015
-0.0038
-0.0023
0.0097
0.0049
0.0008
-0.0059
-0.0061
-0.0081
-0.0068
-0.0065
-0.0034
-0.0014
-0.0010
-0.0018
-0.0010
-0.0001
-0.0006
-0.0027
-0.0010
-0.0014
-0.0029
-0.0009
-0.0006
0.0012
-0.0008
