3.8010
4.1010
4.2540
4.4940
4.5930
4.6970
4.8460
4.8460
4.7810
4.8690
4.9440
4.8350
5.2840
5.3510
5.2320
5.1000
5.0020
4.7690
4.9710
4.9890
5.1130
5.5180
5.9690
5.5400
5.8190
6.0450
5.7740
5.8050
6.1430
6.5640
6.4470
6.3450
6.3040
6.2830
6.1710
6.1350
6.0810
5.9870
5.8920
5.8880
5.7960
5.6740
5.5120
5.4310
5.2520
5.0190
4.9300
4.8790
4.8660
4.8330
4.7580
4.7730
4.7590
4.7250
4.7240
4.7130
4.6620
4.5960
4.5110
4.3800
4.2440
4.1360
4.0010
3.7950
3.5160
3.3420
3.2420
3.2210
3.2040
3.1520
3.1020
3.0990
3.1420
3.1460
3.0770
2.9460
2.7870
2.6200
2.4030
2.1810
1.9710
1.8040
1.6700
1.5670
1.6020
1.6990
1.8580
2.0120
2.1490
2.2800
2.3960
2.5360
2.6670
2.7780
2.8650
2.9660
3.0820
3.1940
3.3110
3.3850
3.4640
3.5460
3.6340
3.7350
3.8570
3.9220
3.8690
3.6950
3.4470
3.1650
2.9380
2.8060
2.7690
2.7690
2.7710
2.7620
2.7410
2.5290
2.1220
1.8840
1.7810
1.7350
1.6370
1.4460
1.2100
0.9580
0.7070
0.7340
1.0130
1.3480
1.6700
1.9080
2.0610
2.1880
2.3670
2.5860
2.7730
2.8420
2.8430
2.8770
3.0080
3.4400
4.0610
4.4280
4.6650
4.9040
5.1560
5.3100
5.4070
5.5070
5.6060
5.8180
6.0290
6.1730
6.3210
6.4130
6.3530
6.2510
6.1510
5.9770
5.9150
5.9840
6.0630
6.1080
6.2330
6.4730
6.5990
6.6730
6.7490
6.8290
6.9360
7.0480
7.1050
7.1610
7.1820
7.1630
7.1350
7.1730
7.2600
7.3220
7.3520
7.3680
7.3580
7.3340
7.3090
7.3220
7.2980
7.2480
7.1420
7.0150
6.9580
6.9560
7.0220
7.0890
7.1530
7.2230
7.2480
7.2640
7.2850
7.3000
7.3260
7.3790
7.4120
7.4230
7.4070
7.3650
7.3180
7.2530
7.1580
7.0700
7.0320
6.7810
6.4160
6.2540
6.2380
6.2500
6.3580
6.4430
6.4110
6.3660
6.3190
6.3160
6.4120
6.4820
6.4640
6.3940
6.3110
6.2060
6.1270
6.0780
6.0180
5.9460
5.8610
5.7680
5.6880
5.6180
5.5610
5.5120
5.4950
5.5060
5.5200
5.5260
5.5210
5.4600
5.3880
5.3490
5.3780
5.4300
5.5060
5.5580
5.5790
5.5910
5.5970
5.5940
5.6310
5.6440
5.5320
5.5980
5.6340
5.7780
5.8950
5.9160
6.0060
6.1570
6.1530
6.0970
6.1470
6.1690
6.1990
6.2120
6.1900
6.1870
6.0750
5.9940
5.9450
5.8830
5.8310
5.7980
5.8030
5.7360
5.6180
5.5050
5.3570
5.2630
5.2210
5.2060
4.9930
4.6600
4.3180
1.9990
4.1740
3.6540
3.3400
3.4320
3.5700
3.7100
3.8860
4.2050
4.4840
4.8480
5.5110
6.0340
6.2500
6.3650
6.3760
6.3540
6.5070
6.3550
6.4530
6.6240
6.7160
6.8400
6.9140
6.9560
6.9680
6.9730
6.9890
6.9830
6.9810
7.0340
7.1510
7.2510
7.3450
7.4110
7.4360
7.4120
7.3780
7.3520
7.3340
7.3290
7.3310
7.3370
7.3410
7.3120
7.3140
7.3240
7.3130
7.2740
7.2330
7.1880
7.1250
7.0470
6.9860
6.9280
6.8870
6.8530
6.7830
6.7040
6.6250
6.5430
6.4360
6.3200
6.2030
6.1270
6.1040
6.0850
6.0630
6.0520
6.0420
6.0280
6.0060
5.9730
5.9500
5.9170
5.8940
5.8820
5.8700
5.8420
5.7900
5.7230
5.6600
5.5850
5.5070
5.4390
5.3810
5.3050
5.2370
