737.6500
712.8500
697.7700
737.6500
764.3700
756.2400
765.1600
745.6700
743.4000
715.8700
741.2900
791.5400
713.9300
756.3300
749.2900
780.5900
818.0800
832.6400
841.8000
843.2200
843.3300
824.5200
816.5200
850.6000
842.8600
833.3000
843.7100
853.5800
856.6100
864.4600
874.0500
886.4200
895.2200
910.6900
921.3300
935.7600
948.5800
959.1500
969.7400
966.1800
963.5400
967.8200
972.4500
977.9500
976.2600
970.5100
968.0200
960.9800
960.5400
963.0800
963.2900
969.1800
967.2000
964.8100
962.5500
963.5300
965.7000
963.9200
964.3100
963.3900
962.2300
964.1100
969.6200
975.2800
976.1300
980.7700
985.8000
991.5300
995.8600
1000.5000
1005.2000
1014.5000
1025.6000
1037.4000
1045.9000
1061.4000
1075.6000
1084.6000
1091.8000
1099.5000
1109.1000
1122.4000
1138.4000
1151.0000
1166.3000
1183.5000
1200.5000
1168.5000
1143.4000
1131.7000
1125.1000
1132.1000
1122.3000
1103.6000
1077.3000
1065.8000
1072.7000
1083.7000
1091.0000
1098.8000
1091.3000
1083.7000
1083.2000
1086.7000
1090.7000
1088.1000
1086.9000
1078.4000
1073.1000
1071.7000
1065.6000
1092.1000
1119.1000
1126.5000
1131.5000
1127.2000
1133.7000
1143.8000
1160.5000
1170.6000
1168.8000
1172.1000
1179.0000
1180.0000
1189.6000
1195.5000
1195.4000
1188.9000
1186.8000
1187.2000
1186.7000
1187.7000
1183.4000
1176.4000
1174.8000
1162.1000
1151.2000
1146.9000
1138.8000
1134.7000
1127.8000
1119.6000
1112.0000
1105.9000
1103.4000
1100.2000
1095.6000
1087.5000
1074.5000
1063.3000
1052.5000
1046.9000
1040.7000
1028.7000
1018.3000
1007.5000
1000.6000
996.6800
995.2300
1019.0000
1040.7000
1053.6000
1067.8000
1076.7000
1091.7000
1109.8000
1132.3000
1147.3000
1155.2000
1161.3000
1165.5000
1152.6000
1152.2000
1157.8000
1164.1000
1172.6000
1176.2000
1180.9000
1180.2000
1187.3000
1197.2000
1207.3000
1218.4000
1184.0000
1151.4000
1139.9000
1138.9000
1150.2000
1143.5000
1129.6000
1101.4000
1081.7000
1077.4000
1073.4000
1068.0000
1081.9000
1080.3000
1070.8000
1061.0000
1053.3000
1053.1000
1053.2000
1058.0000
1052.6000
1046.4000
1047.0000
1045.2000
1075.1000
1105.1000
1111.2000
1113.5000
1105.8000
1107.1000
1117.2000
1137.5000
1151.5000
1150.6000
1152.1000
1155.2000
1135.7000
1130.3000
1132.5000
1133.1000
1135.4000
1134.5000
1132.0000
1125.2000
1126.5000
1130.4000
1130.8000
1134.6000
1102.4000
1069.5000
1058.3000
1053.4000
1054.8000
1041.5000
1022.3000
992.3500
968.5600
963.1000
957.5100
950.6700
965.1400
961.2100
956.0700
948.7500
940.3700
941.1300
941.8300
946.8200
946.5500
946.0100
949.7000
952.5800
981.4800
1011.6000
1029.2000
1047.2000
1057.5000
1077.1000
1101.4000
1132.0000
1156.2000
1170.2000
1189.9000
1207.0000
1204.1000
1209.9000
1225.1000
1239.0000
1256.8000
1270.3000
1285.2000
1291.8000
1305.9000
1321.5000
1334.4000
1349.2000
1329.3000
1309.5000
1312.8000
1321.7000
1341.8000
1346.0000
1337.8000
1324.7000
1320.7000
1326.2000
1418.2000
1451.0000
1475.8000
1486.6000
1488.7000
1492.7000
1499.1000
1512.6000
1527.4000
1552.7000
1565.3000
1571.5000
1583.7000
1594.8000
1626.4000
1663.0000
1685.1000
1706.5000
1718.2000
1739.9000
1763.9000
1797.7000
1828.1000
1848.9000
1869.1000
1888.5000
1887.7000
1898.4000
1916.4000
1934.1000
1953.2000
1966.4000
1978.8000
1982.6000
1989.3000
1999.0000
2005.2000
2013.9000
1995.6000
1969.8000
1964.8000
1966.9000
1979.9000
1982.0000
1978.2000
1966.5000
1957.4000
1958.0000
1960.0000
1958.9000
1974.4000
1975.7000
1967.3000
1960.1000
1952.7000
1949.9000
1945.9000
1947.3000
1941.8000
1940.2000
1943.4000
1944.4000
1959.6000
1975.6000
1980.3000
1985.4000
1984.6000
1989.2000
1993.3000
2001.9000
2008.6000
2013.0000
2014.8000
2019.7000
2000.5000
1994.0000
1996.2000
2001.1000
2007.9000
2006.4000
2003.6000
1993.1000
1987.7000
1988.6000
1988.4000
1990.8000
1955.9000
1918.9000
