5.2309
5.7067
5.9504
6.3308
6.4887
6.6523
6.8889
6.8889
6.7870
6.9263
7.0448
6.8721
7.5847
7.6909
7.5015
7.2922
7.1375
6.7670
7.0875
7.1167
7.3129
7.9550
8.6718
7.9902
8.4340
8.7918
8.3613
8.4109
8.9476
9.6154
9.4296
9.2679
9.2023
9.1703
8.9917
8.9345
8.8491
8.7005
8.5488
8.5434
8.3967
8.2036
7.9469
7.8179
7.5344
7.1636
7.0220
6.9422
6.9218
6.8695
6.7493
6.7743
6.7517
6.6978
6.6965
6.6786
6.5969
6.4924
6.3586
6.1504
5.9342
5.7631
5.5479
5.2210
4.7785
4.5024
4.3440
4.3116
4.2845
4.2016
4.1221
4.1173
4.1858
4.1925
4.0820
3.8752
3.6218
3.3569
3.0136
2.6611
2.3273
2.0627
1.8493
1.6868
1.7415
1.8955
2.1475
2.3922
2.6094
2.8179
3.0013
3.2246
3.4316
3.6082
3.7457
3.9067
4.0898
4.2681
4.4530
4.5718
4.6970
4.8265
4.9669
5.1268
5.3204
5.4235
5.3391
5.0626
4.6701
4.2222
3.8610
3.6527
3.5943
3.5929
3.5975
3.5824
3.5489
3.2135
2.5665
2.1893
2.0265
1.9534
1.7976
1.4941
1.1203
0.7196
0.3215
0.3637
0.8071
1.3386
1.8499
2.2281
2.4702
2.6711
2.9555
3.3036
3.6002
3.7095
3.7117
3.7644
3.9734
4.6576
5.6441
6.2255
6.6024
6.9819
7.3818
7.6249
7.7796
7.9388
8.0949
8.4314
8.7660
8.9958
9.2292
9.3756
9.2803
9.1189
8.9599
8.6841
8.5855
8.6954
8.8210
8.8917
9.0898
9.4712
9.6713
9.7882
9.9083
10.0363
10.2062
10.3835
10.4739
10.5621
10.5969
10.5665
10.5220
10.5825
10.7201
10.8181
10.8667
10.8915
10.8759
10.8367
10.7980
10.8184
10.7795
10.7006
10.5325
10.3309
10.2409
10.2371
10.3419
10.4486
10.5504
10.6605
10.7015
10.7265
10.7603
10.7832
10.8251
10.9094
10.9607
10.9790
10.9534
10.8873
10.8118
10.7093
10.5580
10.4187
10.3581
9.9605
9.3802
9.1229
9.0976
9.1173
9.2886
9.4231
9.3732
9.3021
9.2263
9.2227
9.3750
9.4850
9.4571
9.3461
9.2135
9.0469
8.9214
8.8450
8.7494
8.6350
8.5001
8.3524
8.2256
8.1146
8.0240
7.9461
7.9189
7.9368
7.9583
7.9686
7.9602
7.8632
7.7488
7.6875
7.7337
7.8166
7.9369
8.0189
8.0521
8.0716
8.0803
8.0761
8.1343
8.1560
7.9777
8.0827
8.1403
8.3689
8.5545
8.5869
8.7295
8.9702
8.9633
8.8739
8.9532
8.9888
9.0356
9.0571
9.0218
9.0166
8.8401
8.7118
8.6334
8.5347
8.4526
8.3995
8.4073
8.3016
8.1146
7.9351
7.6995
7.5504
7.4844
7.4613
7.1222
6.5942
6.0512
2.3718
5.8226
4.9972
4.4990
4.6452
4.8651
5.0875
5.3656
5.8720
6.3143
6.8926
7.9452
8.7749
9.1171
9.2991
9.3176
9.2825
9.5251
9.2841
9.4392
9.7111
9.8561
10.0534
10.1713
10.2373
10.2559
10.2646
10.2896
10.2805
10.2778
10.3608
10.5473
10.7051
10.8552
10.9599
10.9986
10.9615
10.9071
10.8653
10.8375
10.8292
10.8324
10.8421
10.8481
10.8017
10.8051
10.8213
10.8041
10.7414
10.6776
10.6060
10.5053
10.3816
10.2847
10.1933
10.1282
10.0735
9.9630
9.8383
9.7117
9.5828
9.4132
9.2287
9.0430
8.9223
8.8857
8.8562
8.8200
8.8024
8.7871
8.7646
8.7295
8.6773
8.6415
8.5893
8.5524
8.5333
8.5136
8.4701
8.3877
8.2813
8.1816
8.0617
7.9390
7.8301
7.7379
7.6181
7.5104
