-12.3243
-12.2871
-12.1694
-12.1040
-12.2364
-12.4256
-12.5068
-12.5413
-12.5670
-12.5744
-12.5908
-12.6395
-12.7078
-12.7995
-12.8352
-12.8550
-12.8334
-12.8352
-12.7476
-12.6983
-12.5550
-12.3040
-12.0940
-12.1332
-12.0330
-11.8949
-11.8843
-11.8127
-11.8639
-11.9172
-12.0187
-12.1347
-12.1728
-12.2248
-12.2362
-12.2516
-12.2527
-12.2375
-12.2173
-12.1511
-12.1112
-12.0636
-12.0033
-11.9559
-11.8325
-11.7054
-11.6942
-11.5714
-11.3630
-11.3058
-11.1624
-11.0672
-11.0183
-10.9572
-10.9239
-10.9188
-10.9253
-10.9483
-10.9927
-11.0425
-11.0892
-11.1539
-11.2359
-11.3271
-11.4143
-11.4971
-11.5498
-11.5532
-11.5215
-11.4803
-11.4544
-11.4466
-11.4310
-11.4102
-11.4004
-11.4155
-11.4439
-11.4639
-11.4798
-11.4786
-11.4602
-11.4378
-11.3921
-11.3002
-11.2506
-11.2116
-11.1862
-11.1884
-11.2019
-11.2498
-11.3542
-11.4314
-11.4016
-11.3225
-11.2721
-11.2665
-11.2866
-11.3281
-11.3743
-11.3816
-11.3505
-11.2922
-11.2495
-11.2325
-11.2326
-11.2786
-11.3541
-11.3904
-11.3503
-11.2558
-11.1709
-11.1501
-11.1876
-11.2485
-11.2919
-11.2710
-11.2578
-11.3878
-11.4242
-11.0323
-10.5039
-9.8778
-9.3646
-8.7706
-8.2635
-7.9093
-7.6333
-7.4278
-7.2402
-7.0783
-6.9494
-6.8383
-6.7384
-6.6543
-6.6174
-6.6272
-6.6382
-6.6161
-6.5651
-6.5150
-6.4930
-6.6558
-7.0237
-7.2357
-7.2720
-7.3533
-7.4481
-7.4423
-7.3723
-7.2766
-7.2957
-7.3155
-7.2796
-7.2176
-7.1496
-7.1009
-7.0222
-6.9251
-6.9432
-7.0740
-7.3008
-7.5865
-7.9215
-8.2876
-8.6998
-9.0914
-9.4279
-9.6900
-9.8759
-10.0268
-10.1218
-10.1646
-10.2064
-10.2264
-10.2801
-10.3699
-10.4660
-10.5063
-10.5028
-10.5247
-10.5963
-10.6894
-10.7915
-10.8699
-10.9279
-10.9647
-11.0166
-11.1061
-11.2369
-11.3989
-11.5363
-11.6312
-11.6827
-11.7112
-11.7457
-11.7756
-11.8242
-11.8742
-11.9206
-11.9625
-11.9931
-12.0271
-12.0710
-12.1147
-12.1611
-12.2095
-12.2508
-12.2884
-12.2830
-12.1537
-11.8497
-11.6751
-11.4679
-11.1390
-10.7939
-10.4535
-10.0042
-9.5721
-9.1990
-8.8366
-8.4676
-8.0759
-7.6622
-7.2877
-6.9679
-6.6739
-6.3851
-6.0739
-5.7393
-5.4035
-5.0781
-4.7635
-4.4730
-4.2077
-3.9748
-3.7678
-3.5857
-3.4309
-3.3052
-3.2084
-3.1390
-3.0951
-3.0766
-3.0826
-3.1106
-3.1697
-3.2750
-3.4476
-3.7013
-3.9791
-4.2330
-4.5169
-4.8719
-5.2336
-5.6108
-6.0138
-6.5214
-7.0430
-7.5216
-8.0020
-8.4701
-8.8511
-9.1313
-9.3155
-9.5475
-9.7012
-9.8116
-9.9273
-10.0269
-10.0879
-10.1340
-10.1774
-10.2630
-10.3397
-10.4037
-10.4512
-10.4930
-10.5242
-10.5000
-10.4942
-10.4783
-10.4724
-10.4417
-10.3791
-10.2798
-10.1995
-10.1971
-10.1884
-10.1585
-11.4912
-11.8298
-11.4962
-11.0742
-10.9021
-10.8441
-10.8153
-10.7573
-10.6041
-10.4395
-10.3726
-10.2791
-10.3079
-10.4062
-10.4748
-10.4960
-10.4725
-10.3832
-10.4743
-10.4647
-10.5039
-10.5697
-10.6445
-10.7408
-10.8725
-11.0042
-11.1131
-11.1974
-11.2635
-11.3253
-11.3892
-11.4549
-11.5247
-11.5977
-11.6627
-11.7276
-11.7955
-11.8636
-11.9248
-11.9763
-12.0146
-12.0438
-12.0510
-12.0454
-12.0291
-12.0101
-12.0055
-12.0137
-12.0237
-12.0394
-12.0677
-12.1037
-12.1361
-12.1640
-12.1839
-12.2013
-12.2213
-12.2450
-12.2686
-12.2926
-12.3151
-12.3299
-12.3422
-12.3563
-12.3781
-12.4000
-12.4188
-12.4323
-12.4423
-12.4535
-12.4658
-12.4758
-12.4847
-12.4941
-12.4998
-12.4985
-12.4917
-12.4805
-12.4666
-12.4521
-12.4355
-12.4177
-12.3955
-12.3711
-12.3472
-12.3286
-12.3154
-12.3036
