-4.0504
-4.0551
-3.8949
-3.9609
-3.9457
-3.8742
-3.7526
-3.5266
-3.4591
-3.4970
-3.1872
-1.6376
-3.2366
-2.0763
-1.9449
-0.8280
-0.6995
-0.3637
-0.5244
0.2102
-0.4145
-1.0247
-1.1950
-1.5383
-1.7956
-1.9478
-2.1105
-2.0925
-2.8998
-3.2596
-3.4942
-3.7406
-3.8507
-3.8846
-3.9195
-3.8356
-3.6340
-3.3697
-3.1867
-2.8309
-2.5523
-2.3650
-2.2938
-2.2065
-1.9398
-1.5879
-1.5037
-1.3273
-0.9166
-0.8346
-0.6879
-0.5249
-0.4140
-0.3443
-0.2683
-0.2302
-0.1375
-0.0524
-0.0942
-0.2846
-0.5793
-0.8150
-0.8431
-0.7355
-0.7561
-0.8284
-0.9277
-0.8867
-0.7656
-0.6363
-0.4010
-0.1242
0.0121
0.0915
0.2301
0.4386
0.5730
0.6517
0.7701
0.8855
0.9221
0.9497
0.9346
0.8869
1.0203
1.2258
1.5490
1.8929
2.2007
2.5340
2.8814
3.1891
3.4185
3.6040
3.7445
3.9052
4.0872
4.2606
4.4343
4.5450
4.6692
4.7985
4.9432
5.1113
5.3094
5.4094
5.3160
5.0209
4.5903
4.0898
3.7048
3.5359
3.5233
3.5490
3.5644
3.5499
3.5136
3.1868
2.5632
2.1876
2.0131
1.9496
1.7945
1.4940
1.1201
0.7180
0.2752
-0.2031
-0.6732
-1.1762
-1.6524
-2.0114
-2.2543
-2.4628
-2.7626
-3.1178
-3.4193
-3.5517
-3.5865
-3.6763
-3.9079
-4.5857
-5.5374
-6.0806
-6.4384
-6.7880
-7.1481
-7.3678
-7.5175
-7.6535
-7.7525
-7.9846
-8.1563
-8.2256
-8.2677
-8.2499
-7.8808
-7.3462
-6.7948
-6.1601
-5.7882
-5.5611
-5.3394
-5.0637
-4.9249
-4.9544
-4.8277
-4.6503
-4.5704
-4.5405
-4.5300
-4.5565
-4.5875
-4.6262
-4.6141
-4.5499
-4.4264
-4.3332
-4.2807
-4.2103
-4.0839
-3.9260
-3.8085
-3.7024
-3.6287
-3.5824
-3.5334
-3.3931
-3.2176
-3.0009
-2.8763
-2.8531
-2.9028
-2.9645
-2.9986
-3.0113
-2.9540
-2.8712
-2.7934
-2.7540
-2.7386
-2.7370
-2.7081
-2.6580
-2.5810
-2.5544
-2.5338
-2.5270
-2.4382
-2.2486
-2.0068
-1.8488
-1.7580
-1.7543
-1.7680
-1.7902
-1.8005
-1.6696
-1.5786
-1.5453
-1.5540
-1.5629
-1.4666
-1.2449
-1.0224
-0.9296
-0.9160
-0.9029
-0.8680
-0.7873
-0.6928
-0.6115
-0.5596
-0.4996
-0.4420
-0.4019
-0.3975
-0.4054
-0.4852
-0.6192
-0.7527
-0.8854
-1.0089
-1.0873
-1.1419
-1.2835
-1.5179
-1.8435
-2.1809
-2.4550
-2.6539
-2.9051
-3.2251
-3.4680
-3.6550
-3.8294
-3.9109
-3.9691
-3.8579
-3.7968
-3.7834
-3.6491
-3.6221
-3.6216
-3.4143
-3.2264
-3.0510
-2.8932
-2.7553
-2.6620
-2.6050
-2.5697
-2.5470
-2.5026
-2.4294
-2.3171
-2.1434
-1.8983
-1.6930
-1.5010
-1.2588
-1.0244
-0.8228
-0.6303
-0.4554
-0.2690
-0.1305
-0.0397
0.0025
2.3537
2.5450
1.2981
0.3604
-0.5334
-1.2302
-1.9333
-2.4670
-2.7722
-2.6030
-2.5975
-3.3674
-4.3712
-4.8066
-5.1767
-5.4015
-5.4608
-5.6217
-5.4499
-5.4305
-5.4437
-5.4577
-5.5420
-5.6055
-5.6462
-5.7599
-5.8812
-6.0364
-6.2010
-6.3072
-6.4378
-6.6900
-6.9741
-7.2718
-7.5336
-7.7140
-7.8052
-7.8437
-7.8655
-7.8867
-7.9049
-7.9202
-7.9618
-8.0597
-8.1072
-8.1648
-8.2356
-8.2956
-8.3136
-8.3314
-8.3355
-8.3117
-8.2732
-8.2769
-8.3110
-8.3680
-8.4138
-8.4105
-8.4069
-8.3603
-8.3488
-8.3062
-8.2235
-8.1408
-8.1073
-8.1483
-8.1964
-8.2224
-8.2648
-8.3085
-8.3335
-8.3319
-8.3212
-8.3229
-8.3201
-8.3455
-8.3865
-8.4181
-8.4185
-8.3666
-8.2768
-8.1813
-8.0522
-7.9053
-7.7569
-7.6116
-7.4393
-7.2698
