-3.3101
-4.0152
-4.4985
-4.9386
-5.1512
-5.4077
-5.7771
-5.9179
-5.8393
-5.9787
-6.2827
-6.6741
-6.8594
-7.4053
-7.2449
-7.2451
-7.1031
-6.7572
-7.0681
-7.1136
-7.3011
-7.8887
-8.5890
-7.8407
-8.2407
-8.5733
-8.0905
-8.1465
-8.4647
-9.0460
-8.7583
-8.4795
-8.3578
-8.3069
-8.0924
-8.0693
-8.0685
-8.0215
-7.9326
-8.0607
-7.9994
-7.8553
-7.6087
-7.5001
-7.2804
-6.9854
-6.8591
-6.8141
-6.8608
-6.8186
-6.7141
-6.7539
-6.7390
-6.6890
-6.6912
-6.6746
-6.5955
-6.4922
-6.3579
-6.1438
-5.9059
-5.7052
-5.4835
-5.1689
-4.7183
-4.4255
-4.2438
-4.2195
-4.2155
-4.1532
-4.1026
-4.1154
-4.1857
-4.1915
-4.0755
-3.8503
-3.5762
-3.2930
-2.9135
-2.5094
-2.1368
-1.8311
-1.5958
-1.4348
-1.4113
-1.4458
-1.4874
-1.4627
-1.4021
-1.2326
-0.8399
-0.4775
-0.2996
-0.1749
-0.0939
-0.1099
-0.1469
-0.2523
-0.4077
-0.4941
-0.5107
-0.5198
-0.4851
-0.3985
-0.3409
-0.3897
-0.4951
-0.6480
-0.8596
-1.0492
-1.0871
-0.9163
-0.7107
-0.5596
-0.4869
-0.4819
-0.4997
-0.4131
-0.1296
0.0866
0.2320
0.1217
0.1043
0.0137
-0.0212
0.0474
0.1661
0.3017
0.4452
0.6391
0.8316
0.9585
1.0101
1.0339
1.0504
1.0924
1.1270
1.0702
0.9557
0.8095
0.7185
0.8155
1.0927
1.3353
1.4622
1.6340
1.8426
1.9634
2.0020
2.1094
2.3293
2.7083
3.2122
3.6420
4.1018
4.4543
4.9007
5.4026
5.8404
6.1210
6.3409
6.6846
7.0215
7.3090
7.6400
8.0720
8.3801
8.6129
8.7912
8.9504
9.1458
9.3303
9.4158
9.4951
9.5396
9.5367
9.5457
9.6547
9.8283
9.9652
10.0701
10.1593
10.1873
10.1847
10.1700
10.2081
10.1840
10.1484
10.0290
9.8854
9.8287
9.8315
9.9262
10.0192
10.1153
10.2264
10.2857
10.3350
10.3914
10.4256
10.4730
10.5605
10.6209
10.6524
10.6450
10.5834
10.5107
10.4069
10.2726
10.1732
10.1618
9.7874
9.2140
8.9526
8.9242
8.9398
9.1124
9.2740
9.2393
9.1729
9.0945
9.0893
9.2596
9.4029
9.4017
9.2998
9.1679
9.0017
8.8791
8.8099
8.7219
8.6134
8.4816
8.3374
8.2138
8.1047
8.0142
7.9357
7.9041
7.9126
7.9226
7.9192
7.8960
7.7876
7.6642
7.5796
7.5833
7.5961
7.6314
7.6338
7.6022
7.5307
7.4088
7.2935
7.2669
7.2012
6.9533
7.0410
7.1680
7.4581
7.6723
7.7729
7.9426
8.2066
8.2875
8.2666
8.4173
8.5104
8.6053
8.6571
8.6376
8.6426
8.4652
8.3446
8.2845
8.2141
8.1763
8.1822
8.2351
8.1648
8.0163
7.8687
7.6554
7.5240
7.4705
7.4564
7.1210
6.5941
6.0512
-0.2922
-5.2370
-4.8256
-4.4845
-4.6145
-4.7070
-4.7059
-4.7649
-5.1764
-5.7528
-6.3845
-7.1963
-7.6087
-7.7471
-7.7249
-7.5922
-7.5063
-7.6892
-7.5163
-7.7206
-8.0418
-8.2070
-8.3880
-8.4872
-8.5395
-8.4857
-8.4127
-8.3329
-8.1998
-8.1149
-8.1179
-8.1540
-8.1217
-8.0595
-7.9602
-7.8398
-7.6964
-7.5790
-7.4959
-7.4332
-7.4016
-7.3900
-7.3594
-7.2611
-7.1380
-7.0772
-7.0197
-6.9218
-6.8017
-6.6783
-6.5580
-6.4248
-6.2715
-6.1047
-5.9019
-5.7060
-5.5393
-5.3409
-5.1105
-4.9420
-4.7041
-4.4290
-4.1885
-3.9374
-3.7254
-3.5442
-3.3545
-3.1911
-3.0290
-2.8602
-2.7149
-2.6045
-2.4605
-2.3251
-2.1335
-1.8697
-1.5758
-1.2717
-0.9333
-0.5953
-0.2754
0.0626
0.3916
0.7311
1.0681
1.3925
1.6408
1.8856
