4.1010
4.3240
4.4720
4.5380
4.6650
4.8980
4.9990
5.1550
5.2010
5.2830
5.3080
5.3580
5.5160
5.5570
5.7230
5.7190
5.7170
5.7080
5.5900
5.2590
5.0620
4.5740
4.0170
3.6460
3.6170
3.9030
3.9290
4.1220
4.2140
4.2630
4.2250
4.1660
4.1840
4.1780
4.1320
4.0890
4.0690
4.0110
3.9490
3.9230
3.9180
3.9040
3.8680
3.8740
3.9650
4.0580
4.1460
4.2470
4.2640
4.2110
4.0960
3.9750
3.8410
3.6830
3.5690
3.5750
3.5960
3.5220
3.4530
3.4420
3.5270
3.6650
3.9560
4.1790
4.1640
3.8300
3.5410
3.2030
3.2080
2.6930
2.3960
2.2870
2.3930
2.7970
2.9070
3.3170
3.5050
3.7060
3.9530
4.1500
4.3940
4.8170
5.2400
5.6490
5.9660
6.2090
6.3540
6.2760
6.0500
5.9690
5.9820
6.0730
6.2240
6.3580
6.2880
6.1370
6.0820
6.0990
6.0090
5.9780
6.0690
6.1450
5.9570
5.3900
5.0690
5.0180
5.0080
5.0310
5.0140
4.9970
5.0070
4.9880
5.0510
5.0740
4.8360
4.6700
4.1280
4.2720
4.4190
4.5170
4.7140
4.7480
4.6810
4.6870
4.7660
4.8580
4.9280
4.9320
4.8680
4.7870
4.7200
4.6310
4.5660
4.4970
4.4290
4.3530
4.2950
4.2490
4.2120
4.1740
4.1470
4.1230
4.0920
4.0710
4.0630
4.0500
4.0430
4.0310
4.0370
4.0060
3.9480
3.9200
3.9020
3.8750
3.8200
3.7520
3.6660
3.5740
3.5080
3.4980
3.7320
4.1760
4.5230
5.0470
5.4310
5.7130
5.8730
6.1070
6.1430
6.1920
6.2610
6.2580
6.2080
6.2590
6.3230
6.2580
6.2410
6.2060
6.1540
6.1220
6.0890
6.0750
6.0850
6.0870
6.0810
6.0870
6.1150
6.0910
6.1210
6.1640
6.1460
6.1400
6.1190
6.0760
6.0090
5.9150
5.8230
5.7330
5.6230
5.4300
5.1460
4.8420
4.6160
4.4800
4.3670
4.2750
4.2280
4.2200
4.2040
4.2680
4.2500
4.0490
3.6890
3.2330
2.7640
2.5700
2.5560
2.7020
2.7440
2.6860
2.7080
2.7730
2.8670
2.9960
3.1210
3.2400
3.3670
3.5070
3.6680
3.8940
4.1670
4.4100
4.6650
5.0420
5.5120
5.8060
5.9080
5.9340
5.9450
6.0180
6.0570
6.1160
6.2570
6.3460
6.4170
6.4560
6.4840
6.5020
6.5150
6.5740
6.6500
6.6820
6.6360
6.5740
6.6190
6.6030
6.7230
6.7100
6.8390
6.9710
7.0910
7.2110
7.3210
7.3850
7.4740
7.5530
7.6200
7.6430
7.6080
7.5770
7.5540
7.5340
7.5230
7.5420
7.5850
7.6680
7.7860
7.9250
8.0490
8.0880
8.0590
7.9550
7.8770
7.7900
7.7260
7.7100
7.6740
7.6580
7.6210
7.5770
7.4880
7.3700
7.3490
7.4330
7.5470
7.6810
7.7500
7.7700
7.7670
7.7880
7.7760
7.7130
7.6370
7.6160
7.6390
7.5430
7.6640
7.8930
7.7400
7.4350
7.0080
6.8250
7.0270
7.8070
8.2700
8.2780
8.0880
8.0230
7.9970
8.0180
8.1040
8.1180
7.8230
7.5150
7.2510
7.2090
7.3220
7.4730
7.1200
7.0150
6.6390
6.3550
6.3710
6.5090
6.6610
6.7130
6.9010
7.1020
7.2540
7.3020
7.1290
7.2720
7.4320
7.5360
7.6650
7.7710
7.8690
7.7850
7.5560
7.2910
7.1830
7.2120
6.9770
7.3530
7.6910
7.9970
8.3280
8.4850
8.8320
8.8540
8.5010
7.9560
7.7510
7.5430
7.2730
7.2010
7.0150
7.1400
7.1020
7.0630
6.8400
6.7390
6.9560
7.1210
7.4410
7.8440
8.1780
