1343.4000
1293.7000
1335.8000
1377.5000
1382.8000
1442.4000
1439.0000
1404.2000
1386.4000
1397.6000
1432.5000
1455.8000
1470.4000
1469.1000
1455.4000
1493.2000
1521.7000
1535.6000
1569.5000
1584.8000
1592.3000
1610.3000
1631.3000
1649.8000
1661.1000
1671.5000
1677.0000
1682.7000
1692.8000
1698.0000
1709.0000
1709.5000
1702.4000
1708.6000
1710.5000
1717.3000
1719.6000
1727.0000
1725.2000
1705.3000
1684.6000
1678.1000
1673.7000
1680.5000
1670.9000
1658.7000
1641.3000
1629.4000
1627.8000
1624.5000
1619.2000
1623.3000
1620.7000
1616.6000
1612.7000
1608.3000
1606.9000
1603.8000
1601.8000
1602.2000
1592.7000
1587.2000
1575.6000
1579.3000
1580.1000
1609.3000
1630.2000
1653.9000
1680.4000
1715.6000
1753.7000
1764.0000
1767.7000
1783.7000
1794.6000
1805.4000
1807.6000
1814.0000
1819.7000
1831.8000
1844.1000
1853.8000
1854.0000
1858.0000
1866.2000
1869.7000
1874.3000
1848.4000
1811.7000
1792.2000
1785.5000
1803.8000
1818.7000
1815.5000
1787.0000
1751.4000
1737.7000
1743.8000
1746.1000
1767.9000
1765.7000
1755.5000
1739.8000
1708.4000
1694.2000
1687.5000
1679.4000
1671.3000
1674.8000
1688.4000
1702.1000
1741.7000
1773.6000
1781.1000
1782.8000
1779.9000
1787.3000
1802.6000
1816.9000
1831.2000
1838.1000
1850.3000
1863.3000
1863.2000
1869.6000
1878.6000
1875.9000
1876.1000
1867.2000
1866.2000
1864.1000
1863.4000
1864.9000
1862.2000
1859.8000
1842.9000
1818.6000
1807.2000
1799.3000
1799.8000
1790.1000
1775.5000
1758.7000
1746.7000
1743.9000
1740.9000
1734.4000
1727.4000
1719.4000
1706.7000
1704.4000
1706.7000
1709.0000
1703.5000
1702.6000
1700.1000
1700.0000
1702.5000
1706.4000
1730.8000
1757.1000
1771.9000
1788.6000
1798.9000
1819.1000
1842.6000
1872.2000
1897.7000
1914.5000
1929.9000
1949.8000
1947.3000
1955.9000
1967.5000
1978.5000
1997.2000
2007.1000
2018.3000
2023.5000
2033.1000
2046.7000
2062.3000
2074.9000
2056.2000
2033.6000
2031.0000
2032.7000
2049.4000
2053.3000
2047.7000
2035.8000
2026.0000
2032.1000
2040.0000
2043.8000
2072.3000
2085.9000
2088.9000
2094.3000
2096.3000
2108.4000
2116.2000
2128.0000
2133.1000
2131.9000
2134.5000
2136.9000
2172.4000
2206.1000
2223.2000
2232.6000
2228.2000
2240.5000
2260.5000
2287.3000
2308.7000
2314.1000
2320.0000
2329.8000
2319.7000
2324.1000
2335.0000
2340.7000
2346.3000
2343.2000
2341.3000
2335.5000
2335.2000
2339.0000
2340.3000
2341.6000
2312.5000
2282.6000
2265.8000
2255.4000
2258.5000
2247.8000
2233.7000
2212.8000
2193.9000
2189.8000
2187.6000
2181.9000
2173.2000
2155.1000
2141.1000
2130.4000
2125.9000
2120.2000
2107.8000
2094.5000
2081.0000
2074.1000
2071.9000
2067.9000
2091.9000
2112.1000
2116.7000
2120.5000
2115.3000
2122.0000
2131.5000
2147.6000
2158.3000
2159.0000
2161.4000
2165.3000
2149.8000
2148.8000
2152.9000
2156.7000
2163.8000
2164.1000
2165.2000
2161.8000
2159.8000
2160.6000
2160.7000
2159.1000
2126.0000
2091.8000
2078.3000
2069.1000
2073.5000
2064.5000
2046.0000
2019.7000
1996.8000
1986.9000
1977.4000
1964.3000
1964.8000
1948.7000
1929.7000
1911.2000
1895.7000
1887.7000
1873.1000
1860.7000
1843.2000
1827.8000
1823.6000
1824.3000
1844.2000
1857.7000
1864.0000
1850.6000
1827.5000
1827.0000
1819.4000
1823.3000
1830.5000
1811.9000
1779.7000
1754.8000
1732.0000
1725.3000
1726.6000
1713.4000
1706.3000
1683.4000
1663.7000
1654.4000
1652.8000
1655.6000
1646.5000
1631.5000
1594.3000
1560.1000
1541.1000
1536.5000
1542.1000
1505.0000
1472.9000
1434.1000
1411.3000
1379.2000
1363.0000
1340.7000
1347.2000
1339.4000
1313.7000
1292.2000
1278.1000
1265.9000
1260.5000
1264.3000
1264.1000
1252.8000
1248.0000
1241.5000
1258.6000
1284.0000
1270.7000
1283.1000
1255.7000
1242.4000
1249.5000
1226.4000
1229.4000
1234.7000
1250.7000
1253.7000
1234.0000
1234.1000
1209.7000
1202.9000
1191.3000
1174.0000
1160.8000
1132.8000
1113.3000
1072.7000
1040.0000
983.2800
914.6500
860.0200
