5.7068
6.0617
6.2955
6.4009
6.6016
6.9724
7.1324
7.3801
7.4524
7.5821
7.6227
7.7013
7.9532
8.0173
8.2812
8.2751
8.2721
8.2565
8.0697
7.5451
7.2324
6.4581
5.5740
4.9858
4.9399
5.3926
5.4345
5.7404
5.8869
5.9639
5.9040
5.8111
5.8397
5.8299
5.7568
5.6887
5.6560
5.5647
5.4656
5.4255
5.4169
5.3941
5.3376
5.3469
5.4911
5.6395
5.7783
5.9389
5.9662
5.8819
5.6999
5.5067
5.2952
5.0438
4.8625
4.8728
4.9060
4.7884
4.6786
4.6617
4.7967
5.0156
5.4773
5.8315
5.8071
5.2773
4.8179
4.2824
4.2909
3.4735
3.0010
2.8295
2.9971
3.6388
3.8123
4.4633
4.7609
5.0810
5.4718
5.7854
6.1729
6.8439
7.5150
8.1635
8.6673
9.0521
9.2827
9.1582
8.7993
8.6706
8.6916
8.8365
9.0753
9.2888
9.1777
8.9384
8.8501
8.8774
8.7348
8.6850
8.8301
8.9504
8.6521
7.7524
7.2436
7.1627
7.1467
7.1834
7.1558
7.1287
7.1447
7.1142
7.2154
7.2511
6.8741
6.6103
5.7506
5.9778
6.2117
6.3666
6.6796
6.7341
6.6278
6.6364
6.7631
6.9087
7.0190
7.0264
6.9250
6.7956
6.6890
6.5484
6.4450
6.3357
6.2280
6.1068
6.0158
5.9425
5.8836
5.8232
5.7800
5.7417
5.6928
5.6602
5.6475
5.6258
5.6149
5.5960
5.6049
5.5569
5.4641
5.4201
5.3908
5.3493
5.2621
5.1533
5.0171
4.8702
4.7670
4.7506
5.1223
5.8262
6.3776
7.2078
7.8178
8.2659
8.5194
8.8903
8.9476
9.0257
9.1354
9.1303
9.0509
9.1313
9.2331
9.1302
9.1024
9.0470
8.9656
8.9144
8.8610
8.8395
8.8556
8.8588
8.8486
8.8590
8.9035
8.8642
8.9125
8.9808
8.9516
8.9432
8.9096
8.8415
8.7341
8.5851
8.4390
8.2966
8.1222
7.8158
7.3658
6.8837
6.5250
6.3093
6.1287
5.9827
5.9080
5.8954
5.8704
5.9721
5.9444
5.6248
5.0539
4.3304
3.5861
3.2785
3.2560
3.4874
3.5542
3.4622
3.4972
3.6000
3.7485
3.9541
4.1528
4.3404
4.5418
4.7647
5.0208
5.3780
5.8114
6.1979
6.6021
7.2003
7.9467
8.4127
8.5739
8.6155
8.6332
8.7494
8.8115
8.9041
9.1288
9.2699
9.3822
9.4447
9.4893
9.5175
9.5380
9.6311
9.7521
9.8020
9.7290
9.6318
9.7030
9.6768
9.8674
9.8474
10.0520
10.2614
10.4521
10.6414
10.8174
10.9185
11.0598
11.1843
11.2908
11.3284
11.2727
11.2223
11.1866
11.1550
11.1379
11.1677
11.2364
11.3672
11.5551
11.7753
11.9725
12.0337
11.9873
11.8224
11.6982
11.5615
11.4600
11.4338
11.3774
11.3511
11.2932
11.2222
11.0816
10.8940
10.8607
10.9939
11.1754
11.3882
11.4979
11.5298
11.5245
11.5581
11.5387
11.4395
11.3179
11.2851
11.3211
11.1686
11.3608
11.7244
11.4815
10.9970
10.3207
10.0299
10.3509
11.5873
12.3232
12.3354
12.0344
11.9299
11.8892
11.9225
12.0590
12.0814
11.6128
11.1250
10.7064
10.6397
10.8185
11.0582
10.4971
10.3308
9.7345
9.2846
9.3099
9.5279
9.7691
9.8516
10.1506
10.4692
10.7098
10.7870
10.5117
10.7391
10.9935
11.1572
11.3622
11.5310
11.6869
11.5536
11.1896
10.7694
10.5971
10.6432
10.2701
10.8676
11.4041
11.8899
12.4150
12.6645
13.2140
13.2487
12.6897
11.8250
11.4991
11.1683
10.7410
10.6271
10.3314
10.5298
10.4695
10.4071
10.0538
9.8937
10.2368
10.4997
11.0077
11.6470
12.1771
