-14.1701
-14.2733
-14.3920
-14.5157
-14.6386
-14.7464
-14.8185
-14.8856
-14.9341
-14.9759
-15.0134
-15.0504
-15.0767
-15.0989
-15.0932
-15.1161
-15.1433
-15.2207
-15.5079
-15.9857
-16.1268
-16.1364
-15.8992
-15.5392
-15.0645
-14.5388
-14.0669
-13.5849
-13.1927
-12.8872
-12.6047
-12.3155
-12.0454
-11.8204
-11.6409
-11.4990
-11.3885
-11.3052
-11.2595
-11.2499
-11.2553
-11.2703
-11.2911
-11.3330
-11.4215
-11.5276
-11.6430
-11.7911
-11.9598
-12.1298
-12.2902
-12.4243
-12.5734
-12.7617
-12.9691
-13.0982
-13.0721
-13.0177
-13.0494
-13.1612
-13.2214
-13.2221
-13.2120
-13.3470
-13.4658
-13.4144
-13.4592
-13.4920
-13.3462
-13.6352
-14.0191
-14.4160
-14.7144
-14.9804
-15.1959
-15.5062
-15.7662
-15.9750
-16.0730
-16.2283
-16.3869
-16.5782
-16.8623
-17.2164
-17.5296
-17.8032
-18.0799
-18.3408
-18.5485
-18.8458
-19.0779
-19.1850
-19.2686
-19.3185
-19.3244
-19.3289
-19.3299
-19.3267
-19.3361
-19.3817
-19.4408
-19.4773
-19.4922
-19.4785
-19.4713
-19.4881
-19.4969
-19.4866
-19.4730
-19.4492
-19.4185
-19.4102
-19.3887
-19.4024
-19.5060
-19.4605
-19.3011
-18.9665
-18.5719
-18.1149
-17.6181
-17.1891
-16.7883
-16.3307
-15.8992
-15.5192
-15.1627
-14.8223
-14.4768
-14.1032
-13.6932
-13.2714
-12.8603
-12.4784
-12.1233
-11.7854
-11.4276
-11.0713
-10.7507
-10.4659
-10.2118
-9.9762
-9.7519
-9.5435
-9.3592
-9.1931
-9.0309
-8.8686
-8.7035
-8.5308
-8.3645
-8.2400
-8.1651
-8.1195
-8.0965
-8.0954
-8.1187
-8.1670
-8.2440
-8.3661
-8.4745
-8.5462
-8.8941
-9.3216
-9.5036
-9.9219
-10.8513
-11.6039
-11.9916
-12.3083
-12.6728
-12.8391
-13.0152
-13.1685
-13.2916
-13.4678
-13.5481
-13.5973
-13.7236
-13.8028
-13.9155
-14.0904
-14.3031
-14.5264
-14.7098
-14.8556
-14.9886
-15.1527
-15.2925
-15.3944
-15.4828
-15.5274
-15.5704
-15.6323
-15.6493
-15.7025
-15.7703
-15.7772
-15.7766
-15.8117
-15.8927
-15.9563
-15.9896
-15.9890
-16.0119
-16.0034
-15.9932
-15.9574
-15.8789
-15.8294
-15.8717
-15.9917
-16.1617
-16.2804
-16.1501
-15.7723
-15.2693
-14.7175
-14.2560
-13.8372
-13.3820
-13.0166
-12.8032
-12.6350
-12.4752
-12.3525
-12.2535
-12.1618
-12.0995
-12.0172
-11.9078
-11.7069
-11.3993
-10.9629
-10.6139
-10.2901
-10.0470
-9.8820
-9.7811
-9.4272
-9.1860
-9.1191
-9.0773
-9.1465
-9.2615
-9.4007
-9.5609
-9.7478
-9.9659
-10.2030
-10.4705
-10.7681
-11.1139
-11.5267
-11.9014
-12.3204
-12.7458
-13.1453
-13.5242
-13.8689
-14.2020
-14.4406
-14.6208
-14.7759
-14.8948
-14.9940
-15.0776
-15.1734
-15.2580
-15.3394
-15.3947
-15.4441
-15.4775
-15.4872
-15.4761
-15.4512
-15.4145
-15.3670
-15.3315
-15.3421
-15.4005
-15.4842
-15.5597
-15.6325
-15.6859
-15.6981
-15.7336
-15.7496
-15.7539
-15.7358
-15.7297
-15.7423
-15.7421
-15.7155
-15.6882
-15.6668
-15.6617
-15.6386
-15.6201
-15.5446
-15.4646
-15.3834
-15.3111
-15.2341
-15.1950
-15.1434
-14.9234
-14.5020
-14.1703
-13.8133
-13.4844
-13.1967
-12.8145
-12.3544
-11.8849
-11.5400
-11.1692
-10.7663
-10.3918
-10.0720
-9.7955
-9.5347
-9.2687
-8.9860
-8.6867
-8.3893
-8.0898
-7.9023
-7.6260
-7.3269
-7.1373
-7.0880
-7.1950
-7.2494
-7.3014
-7.2801
-7.3561
-7.5776
-7.6245
-7.7451
-7.8593
-7.9876
-8.1651
-8.4336
-8.6826
-9.0013
-9.3760
-9.7986
-10.0822
-10.2809
-10.6089
-10.8452
-11.0712
-11.2852
-11.4275
-11.4076
-11.3690
-11.2535
-11.0317
-10.8596
-10.6382
-10.9032
-11.3742
-11.7912
-12.1617
-12.5115
-12.5790
-12.5361
-12.7821
-12.8316
-12.8593
-12.8463
-12.7094
-12.4289
-12.1010
-12.0202
-12.0073
