5.6261
6.0019
6.2510
6.3331
6.5333
6.8651
6.9731
7.1096
7.0905
7.1711
7.1175
7.1564
7.2444
7.2084
7.2028
7.0679
6.9309
6.8799
6.6794
6.1691
5.7887
5.1396
4.3623
3.9054
3.7827
3.9240
3.8140
3.7590
3.5746
3.2757
3.0285
2.7493
2.4433
2.1370
1.7767
1.4708
1.2053
0.9153
0.5578
0.2178
-0.1054
-0.4360
-0.7423
-1.1419
-1.5659
-1.9034
-2.2617
-2.6615
-3.0089
-3.3027
-3.5426
-3.7694
-3.9658
-4.0730
-4.1976
-4.4189
-4.5859
-4.5443
-4.5028
-4.5637
-4.7427
-4.9887
-5.4727
-5.8274
-5.7979
-5.2578
-4.7852
-4.2673
-4.2868
-3.1175
-2.2950
-2.6635
-2.9690
-3.0648
-2.7290
-2.3960
-2.2062
-1.8676
-1.6467
-1.6019
-1.5509
-1.4520
-1.0893
-0.6904
-0.4583
-0.2696
0.3143
0.3967
0.3450
0.3217
-0.2683
-0.6759
-0.7802
-0.8987
-1.0910
-1.2823
-1.5030
-1.5781
-1.4471
-1.1327
-0.9669
-0.8513
-0.4722
0.0883
0.5808
0.9183
1.1825
1.2745
1.3491
1.3941
1.5562
1.9572
2.4088
2.7701
2.7980
2.8922
2.8061
2.8542
2.8189
2.7913
2.9560
3.1782
3.4114
3.6640
3.9198
4.0916
4.2016
4.2939
4.3436
4.3388
4.3357
4.3440
4.4031
4.4732
4.5773
4.6546
4.6857
4.7363
4.8159
4.8947
4.9455
4.9694
4.9941
5.0520
5.1274
5.1294
5.1268
5.1013
5.1167
5.1356
5.1821
5.2458
5.2232
5.1347
4.9646
4.7419
4.4877
4.1715
3.7757
3.3371
3.1427
3.2968
2.7125
2.2366
2.0501
0.9549
0.0210
-0.0923
-0.0244
0.0490
0.2105
0.3590
0.4281
0.5951
0.8637
1.0673
1.3440
1.7236
2.0466
2.2186
2.2918
2.2681
2.2161
2.1081
2.0142
1.9964
2.0167
1.9687
1.9514
2.0072
2.0466
2.1103
2.1790
2.3072
2.4804
2.5665
2.5530
2.5371
2.5348
2.5248
2.5167
2.4727
2.4324
2.3985
2.2930
2.1787
2.0024
1.7525
1.5167
1.2105
0.8419
0.3792
-0.0965
-0.4612
-0.7253
-0.8672
-0.9952
-1.0983
-1.2881
-1.5308
-1.7882
-2.1189
-2.5345
-2.9413
-3.2975
-3.6546
-4.0005
-4.3188
-4.6878
-5.1008
-5.5339
-5.8901
-6.2124
-6.6357
-7.1053
-7.2452
-7.0735
-6.7523
-6.3990
-5.8258
-5.4112
-5.1446
-4.9698
-4.9334
-5.0113
-5.1459
-5.3005
-5.4298
-5.5543
-5.6693
-5.7610
-5.8374
-5.8861
-5.9477
-5.9434
-5.8657
-5.9340
-5.8594
-6.0245
-6.1593
-6.3139
-6.4484
-6.4622
-6.4441
-6.4582
-6.4553
-6.4146
-6.2910
-6.1196
-6.0102
-5.9633
-5.9395
-5.8557
-5.7560
-5.7339
-5.7818
-5.8465
-5.9385
-6.0351
-6.0706
-6.0145
-5.8497
-5.6736
-5.4685
-5.2668
-5.0790
-4.8584
-4.6835
-4.5374
-4.4657
-4.4568
-4.4442
-4.5187
-4.6666
-4.7811
-4.8235
-4.8405
-4.8511
-4.8323
-4.8003
-4.7127
-4.5847
-4.3643
-4.3363
-4.3595
-4.1793
-4.2881
-4.1728
-3.7491
-3.6797
-3.3662
-3.0676
-3.1396
-3.7833
-4.1602
-4.1422
-3.7871
-3.4279
-3.4279
-3.1761
-3.2726
-3.3060
-2.9905
-2.6066
-2.1624
-2.0344
-1.8853
-1.8364
-1.9184
-2.1183
-1.8494
-2.3985
-3.4156
-4.2840
-5.1087
-5.0984
-5.7362
-6.6452
-7.4920
-7.6593
-7.5944
-7.9254
-8.1289
-8.4734
-8.8548
-9.1627
-9.2846
-9.0989
-8.7382
-8.3489
-8.1269
-8.0426
-7.5408
-8.2219
-8.4343
-8.8371
-9.2644
-9.1791
-9.4973
-9.3973
-9.0192
-8.7835
-8.9992
-9.0911
-9.4036
-9.7529
-9.8302
-10.3331
-10.2064
-10.1825
-9.9482
-9.7080
-9.9607
-10.0467
-10.4020
-11.0477
-11.6291
