-0.9561
-0.8492
-0.7471
-0.9294
-0.9470
-1.2182
-1.4991
-1.9796
-2.2940
-2.4624
-2.7288
-2.8452
-3.2819
-3.5093
-4.0863
-4.3036
-4.5155
-4.5647
-4.5284
-4.3441
-4.3357
-3.9105
-3.4698
-3.0994
-3.1770
-3.6989
-3.8713
-4.3385
-4.6774
-4.9838
-5.0681
-5.1197
-5.3040
-5.4241
-5.4757
-5.4953
-5.5261
-5.4889
-5.4371
-5.4211
-5.4158
-5.3764
-5.2857
-5.2236
-5.2631
-5.3086
-5.3172
-5.3091
-5.1519
-4.8671
-4.4653
-4.0144
-3.5087
-2.9750
-2.4543
-2.0537
-1.7431
-1.5093
-1.2707
-0.9509
-0.7182
-0.5186
-0.2247
0.2179
0.3266
0.4530
0.5608
0.3593
0.1881
-1.5318
-1.9337
-0.9549
0.4092
1.9616
2.6620
3.7657
4.2188
4.7253
5.2181
5.5592
5.9749
6.6881
7.4356
8.1342
8.6552
9.0481
9.2774
9.1496
8.7926
8.6646
8.6874
8.8106
9.0417
9.2452
9.1126
8.8459
8.7215
8.7360
8.6141
8.6108
8.7770
8.9098
8.6392
7.7519
7.2203
7.1036
7.0482
7.0694
7.0274
6.9911
6.9732
6.8396
6.8014
6.7012
6.2789
5.9440
5.0195
5.2523
5.5353
5.7220
5.9899
5.9369
5.6825
5.5333
5.5114
5.5667
5.6226
5.5618
5.3934
5.2302
5.0935
4.9001
4.7065
4.4869
4.2234
3.9531
3.7728
3.5891
3.3799
3.1547
2.9919
2.8761
2.7326
2.5526
2.3672
2.3106
2.2897
2.3003
2.2879
2.1226
1.7326
1.3636
1.3337
1.5000
1.7443
2.0177
2.2431
2.5134
2.9100
3.3811
4.0449
4.8037
5.7720
6.8520
7.5442
8.2105
8.5194
8.8898
8.9476
9.0255
9.1330
9.1232
9.0408
9.1118
9.1927
9.0676
9.0027
8.8813
8.7289
8.6339
8.5595
8.5436
8.5738
8.6043
8.6162
8.6312
8.6721
8.6428
8.6963
8.7536
8.7145
8.6907
8.6390
8.5352
8.3745
8.1925
8.0436
7.8991
7.7165
7.3967
6.9225
6.4242
6.0546
5.8356
5.6836
5.5719
5.5584
5.6289
5.6711
5.8482
5.8845
5.6120
5.0529
4.3058
3.5120
3.1617
3.1002
3.3099
3.3126
3.1054
3.0054
2.9104
2.7618
2.6426
2.5243
2.3416
2.1503
2.0127
1.7979
1.7043
1.7744
1.9290
2.2348
2.7951
3.5588
4.2754
4.8453
5.3510
5.7953
6.5278
6.9542
7.2674
7.6574
7.8481
7.9318
7.9197
7.8710
7.8166
7.7539
7.7858
7.8685
7.8742
7.7465
7.5760
7.6697
7.6964
7.8838
7.9144
8.0466
8.2072
8.3295
8.4651
8.6750
8.8140
8.9784
9.1333
9.2917
9.4210
9.4669
9.4772
9.4647
9.4423
9.4744
9.5701
9.6633
9.7870
9.9668
10.1681
10.3402
10.3902
10.3692
10.2737
10.2303
10.1865
10.1781
10.2438
10.2879
10.3398
10.3415
10.2954
10.1459
9.9463
9.8760
9.9543
10.1011
10.3163
10.4293
10.4596
10.4624
10.5142
10.5325
10.4806
10.4426
10.4187
10.4481
10.3572
10.5205
10.9567
10.8521
10.3631
9.7564
9.5493
9.8632
10.9523
11.5997
11.6192
11.4230
11.4268
11.3843
11.4916
11.6065
11.6202
11.2211
10.8153
10.4857
10.4434
10.6530
10.9047
10.3203
10.1113
9.5572
8.9694
8.6607
8.5105
8.3268
8.4297
8.3745
8.0898
7.6530
7.5957
7.2679
7.2468
7.4012
7.2584
7.1198
7.0007
7.0979
7.1201
6.9893
6.8026
6.8009
6.9709
6.9723
7.1067
7.6757
7.9546
8.2646
8.7255
9.1876
9.3391
8.9265
7.9171
7.1585
6.4871
5.1904
4.2210
3.1788
2.0258
2.3327
2.1506
1.4529
1.9080
2.3617
3.0508
3.6009
3.6880
3.6119
