4.2780
4.2240
4.3390
4.4150
4.5210
4.6410
4.8000
4.9800
5.0970
5.2010
5.2880
5.3400
5.3350
5.3840
5.4510
5.5140
5.4770
5.3340
5.1360
4.8700
4.4850
4.3800
4.4560
4.4800
4.4740
4.4450
4.3530
4.2710
4.2380
4.2340
4.2170
4.1970
4.1780
4.1950
4.2220
4.2570
4.3070
4.3610
4.4100
4.4800
4.5880
4.6720
4.7320
4.7860
4.8880
4.9550
5.0530
5.1270
5.2120
5.2900
5.3190
5.3750
5.3530
5.3760
5.4330
5.4640
5.4490
5.4970
5.5600
5.6070
5.6460
5.5780
5.5660
5.5110
5.5370
5.5870
5.5410
5.6970
5.7240
5.7070
5.8160
5.7330
5.7020
5.6540
5.5300
5.3100
5.1270
5.0510
5.0510
5.0400
4.9720
4.9840
5.0910
5.1480
5.1950
5.1770
5.1380
5.1070
5.1460
5.0850
5.1350
5.0910
5.0770
5.1110
5.1810
5.3040
5.3510
5.2960
5.1110
5.0110
5.0040
4.9840
5.0240
5.0200
4.8690
4.7170
4.6720
4.5870
4.4660
4.4420
4.5060
4.5030
4.4240
4.3480
4.2660
4.1930
4.0370
4.0950
4.1320
4.0520
3.9900
3.9480
3.7870
3.9350
3.8050
3.9260
3.9690
4.1430
4.4470
4.7770
4.9650
5.1020
5.2190
5.3070
5.4080
5.4570
5.5680
5.6600
5.7850
5.8440
5.9030
5.9060
5.9670
5.9520
6.0180
6.0990
6.0940
6.1660
6.0680
6.1080
5.8970
6.0100
6.1010
6.0790
6.2290
6.1060
6.1520
6.0430
5.8780
5.8580
5.8530
5.6230
5.6350
5.6350
5.4750
5.6860
5.5540
5.3590
5.3580
5.4880
5.5540
5.4060
5.6630
5.5670
5.4400
5.4330
5.6590
5.4080
5.5700
5.5300
5.4990
5.3520
5.2470
5.2890
5.5260
5.3890
5.4120
5.3930
5.3230
5.4790
5.3550
5.4160
5.3230
5.0570
5.0490
4.9480
4.8750
4.7660
4.6800
4.6790
4.7720
4.8440
4.7320
4.5630
4.4900
4.4680
4.5420
4.5380
4.4470
4.3450
4.2470
4.1140
4.0880
4.0990
4.1830
4.2450
4.2400
4.1590
4.1520
4.1770
4.2360
4.3670
4.5330
4.6600
4.7750
4.9560
5.0650
5.1620
5.2940
5.4730
5.6440
5.7190
5.8010
5.9460
6.2050
6.3000
6.2440
6.4920
6.7500
6.1770
6.4360
6.1500
6.4910
6.2350
6.5080
6.7360
6.8900
6.9140
6.8640
6.8540
6.9800
6.9360
6.9920
6.9800
6.9380
6.8220
6.6100
6.5100
6.2980
6.1440
6.0290
5.8940
5.8380
5.6280
5.6340
5.5270
5.5700
5.5830
5.5710
5.6190
5.6460
5.5290
5.3870
5.2150
5.2010
5.2130
5.1400
5.1000
5.1090
5.0810
5.0500
5.0260
4.9800
5.1560
5.2050
5.0230
4.7530
4.4930
4.5970
4.6920
4.6310
4.5640
4.3180
4.1010
3.8440
3.7710
3.5810
3.5050
3.4350
3.4340
3.4200
3.4280
3.4430
3.4790
3.5850
3.5050
3.5380
3.5700
3.5780
3.6990
3.7300
3.8630
3.7710
3.7630
3.7120
3.7310
3.7560
3.8060
3.9660
4.0200
4.2740
4.7710
4.9740
5.0520
6.0110
5.4330
5.5420
6.2560
7.2460
7.2010
7.4940
7.1370
7.6340
7.3840
7.3570
7.4770
7.4480
7.1690
7.0940
7.1360
6.8480
6.9770
6.9570
6.2550
6.4410
6.6880
6.4880
6.5680
6.9560
7.1060
7.0450
7.0960
6.9140
7.0570
6.7440
6.4770
6.3540
6.0780
6.2570
6.2700
5.8610
5.8420
5.8990
6.1190
5.8540
5.8950
5.8470
5.7250
5.7740
5.4140
5.6770
5.5140
5.4810
5.5550
5.3920
5.2480
5.1710
