691.3000
740.0100
737.8600
703.1100
735.5000
728.7200
741.0200
747.8000
739.2000
748.4100
743.8800
759.1000
764.1600
767.1200
774.0400
790.0200
812.1400
820.4000
825.4700
821.8600
821.1900
828.9800
848.3100
852.3700
854.5300
855.4800
858.6500
866.3100
881.0300
885.1400
890.0600
887.1700
887.1900
890.8100
895.5100
903.8200
904.7400
902.0900
903.9200
886.3200
870.9000
867.5500
861.9100
861.9600
854.1400
840.0300
823.0600
816.4900
809.3300
799.3600
798.4400
794.1800
792.9600
790.5400
785.9000
785.2700
786.5100
783.8200
783.8300
785.8100
783.5900
792.0900
788.7000
796.3000
801.9900
801.8400
816.9000
818.3400
829.5300
841.8800
842.0600
854.3900
865.7100
874.4300
886.4800
905.7200
931.4600
941.0600
946.5400
951.5100
962.1800
973.9800
981.5600
988.1500
992.5200
999.6500
1002.6000
980.0900
955.3700
954.6800
953.6500
963.4700
961.9100
949.1200
933.5900
924.5600
924.3500
925.3200
930.4400
931.5100
924.2000
920.4800
917.4200
917.9800
920.2400
918.7700
915.6600
910.9800
914.2900
915.1100
911.5900
945.1900
974.1600
982.7600
984.4000
980.0800
987.8500
1004.7000
1028.8000
1039.6000
1039.9000
1042.7000
1047.3000
1046.5000
1056.7000
1058.3000
1061.1000
1061.8000
1064.5000
1067.9000
1068.8000
1079.2000
1081.3000
1080.6000
1084.6000
1064.6000
1044.8000
1034.0000
1032.9000
1030.5000
1019.0000
1006.0000
981.0700
975.2700
964.7900
948.9300
940.9000
927.6200
921.4000
894.0700
904.4300
882.7000
875.4000
871.9100
843.7400
855.7100
837.8200
841.7800
836.7300
834.3400
846.4500
855.5400
856.6200
851.7700
871.7800
860.4600
884.9800
903.6700
909.3000
916.3600
917.4500
933.1200
932.1500
943.9600
961.3100
970.4700
952.2500
976.3700
964.8400
973.2000
981.3200
990.2000
999.3900
959.6800
926.5100
917.7500
916.0800
926.4400
924.3500
894.2500
871.1900
854.0500
855.4400
858.8700
861.2100
863.2700
851.6400
851.3500
849.8000
851.6400
847.7400
841.2400
844.9000
842.7400
839.7000
836.1100
824.8900
855.7200
884.8300
888.0600
890.6000
887.0300
892.3400
902.2100
926.3700
935.5600
934.2400
941.0000
942.9600
940.8500
952.9700
951.9100
955.9400
960.6000
961.9200
958.2400
960.8800
964.8000
959.6900
952.9000
950.9700
928.7600
908.0400
891.0000
876.1900
875.6500
866.0800
833.0500
789.7000
821.9400
799.1900
801.0100
768.4400
785.6700
760.2600
734.9000
718.0000
713.2200
708.9900
701.6600
687.6500
693.3700
680.8200
675.0600
667.5500
681.8000
695.8400
697.2100
706.1500
705.6400
712.0300
721.2500
730.4300
745.3200
747.4700
756.3000
755.1000
756.4000
766.5500
766.5600
767.4600
778.3000
786.8700
796.5900
795.4200
798.7400
803.5600
807.4600
811.4300
779.1100
747.5300
735.9000
734.1200
735.8500
734.1200
724.9800
697.1600
688.2600
690.0800
684.4000
682.1300
684.7900
677.8200
676.2300
673.0300
673.5200
674.0900
674.7500
677.1000
668.9800
663.6800
665.4300
666.5100
698.9400
726.0000
732.2700
738.7800
735.3000
740.4500
752.7500
776.6600
783.1900
782.9900
782.0600
785.1900
781.8000
788.9800
788.1600
784.9700
780.4600
782.4600
785.6500
783.5100
766.0100
778.4300
787.2200
786.7300
742.2800
678.4100
675.2200
637.9100
678.3900
628.1200
660.3000
630.2100
595.9100
584.1400
576.1000
565.3400
551.7200
550.4800
548.9200
534.8200
574.6500
558.8900
512.9000
522.4900
493.8700
477.7200
454.5800
450.8100
457.5300
500.1200
484.4700
516.9500
523.4600
549.7000
562.9000
595.2100
610.2000
643.1800
639.2600
636.9000
628.0800
645.1700
651.0100
649.7200
656.9700
661.8500
684.7400
680.4500
689.6500
687.5800
694.2300
697.6600
668.6700
636.1500
