5.9888
5.9019
6.0842
6.2049
6.3730
6.5646
6.8159
7.1017
7.2872
7.4529
7.5902
7.6736
7.6651
7.7432
7.8489
7.9498
7.8901
7.6645
7.3497
6.9281
6.3158
6.1496
6.2703
6.3091
6.2990
6.2530
6.1067
5.9763
5.9250
5.9179
5.8918
5.8602
5.8300
5.8567
5.8986
5.9540
6.0340
6.1205
6.1969
6.3091
6.4797
6.6134
6.7092
6.7935
6.9564
7.0628
7.2180
7.3350
7.4700
7.5940
7.6400
7.7281
7.6939
7.7302
7.8214
7.8702
7.8469
7.9229
8.0216
8.0974
8.1593
8.0512
8.0324
7.9442
7.9859
8.0658
7.9917
8.2403
8.2831
8.2549
8.4293
8.2966
8.2472
8.1716
7.9749
7.6249
7.3348
7.2144
7.2144
7.1969
7.0897
7.1086
7.2779
7.3692
7.4427
7.4152
7.3532
7.3029
7.3661
7.2688
7.3477
7.2776
7.2564
7.3103
7.4214
7.6166
7.6910
7.6029
7.3101
7.1517
7.1396
7.1090
7.1711
7.1656
6.9252
6.6845
6.6128
6.4781
6.2858
6.2482
6.3492
6.3455
6.2198
6.0995
5.9687
5.8525
5.6063
5.6978
5.7559
5.6302
5.5308
5.4644
5.2095
5.4433
5.2383
5.4299
5.4971
5.7731
6.2556
6.7796
7.0778
7.2962
7.4816
7.6214
7.7816
7.8590
8.0345
8.1815
8.3791
8.4728
8.5661
8.5717
8.6677
8.6437
8.7498
8.8772
8.8705
8.9840
8.8288
8.8921
8.5571
8.7370
8.8808
8.8465
9.0833
8.8887
8.9620
8.7881
8.5267
8.4957
8.4869
8.1228
8.1411
8.1412
7.8881
8.2224
8.0127
7.7031
7.7019
7.9081
8.0133
7.7787
8.1853
8.0338
7.8326
7.8210
8.1787
7.7814
8.0377
7.9747
7.9249
7.6931
7.5251
7.5923
7.9678
7.7504
7.7883
7.7573
7.6469
7.8932
7.6977
7.7935
7.6456
7.2242
7.2120
7.0519
6.9353
6.7627
6.6252
6.6241
6.7720
6.8865
6.7078
6.4400
6.3245
6.2888
6.4073
6.4007
6.2565
6.0951
5.9396
5.7284
5.6863
5.7046
5.8379
5.9355
5.9280
5.7991
5.7880
5.8279
5.9217
6.1286
6.3922
6.5941
6.7774
7.0636
7.2364
7.3913
7.5997
7.8845
8.1556
8.2745
8.4046
8.6348
9.0466
9.1971
9.1085
9.5005
9.9108
9.0020
9.4123
8.9582
9.4998
9.0932
9.5268
9.8885
10.1322
10.1708
10.0912
10.0750
10.2756
10.2057
10.2947
10.2754
10.2093
10.0248
9.6881
9.5306
9.1937
8.9498
8.7661
8.5529
8.4633
8.1306
8.1397
7.9706
8.0375
8.0594
8.0401
8.1156
8.1592
7.9726
7.7472
7.4743
7.4522
7.4715
7.3566
7.2917
7.3074
7.2624
7.2135
7.1756
7.1022
7.3806
7.4585
7.1702
6.7418
6.3292
6.4942
6.6449
6.5489
6.4424
6.0511
5.7066
5.3002
5.1836
4.8818
4.7610
4.6506
4.6495
4.6261
4.6391
4.6629
4.7205
4.8880
4.7613
4.8146
4.8652
4.8769
5.0691
5.1182
5.3293
5.1837
5.1708
5.0906
5.1204
5.1597
5.2397
5.4933
5.5794
5.9823
6.7696
7.0930
7.2162
8.7375
7.8210
7.9936
9.1264
10.6983
10.6259
11.0909
10.5254
11.3129
10.9160
10.8740
11.0648
11.0186
10.5756
10.4562
10.5234
10.0656
10.2704
10.2386
9.1249
9.4202
9.8126
9.4957
9.6211
10.2374
10.4750
10.3781
10.4600
10.1704
10.3971
9.9010
9.4775
9.2820
8.8440
9.1291
9.1486
8.4994
8.4695
8.5601
8.9099
8.4891
8.5544
8.4782
8.2835
8.3626
7.7901
8.2086
7.9491
7.8973
8.0143
7.7565
7.5274
7.4045
