0.8693
0.8015
0.7738
0.7384
0.7009
0.6849
0.6926
0.7212
0.7286
0.6866
0.6222
0.5967
0.5606
0.5023
0.4559
0.4230
0.3783
0.2803
0.2094
0.1253
0.2008
0.3311
0.5562
0.8098
1.0862
1.3719
1.6381
1.9399
2.2222
2.4758
2.6764
2.8432
3.0247
3.2097
3.3794
3.5225
3.6449
3.7572
3.8502
3.9332
4.0034
4.0636
4.1163
4.1543
4.1820
4.1965
4.1929
4.1761
4.1482
4.0934
4.0182
3.9535
3.8929
3.8306
3.7432
3.6333
3.5156
3.3694
3.1749
2.9490
2.7270
2.5224
2.2902
2.0483
1.7986
1.5337
1.2732
1.0173
0.7779
0.5646
0.3850
0.2307
0.0962
-0.0060
-0.0798
-0.1355
-0.1837
-0.2201
-0.2437
-0.2566
-0.2770
-0.2834
-0.2865
-0.2908
-0.3022
-0.3292
-0.3525
-0.3693
-0.4002
-0.4344
-0.4431
-0.4439
-0.4481
-0.4615
-0.4917
-0.4684
-0.4254
-0.4675
-0.4915
-0.4506
-0.4030
-0.3717
-0.3566
-0.3822
-0.4328
-0.4360
-0.4124
-0.4127
-0.4067
-0.3957
-0.4010
-0.4056
-0.3994
-0.4112
-0.4268
-0.4218
-0.3634
-0.2670
-0.1773
-0.0729
0.0393
0.1477
0.2712
0.4292
0.6165
0.7314
0.8138
0.8279
0.7446
0.6437
0.6098
0.5544
0.5538
0.5781
0.5903
0.6318
0.6533
0.6825
0.7005
0.7067
0.7380
0.7672
0.8258
0.8611
0.8842
0.8860
0.8606
0.8047
0.7445
0.6870
0.6444
0.6080
0.6056
0.6248
0.6685
0.7060
0.7795
0.8183
0.7873
0.7512
0.7357
0.6854
0.5844
0.4295
0.2828
0.1555
0.0488
-0.0403
-0.1109
-0.1728
-0.2320
-0.2510
-0.2535
-0.2613
-0.2711
-0.2959
-0.3584
-0.4036
-0.4163
-0.4187
-0.4222
-0.4377
-0.4549
-0.4601
-0.5099
-0.4968
-0.5035
-0.5028
-0.4895
-0.4747
-0.4587
-0.4604
-0.4540
-0.4729
-0.4866
-0.4459
-0.4238
-0.4329
-0.4350
-0.4275
-0.4071
-0.4059
-0.3891
-0.3773
-0.3598
-0.3245
-0.2960
-0.2711
-0.2571
-0.2494
-0.2494
-0.2267
-0.1871
-0.1328
-0.0582
0.0183
0.0910
0.1581
0.2210
0.2850
0.3522
0.3894
0.3845
0.3445
0.2954
0.2855
0.3065
0.3209
0.3366
0.3552
0.3495
0.3501
0.3475
0.3427
0.3426
0.3392
0.3443
0.3408
0.3329
0.3384
0.3385
0.3568
0.3515
0.3490
0.3408
0.3474
0.3566
0.3564
0.3534
0.3539
0.3576
0.3492
0.3193
0.3107
0.3262
0.3417
0.3477
0.3327
0.2916
0.2271
0.1632
0.1069
0.0636
0.0172
-0.0162
-0.0431
-0.0663
-0.0930
-0.1117
-0.1325
-0.1509
-0.1719
-0.1862
-0.1996
-0.2115
-0.2279
-0.2458
-0.2512
-0.2451
-0.2343
-0.2152
-0.1838
-0.1442
-0.1717
-0.2727
-0.2278
-0.1545
-0.1463
-0.2420
-0.2154
-0.1254
-0.1564
-0.1301
-0.1512
-0.1762
-0.1959
-0.1704
-0.1286
-0.1018
-0.0818
-0.0733
-0.0710
-0.0627
-0.0595
-0.0685
-0.0826
-0.1303
-0.1718
-0.2514
-0.2134
-0.1096
0.0550
0.1559
0.2722
0.4679
0.6232
0.8023
0.9550
1.1070
1.2294
1.1981
1.0465
0.9167
0.8968
0.6477
0.4843
0.6719
0.7414
1.3024
1.2688
1.2784
1.2269
1.2201
1.2149
1.2811
1.2828
1.3047
1.3430
1.3211
1.3152
1.3822
1.5317
1.7539
1.9609
2.0824
2.1722
2.2459
2.2802
2.1812
2.0328
1.8546
1.6501
1.4747
1.2992
1.1026
0.9030
0.7549
0.6222
0.5071
0.4186
0.3391
0.2775
0.2432
0.2282
0.2000
0.1613
0.1414
0.1427
0.1432
0.1197
0.1256
0.1267
0.1205
0.0963
0.0488
0.0265
0.0221
