-2.3879
-2.5116
-2.7427
-2.9145
-3.1816
-3.3657
-3.5233
-3.7846
-3.9461
-4.0806
-4.2043
-4.2639
-4.3278
-4.3900
-4.4566
-4.5415
-4.4029
-4.2274
-4.0009
-3.8339
-3.4066
-3.2326
-3.2786
-3.2535
-3.1890
-3.1249
-3.0731
-3.1075
-3.2204
-3.3080
-3.3541
-3.4238
-3.5514
-3.7090
-3.8625
-4.0024
-4.1511
-4.2701
-4.3550
-4.4825
-4.6749
-4.8106
-4.9308
-5.0378
-5.2016
-5.3278
-5.4444
-5.5266
-5.6430
-5.7695
-5.7602
-5.7697
-5.6259
-5.5883
-5.6214
-5.4841
-5.3458
-5.3462
-5.2453
-5.1141
-5.1615
-5.0721
-5.0042
-4.9306
-4.9464
-5.0235
-4.9844
-5.2208
-5.2500
-5.1648
-5.2238
-5.1461
-5.1189
-5.0315
-4.8015
-4.5064
-4.2503
-4.1498
-4.2106
-4.2430
-4.1956
-4.2433
-4.3891
-4.5005
-4.4597
-4.3113
-4.1808
-4.0635
-4.1704
-4.1236
-4.1523
-4.0359
-3.9948
-4.1337
-4.2902
-4.4131
-4.4252
-4.1810
-4.0584
-4.0115
-4.0207
-3.9644
-4.0065
-4.1020
-4.1375
-4.1302
-4.1904
-4.1568
-4.0149
-3.9853
-4.0910
-4.1706
-4.1535
-4.1723
-4.1062
-4.0433
-3.8472
-3.9140
-3.9615
-3.9037
-3.9568
-4.1265
-4.0494
-4.3462
-4.3517
-4.7301
-5.0344
-5.4316
-6.0236
-6.6267
-6.9639
-7.1918
-7.3687
-7.5106
-7.6649
-7.7236
-7.8800
-8.0258
-8.1979
-8.2802
-8.3462
-8.3398
-8.4078
-8.3863
-8.4722
-8.5748
-8.5760
-8.6707
-8.5368
-8.5776
-8.2906
-8.4353
-8.5167
-8.4355
-8.5458
-8.3351
-8.2450
-7.9934
-7.6371
-7.4365
-7.2749
-6.7925
-6.6889
-6.6182
-6.3482
-6.5216
-6.2474
-6.0361
-6.0399
-6.1677
-6.2635
-6.1197
-6.3016
-6.1857
-6.0383
-5.8991
-6.0555
-5.7555
-5.8971
-5.7525
-5.6444
-5.4494
-5.3184
-5.3004
-5.6422
-5.3774
-5.3913
-5.4652
-5.3895
-5.5716
-5.4094
-5.5146
-5.3765
-5.0497
-5.2400
-5.1416
-5.0872
-5.0615
-5.0410
-5.0302
-5.1449
-5.3143
-5.2418
-5.1256
-5.1379
-5.1701
-5.2889
-5.3129
-5.2182
-5.1024
-5.0065
-4.8350
-4.7666
-4.8036
-4.8586
-4.9175
-4.9673
-4.9729
-5.0656
-5.2122
-5.4412
-5.7749
-6.1252
-6.4152
-6.6544
-6.9600
-7.1584
-7.3443
-7.5779
-7.8691
-8.1450
-8.2678
-8.3881
-8.6198
-9.0375
-9.1821
-9.0832
-9.4643
-9.8713
-8.9472
-9.3501
-8.8767
-9.4079
-9.0089
-9.4103
-9.7459
-9.9597
-9.9720
-9.8679
-9.7866
-9.8606
-9.7384
-9.7278
-9.6396
-9.4756
-9.1713
-8.7621
-8.5299
-8.1415
-7.8664
-7.6293
-7.4054
-7.2402
-6.9187
-6.8264
-6.6785
-6.6112
-6.5384
-6.3814
-6.3404
-6.2564
-6.0091
-5.8142
-5.6286
-5.6160
-5.5812
-5.4149
-5.3473
-5.3760
-5.2115
-5.2089
-5.3070
-5.4389
-5.5838
-5.2779
-5.0510
-4.7628
-4.6353
-4.6580
-4.6066
-4.4173
-4.1168
-3.8797
-3.6290
-3.5316
-3.5269
-3.3209
-3.1256
-3.0067
-2.9016
-2.8532
-2.8502
-2.9041
-2.9595
-3.0680
-2.9963
-3.0590
-3.2191
-3.4286
-3.6616
-3.4795
-3.4135
-3.6321
-3.6474
-3.6995
-3.9062
-4.0987
-4.3749
-4.7290
-4.9865
-5.6198
-6.5354
-6.9467
-7.1037
-8.4495
-7.7646
-7.9689
-9.0869
-10.2306
-10.1443
-10.4459
-10.0684
-10.7697
-10.5562
-10.3672
-10.4882
-10.3123
-9.9055
-9.9019
-9.9399
-9.3473
-9.2312
-8.6747
-7.2053
-7.2620
-7.3022
-6.6744
-6.8594
-7.1349
-7.4446
-7.5058
-7.4102
-6.9728
-7.0235
-6.5961
-6.4458
-6.0703
-5.8698
-5.9186
-5.8531
-5.2166
-5.2184
-5.2402
-5.3820
-4.8874
-4.9456
-5.0557
-5.0695
-5.2235
-4.7290
-5.2581
-5.1511
-5.2392
-5.2107
-4.7928
-4.6760
-4.5735
