5.4922
5.3407
5.4309
5.4779
5.5220
5.6361
5.8346
6.0092
6.1263
6.2366
6.3194
6.3800
6.3264
6.3784
6.4609
6.5250
6.5474
6.3932
6.1653
5.7706
5.3183
5.2315
5.3449
5.4055
5.4321
5.4162
5.2771
5.1049
4.9734
4.9070
4.8438
4.7560
4.6234
4.5327
4.4582
4.4080
4.3792
4.3849
4.4086
4.4399
4.4868
4.5382
4.5498
4.5575
4.6190
4.6367
4.7390
4.8226
4.8947
4.9378
5.0190
5.1414
5.2484
5.3411
5.4382
5.6449
5.7442
5.8472
6.0690
6.2780
6.3192
6.2527
6.2831
6.2289
6.2695
6.3104
6.2468
6.3754
6.4069
6.4396
6.6156
6.5077
6.4663
6.4388
6.3674
6.1508
5.9778
5.9014
5.8582
5.8131
5.7150
5.7033
5.8054
5.8353
5.9586
6.0331
6.0490
6.0680
6.0718
5.9860
6.0619
6.0560
6.0578
6.0293
6.0557
6.2079
6.2904
6.3501
6.0800
5.9207
5.8998
5.9010
5.9475
5.8753
5.5534
5.2558
5.1156
4.9686
4.8366
4.8122
4.8556
4.7824
4.6298
4.4493
4.3317
4.2313
4.0780
4.1407
4.1757
4.0571
3.8644
3.5822
3.2773
3.2771
2.9160
2.6664
2.2073
1.9562
1.6879
1.4315
1.2647
1.2296
1.2950
1.2944
1.3425
1.4526
1.5683
1.5886
1.7331
1.7960
1.9286
1.9806
2.1068
2.0938
2.1863
2.2975
2.2669
2.3519
2.2519
2.3439
2.1190
2.2763
2.5170
2.6650
3.0784
3.0881
3.5126
3.6520
3.7920
4.1080
4.3707
4.4544
4.6407
4.7412
4.6822
5.0076
5.0173
4.7857
4.7789
4.9495
4.9981
4.8018
5.2238
5.1263
4.9889
5.1351
5.4975
5.2368
5.4616
5.5231
5.5628
5.4303
5.3237
5.4360
5.6259
5.5815
5.6207
5.5052
5.4248
5.5912
5.4766
5.5071
5.4359
5.1662
4.9554
4.8264
4.7137
4.4850
4.2990
4.3100
4.4035
4.3798
4.1854
3.8990
3.6880
3.5804
3.6169
3.5695
3.4516
3.3340
3.1958
3.0720
3.1005
3.0770
3.2365
3.3239
3.2352
2.9832
2.8002
2.6072
2.3366
2.0519
1.8282
1.5256
1.2855
1.2051
1.0594
0.8317
0.5753
0.4923
0.4143
0.3334
0.5267
0.5086
0.4057
0.5243
0.6784
0.8284
0.8835
0.9919
1.0809
1.2053
1.3181
1.2351
1.4857
1.6733
1.8614
2.0012
2.1109
2.3934
2.8909
3.0528
3.3691
3.5584
3.8005
4.0476
4.1333
4.2512
4.2708
4.2682
4.3172
4.2792
4.3826
4.2706
4.4333
4.3506
4.5709
4.7120
4.8909
5.0658
5.2373
5.2396
5.1199
4.9177
4.8985
4.9673
4.9797
4.9574
4.9493
5.0579
4.9901
4.8296
4.5673
4.8264
5.2700
5.0891
4.7715
4.3097
4.5251
4.7889
4.8348
4.9555
4.6436
4.4040
3.9522
3.7987
3.5782
3.5914
3.5479
3.6330
3.6414
3.6602
3.6481
3.6776
3.8052
3.7003
3.7179
3.6480
3.4682
3.5056
3.7535
4.0926
3.6986
3.6651
3.4968
3.3106
3.1342
2.8836
2.7952
2.5030
2.0509
1.7652
1.4329
1.2693
2.2250
0.9378
0.6272
0.8481
3.1287
3.1629
3.7272
3.0677
3.4632
2.7794
3.2811
3.5250
3.8815
3.7046
3.3592
3.4556
3.7342
4.5016
5.4385
5.5988
6.0003
6.5548
6.7543
6.7463
7.3415
7.3691
7.1671
7.3825
7.4039
7.6661
7.3838
6.9480
7.0219
6.6153
6.9506
7.0312
6.7102
6.6708
6.7687
7.1007
6.9411
6.9799
6.8059
6.5511
6.5305
6.1906
6.3035
6.0542
5.9092
6.0891
6.0986
5.8989
5.8232
