3.6510
3.8050
3.8660
3.9040
4.0250
4.0720
4.1160
4.1860
4.2830
4.3070
4.3450
4.3810
4.3430
4.2910
4.2210
4.0830
4.0050
3.9260
3.8770
3.8100
3.8150
3.7650
3.6980
3.4370
2.9180
2.6340
2.5290
2.5920
2.5780
2.5040
2.4570
2.3830
2.3320
2.3110
2.3430
2.4180
2.4720
2.4350
2.3190
2.2030
2.1120
2.0610
2.0760
2.3020
2.7900
3.0950
3.3060
3.5520
3.7640
3.9280
4.0210
4.1250
4.2700
4.4640
4.6780
4.9340
5.1590
5.3370
5.4940
5.6920
5.8750
6.0530
6.2570
6.1820
6.1510
6.1960
6.1850
6.1440
6.1120
6.1310
6.2550
6.3650
6.4000
6.3200
6.2650
6.2140
6.2140
6.2570
6.2840
6.3120
6.2870
6.1980
6.1080
6.0510
5.9990
5.9590
5.9630
5.9400
5.9110
5.9120
5.9170
5.9230
5.9760
5.9560
6.0060
6.0390
5.9420
5.8280
5.7570
5.6130
5.4020
5.0870
4.9340
4.8200
4.4850
4.5070
4.6450
4.5920
4.5710
4.5830
4.5600
4.4580
4.4160
4.4100
4.4240
4.5250
4.5190
4.4800
4.3790
4.3040
4.2020
4.0630
3.9650
3.9710
3.9260
3.9920
4.2340
4.5480
4.8800
5.1190
5.2240
5.3570
5.4380
5.5080
5.7570
5.9940
6.0060
5.9910
5.9580
5.9770
6.0790
6.0390
5.9360
5.6770
5.4050
5.2230
5.0410
4.8950
4.9310
5.0950
5.1940
5.1550
5.2020
5.0940
5.2980
5.4810
5.5130
5.4320
5.4280
5.5000
5.5040
5.5230
5.5870
5.5480
5.5630
5.5590
5.6610
5.7100
5.6100
5.6090
5.6450
5.7180
5.6860
5.5430
5.4780
5.4180
5.3070
5.2470
5.1140
4.8840
4.7350
4.7190
4.7030
4.7380
4.8370
4.9770
5.0800
5.1140
5.0700
4.9500
4.8880
4.9020
4.9870
5.1430
5.3340
5.4500
5.4760
5.3790
5.2240
4.8780
4.7300
5.0330
5.5530
5.8100
5.9400
6.0600
6.1850
6.2730
6.3030
6.2750
6.1810
6.0420
5.9350
5.7770
5.7050
5.6160
5.5470
5.4740
5.4010
5.3330
5.2690
5.2340
5.2190
5.2290
5.2760
5.3220
5.3690
5.4100
5.4310
5.4340
5.4290
5.3980
5.3500
5.2790
5.2070
5.1350
5.0720
4.9890
4.9220
4.8660
4.8060
4.7450
4.6960
4.6560
4.6260
4.6040
4.5730
4.5270
4.5020
4.4890
4.4560
4.4320
4.4290
4.3980
4.3600
4.3590
4.4330
4.5490
4.6550
4.7620
4.7600
4.8030
4.8330
4.9020
4.9210
4.9120
4.8620
4.8680
5.1390
5.2690
5.2620
5.1810
4.8500
4.6570
4.5490
4.4330
4.3890
4.3840
4.3080
4.2670
4.2510
4.2480
4.2590
4.2880
4.3500
4.3880
4.4280
4.4910
4.5670
4.6330
4.6790
4.6880
4.6700
4.6260
4.6090
4.6110
4.6310
4.7840
5.0250
5.2470
5.0790
4.6330
4.4020
4.3570
4.3670
4.3420
4.4640
4.5590
4.6610
4.5030
4.6850
4.7740
5.0250
5.2670
5.5020
5.7200
5.5880
5.2920
5.1890
5.1680
5.2340
5.3250
5.3240
5.4150
5.4860
5.5230
5.6400
5.7600
5.7390
5.6530
5.6550
5.6820
5.6790
5.6150
5.5830
5.5610
5.5220
5.5110
5.5040
5.5040
5.4880
5.4500
5.3980
5.3490
5.3030
5.2550
5.1980
5.1480
5.0980
5.0330
4.9670
4.9270
4.9760
4.9410
4.9220
4.9410
4.9540
4.9610
4.9910
5.0150
5.0100
4.9840
4.9650
4.9540
4.9240
4.8860
4.8640
4.8650
4.8440
4.7870
4.7600
4.7620
4.7830
4.8320
4.8560
4.8090
4.7620
