973.2700
969.0200
969.4200
982.5600
1006.1000
1010.4000
983.2300
1003.2000
978.3800
994.6800
1028.9000
1015.3000
1007.1000
994.6900
991.0100
1027.4000
1050.1000
1071.6000
1068.3000
1067.1000
1075.7000
1084.0000
1113.8000
1131.4000
1128.9000
1126.7000
1127.5000
1126.6000
1134.4000
1146.6000
1150.6000
1144.5000
1141.5000
1128.9000
1119.6000
1119.1000
1115.5000
1109.5000
1104.7000
1081.9000
1066.9000
1063.0000
1060.0000
1065.2000
1059.8000
1047.9000
1035.3000
1022.0000
1019.0000
1013.6000
1005.2000
1000.9000
993.9300
984.8500
977.8100
972.0800
964.5000
956.9200
953.2300
944.9400
941.4200
943.9100
944.7800
952.8100
961.6400
967.8800
982.0300
995.5600
1011.0000
1022.7000
1034.3000
1043.5000
1053.4000
1069.9000
1094.0000
1109.0000
1121.8000
1128.0000
1141.6000
1157.3000
1172.9000
1192.6000
1204.2000
1216.2000
1228.6000
1240.1000
1251.5000
1227.9000
1199.3000
1185.1000
1177.0000
1184.7000
1180.0000
1166.6000
1146.5000
1131.6000
1127.8000
1129.1000
1125.7000
1120.9000
1102.3000
1095.1000
1095.1000
1086.6000
1096.6000
1090.4000
1076.7000
1060.3000
1045.8000
1037.6000
1039.4000
1083.1000
1130.7000
1155.9000
1173.3000
1173.2000
1186.3000
1214.2000
1247.9000
1274.2000
1286.9000
1299.6000
1307.1000
1288.5000
1289.7000
1289.7000
1289.9000
1296.6000
1296.9000
1302.3000
1304.8000
1308.8000
1318.6000
1328.5000
1335.5000
1328.6000
1323.3000
1327.0000
1329.7000
1328.2000
1320.4000
1310.4000
1295.0000
1286.2000
1290.2000
1309.9000
1350.3000
1385.3000
1392.8000
1386.6000
1376.5000
1364.5000
1364.0000
1365.9000
1340.1000
1325.7000
1322.1000
1343.7000
1352.6000
1359.7000
1360.7000
1368.1000
1389.9000
1396.7000
1389.4000
1387.6000
1385.0000
1400.6000
1429.1000
1434.5000
1450.0000
1447.6000
1449.7000
1461.2000
1465.0000
1477.2000
1484.3000
1492.5000
1504.7000
1525.1000
1547.3000
1565.2000
1578.8000
1548.8000
1521.2000
1519.4000
1527.4000
1550.2000
1550.2000
1539.2000
1516.7000
1497.4000
1499.3000
1500.6000
1496.2000
1510.4000
1509.9000
1502.1000
1498.7000
1497.6000
1505.3000
1512.4000
1518.5000
1515.9000
1509.6000
1509.8000
1511.4000
1550.2000
1589.2000
1603.0000
1613.2000
1606.1000
1620.2000
1641.6000
1671.6000
1696.3000
1705.6000
1713.5000
1726.2000
1724.2000
1732.7000
1746.5000
1754.7000
1760.3000
1759.2000
1758.7000
1755.7000
1758.7000
1761.5000
1758.7000
1757.4000
1730.5000
1704.1000
1694.7000
1692.5000
1694.5000
1689.0000
1678.9000
1661.6000
1646.7000
1645.5000
1641.3000
1634.1000
1637.7000
1623.1000
1607.5000
1595.3000
1585.1000
1576.0000
1565.6000
1556.5000
1545.7000
1534.1000
1527.9000
1520.3000
1544.9000
1565.4000
1569.0000
1567.9000
1555.9000
1563.6000
1577.1000
1601.0000
1614.7000
1619.6000
1628.6000
1643.9000
1627.0000
1611.0000
1609.3000
1612.0000
1619.3000
1619.9000
1619.1000
1609.7000
1608.2000
1607.7000
1601.8000
1605.5000
1577.0000
1544.9000
1534.4000
1530.6000
1538.1000
1529.3000
1515.1000
1492.0000
1473.1000
1470.9000
1467.9000
1463.5000
1489.5000
1502.7000
1502.8000
1501.7000
1495.4000
1498.9000
1497.4000
1497.3000
1489.3000
1487.7000
1503.1000
1516.4000
1543.9000
1570.3000
1585.2000
1589.8000
1587.1000
1591.1000
1606.4000
1622.5000
1642.4000
1643.5000
1638.6000
1636.4000
1620.0000
1625.4000
1644.1000
1657.7000
1661.2000
1658.7000
1654.3000
1651.1000
1647.6000
1643.5000
1638.2000
1633.7000
1598.8000
1568.2000
1557.3000
1549.5000
1548.3000
1535.4000
1517.3000
1490.2000
1471.0000
1464.0000
1458.0000
1448.5000
1464.5000
1462.1000
1451.3000
1443.6000
1431.7000
1429.0000
1426.1000
1428.8000
1424.5000
1417.2000
1416.1000
1413.1000
1420.4000
1429.6000
1432.4000
1432.8000
1430.8000
1432.4000
1435.4000
1441.5000
1448.5000
1451.3000
1455.9000
1460.8000
1448.2000
1444.6000
1449.1000
1453.1000
1462.5000
1466.1000
1470.8000
1467.7000
1463.2000
1464.5000
1460.7000
1459.8000
1426.9000
1392.2000
