4.9939
5.2374
5.3345
5.3945
5.5860
5.6617
5.7303
5.8415
5.9957
6.0334
6.0949
6.1513
6.0905
6.0088
5.8978
5.6783
5.5550
5.4293
5.3523
5.2455
5.2528
5.1736
5.0681
4.6537
3.8297
3.3800
3.2124
3.3133
3.2904
3.1739
3.0988
2.9810
2.9001
2.8665
2.9169
3.0372
3.1223
3.0637
2.8796
2.6951
2.5514
2.4697
2.4937
2.8523
3.6266
4.1104
4.4455
4.8355
5.1718
5.4335
5.5809
5.7446
5.9747
6.2840
6.6230
7.0298
7.3860
7.6691
7.9174
8.2323
8.5222
8.8050
9.1278
9.0090
8.9603
9.0315
9.0149
8.9496
8.8986
8.9289
9.1248
9.2997
9.3552
9.2282
9.1408
9.0597
9.0598
9.1283
9.1717
9.2158
9.1762
9.0342
8.8917
8.8015
8.7195
8.6562
8.6625
8.6251
8.5786
8.5815
8.5896
8.5981
8.6828
8.6500
8.7303
8.7831
8.6287
8.4469
8.3351
8.1062
7.7714
7.2715
7.0287
6.8489
6.3161
6.3508
6.5709
6.4857
6.4528
6.4725
6.4360
6.2731
6.2064
6.1974
6.2203
6.3794
6.3706
6.3083
6.1481
6.0295
5.8677
5.6465
5.4917
5.5009
5.4293
5.5341
5.9186
6.4171
6.9439
7.3219
7.4895
7.6998
7.8289
7.9406
8.3353
8.7114
8.7293
8.7066
8.6539
8.6840
8.8454
8.7823
8.6198
8.2077
7.7765
7.4874
7.1988
6.9675
7.0243
7.2848
7.4420
7.3804
7.4546
7.2826
7.6066
7.8968
7.9471
7.8196
7.8124
7.9274
7.9336
7.9639
8.0660
8.0041
8.0267
8.0205
8.1833
8.2609
8.1015
8.1001
8.1566
8.2724
8.2228
7.9957
7.8926
7.7975
7.6213
7.5252
7.3146
6.9493
6.7126
6.6878
6.6620
6.7174
6.8754
7.0969
7.2608
7.3146
7.2444
7.0540
6.9561
6.9790
7.1137
7.3602
7.6641
7.8483
7.8891
7.7349
7.4899
6.9403
6.7050
7.1867
8.0105
8.4190
8.6249
8.8162
9.0140
9.1540
9.2013
9.1577
9.0070
8.7878
8.6172
8.3672
8.2524
8.1115
8.0025
7.8859
7.7706
7.6616
7.5609
7.5057
7.4818
7.4974
7.5725
7.6448
7.7188
7.7843
7.8170
7.8229
7.8141
7.7659
7.6891
7.5766
7.4616
7.3484
7.2474
7.1171
7.0093
6.9204
6.8257
6.7298
6.6515
6.5872
6.5403
6.5053
6.4566
6.3838
6.3429
6.3234
6.2713
6.2332
6.2273
6.1787
6.1188
6.1165
6.2342
6.4178
6.5862
6.7561
6.7530
6.8206
6.8682
6.9785
7.0089
6.9946
6.9153
6.9243
7.3550
7.5614
7.5494
7.4212
6.8964
6.5894
6.4186
6.2337
6.1638
6.1561
6.0351
5.9700
5.9460
5.9412
5.9581
6.0039
6.1020
6.1620
6.2263
6.3266
6.4459
6.5512
6.6249
6.6387
6.6108
6.5397
6.5132
6.5159
6.5479
6.7911
7.1730
7.5261
7.2592
6.5507
6.1841
6.1128
6.1296
6.0896
6.2825
6.4337
6.5954
6.3449
6.6338
6.7754
7.1740
7.5568
7.9299
8.2759
8.0664
7.5969
7.4330
7.4005
7.5057
7.6501
7.6485
7.7915
7.9045
7.9632
8.1494
8.3405
8.3072
8.1692
8.1726
8.2156
8.2112
8.1092
8.0581
8.0238
7.9626
7.9440
7.9337
7.9342
7.9081
7.8478
7.7655
7.6869
7.6150
7.5390
7.4485
7.3682
7.2888
7.1856
7.0821
7.0182
7.0959
7.0406
7.0103
7.0403
7.0611
7.0714
7.1196
7.1577
7.1497
7.1087
7.0788
7.0608
7.0138
6.9522
6.9172
6.9197
6.8856
6.7959
6.7527
6.7562
6.7895
6.8675
6.9045
6.8299
6.7555
