-8.7169
-8.7148
-8.6972
-8.6799
-8.6862
-8.6964
-8.7097
-8.7167
-8.7032
-8.6618
-8.6097
-8.5845
-8.5758
-8.5786
-8.6034
-8.6069
-8.6071
-8.6319
-8.6938
-8.7853
-8.8391
-8.8749
-8.9399
-9.1963
-9.2914
-8.9300
-8.4000
-7.8015
-7.3219
-6.7713
-6.2867
-5.8540
-5.4953
-5.1595
-4.8697
-4.6167
-4.3923
-4.2351
-4.1368
-4.0330
-3.9389
-3.8783
-3.8847
-4.1287
-4.8043
-4.8960
-5.0947
-5.2434
-5.1683
-5.0711
-4.9732
-4.9008
-4.9052
-4.8454
-4.7548
-4.7120
-4.6846
-4.6778
-4.7369
-4.8861
-5.1289
-5.4309
-5.6660
-6.3354
-6.6181
-6.8875
-7.3509
-7.8275
-8.1766
-8.5732
-8.9526
-9.2006
-9.3997
-9.6489
-9.9169
-10.1306
-10.2887
-10.4134
-10.5577
-10.6892
-10.8117
-10.8706
-10.9235
-11.0336
-11.1616
-11.2918
-11.4004
-11.4258
-11.3640
-11.2852
-11.2727
-11.3227
-11.4182
-11.4817
-11.6083
-11.7121
-11.7897
-11.8821
-11.9628
-12.0701
-12.1587
-12.2632
-12.3816
-12.4651
-12.5856
-12.6816
-12.7093
-12.7239
-12.7312
-12.7030
-12.6968
-12.7129
-12.8062
-12.9095
-12.9880
-13.0139
-13.0070
-12.9802
-12.9767
-12.9742
-12.9611
-12.9440
-12.9068
-12.8551
-12.8034
-12.6859
-12.5275
-12.4161
-12.3676
-12.3243
-12.2541
-12.1987
-12.1372
-12.0743
-12.0507
-12.1002
-12.1747
-12.2559
-12.2948
-12.3452
-12.4258
-12.5149
-12.6011
-12.6796
-12.7842
-12.9267
-13.0688
-13.1866
-13.3101
-13.4098
-13.4628
-13.5152
-13.5889
-13.6694
-13.7479
-13.8256
-13.8731
-13.9150
-13.9579
-13.9943
-14.0220
-14.0337
-14.0454
-14.0538
-14.0570
-14.0456
-14.0310
-14.0166
-14.0163
-14.0346
-14.0622
-14.0930
-14.1166
-14.1337
-14.1409
-14.1390
-14.1264
-14.1077
-14.0868
-14.0796
-14.0913
-14.1090
-14.1153
-14.1286
-14.1672
-14.2405
-14.3366
-14.4283
-14.5352
-14.5795
-14.5389
-14.5217
-14.5117
-14.5239
-14.5505
-14.5540
-14.5142
-14.4011
-14.2144
-14.0001
-14.0632
-14.1616
-14.1932
-14.2427
-14.2175
-14.1738
-14.1422
-14.1463
-14.1802
-14.2338
-14.3039
-14.3574
-14.4138
-14.4042
-14.4107
-14.4068
-14.3934
-14.3723
-14.3589
-14.3555
-14.3470
-14.3258
-14.2886
-14.2273
-14.1609
-14.0978
-14.0435
-13.9968
-13.9567
-13.9260
-13.9056
-13.8934
-13.8911
-13.8972
-13.9094
-13.9284
-13.9571
-13.9884
-14.0193
-14.0521
-14.0828
-14.1101
-14.1364
-14.1618
-14.1867
-14.2134
-14.2409
-14.2662
-14.2930
-14.3244
-14.3586
-14.3948
-14.4349
-14.4887
-14.5291
-14.5752
-14.5980
-14.6130
-14.6221
-14.6310
-14.6394
-14.6504
-14.6656
-14.6798
-14.6955
-14.7119
-14.7258
-14.7295
-14.7269
-14.7369
-14.7547
-14.7616
-14.8114
-14.8724
-14.8650
-14.8618
-14.8566
-14.8501
-14.8425
-14.8392
-14.8383
-14.8325
-14.8197
-14.7974
-14.7607
-14.7145
-14.6673
-14.6193
-14.5642
-14.5056
-14.4565
-14.4322
-14.4301
-14.4356
-14.4368
-14.4269
-14.4021
-14.3712
-14.3306
-14.3014
-14.2857
-14.2743
-14.2553
-14.2315
-14.2067
-14.1748
-14.1314
-14.0565
-13.9592
-13.8973
-13.8085
-13.7482
-13.6969
-13.6495
-13.6255
-13.6156
-13.6142
-13.6111
-13.6067
-13.5808
-13.5465
-13.5012
-13.4949
-13.5058
-13.4761
-13.4828
-13.5016
-13.4814
-13.4789
-13.4740
-13.4780
-13.4613
-13.4245
-13.3770
-13.3581
-13.3553
-13.3478
-13.3456
-13.3479
-13.3588
-13.3706
-13.3777
-13.3827
-13.3989
-13.4230
-13.4559
-13.4944
-13.5416
-13.5993
-13.6595
-13.7207
-13.7843
-13.8404
-13.8727
-13.9029
-13.9218
-13.9366
-13.9463
-13.9521
-13.9560
-13.9570
-13.9546
-13.9503
-13.9433
-13.9366
-13.9338
-13.9356
-13.9391
-13.9437
-13.9461
-13.9447
-13.9401
-13.9315
-13.9184
-13.9069
-13.8915
-13.8720
