4.1871
4.3447
4.3901
4.3389
4.4554
4.4592
4.4577
4.4790
4.5818
4.6084
4.5940
4.6244
4.5456
4.5385
4.4986
4.2597
4.1386
4.0665
4.0695
3.9940
4.0402
3.9703
3.8364
3.5192
2.8137
2.3564
2.2527
2.4314
2.3950
2.3969
2.3788
2.1611
1.8893
1.5699
1.2389
0.9700
0.7088
0.3519
-0.0255
-0.3565
-0.6667
-1.0059
-1.4460
-2.2368
-3.3755
-3.9433
-4.2762
-4.7082
-5.0680
-5.3442
-5.4895
-5.6379
-5.8506
-6.1414
-6.4673
-6.8343
-7.1339
-7.3569
-7.5423
-7.7431
-7.8536
-7.8985
-7.9357
-7.7270
-7.5158
-7.3328
-7.1485
-6.8961
-6.6711
-6.5475
-6.4356
-6.4141
-6.3903
-6.3693
-6.3220
-6.2487
-6.2676
-6.4177
-6.4032
-6.3979
-6.3076
-6.2073
-6.2156
-6.2065
-6.1553
-6.0789
-5.9270
-5.7930
-5.7592
-5.7602
-5.7018
-5.5249
-5.4078
-5.3209
-5.2963
-5.3439
-5.4101
-5.3847
-5.4174
-5.3167
-5.2933
-5.2108
-5.3514
-5.7827
-5.6166
-5.9120
-6.2979
-6.2972
-6.3301
-6.3583
-6.3239
-6.1765
-6.1387
-6.1632
-6.1905
-6.3104
-6.3138
-6.2224
-6.0553
-5.9664
-5.8204
-5.6241
-5.4766
-5.4919
-5.4236
-5.4884
-5.7422
-6.0468
-6.3904
-6.6871
-6.8355
-7.0732
-7.2447
-7.4169
-7.8919
-8.3830
-8.4773
-8.4689
-8.4054
-8.4489
-8.6618
-8.6674
-8.5566
-8.2017
-7.7415
-7.2120
-6.4358
-5.7516
-5.3463
-5.1461
-5.0317
-5.0428
-5.2170
-5.3321
-6.2299
-6.8462
-7.0240
-7.1571
-7.2741
-7.3449
-7.3160
-7.4811
-7.7908
-7.8341
-7.7434
-7.6121
-7.6389
-7.7316
-7.7076
-7.7183
-7.8491
-8.0430
-8.0282
-7.8180
-7.7213
-7.6814
-7.5480
-7.5033
-7.3087
-6.8856
-6.3305
-5.9459
-5.6961
-5.4454
-5.1618
-4.8847
-4.8172
-4.9061
-4.8467
-4.7656
-4.8664
-5.0127
-5.1416
-5.2891
-5.5352
-5.8031
-6.0825
-6.2317
-6.3272
-6.1673
-5.6820
-5.6623
-6.1923
-6.5804
-7.0041
-7.3644
-7.6902
-7.9123
-8.0454
-8.1017
-8.0184
-7.8823
-7.7945
-7.6518
-7.6286
-7.5792
-7.5557
-7.4893
-7.3889
-7.2922
-7.1935
-7.1410
-7.1347
-7.1606
-7.2311
-7.2729
-7.2911
-7.3029
-7.3021
-7.3004
-7.2921
-7.2373
-7.1710
-7.0729
-6.9670
-6.8559
-6.7675
-6.6427
-6.5456
-6.4694
-6.3870
-6.2953
-6.2266
-6.1691
-6.1412
-6.1344
-6.0971
-6.0306
-5.9925
-5.9563
-5.8712
-5.7897
-5.7458
-5.6496
-5.5371
-5.4815
-5.5545
-5.7129
-5.8858
-6.0878
-6.1514
-6.2922
-6.4017
-6.5965
-6.7261
-6.8182
-6.8362
-6.8932
-7.3397
-7.5564
-7.5494
-7.4206
-6.8961
-6.5893
-6.4158
-6.2298
-6.1512
-6.1290
-6.0251
-5.9699
-5.9455
-5.9393
-5.9562
-6.0038
-6.1015
-6.1619
-6.2246
-6.3148
-6.4102
-6.4787
-6.5023
-6.4804
-6.4149
-6.3310
-6.3217
-6.3560
-6.4194
-6.6814
-7.0577
-7.3898
-7.1576
-6.5222
-6.1828
-6.1128
-6.1296
-6.0895
-6.2809
-6.4292
-6.5823
-6.3313
-6.6107
-6.7392
-7.1320
-7.5211
-7.9065
-8.2650
-8.0510
-7.5501
-7.3501
-7.3350
-7.4712
-7.6377
-7.6402
-7.7889
-7.9034
-7.9622
-8.1489
-8.3403
-8.3034
-8.1576
-8.1612
-8.2044
-8.1999
-8.0996
-8.0492
-8.0136
-7.9536
-7.9342
-7.9242
-7.9250
-7.8978
-7.8386
-7.7588
-7.6823
-7.6112
-7.5358
-7.4458
-7.3659
-7.2868
-7.1836
-7.0804
-7.0158
-7.0933
-7.0357
-7.0061
-7.0368
-7.0598
-7.0711
-7.1196
-7.1577
-7.1488
-7.1056
-7.0727
-7.0521
-7.0018
-6.9291
-6.8760
-6.8605
-6.7993
-6.6675
-6.5776
-6.5330
-6.5408
-6.6049
-6.6001
-6.5059
-6.4337
