2.7216
2.9247
3.0306
3.2053
3.3695
3.4887
3.6007
3.7500
3.8673
3.8941
4.0053
4.0562
4.0536
3.9381
3.8140
3.7546
3.7054
3.5973
3.4766
3.4004
3.3569
3.3171
3.3117
3.0451
2.5979
2.4231
2.2902
2.2508
2.2562
2.0805
1.9859
2.0534
2.2002
2.3984
2.6407
2.8781
3.0408
3.0434
2.8795
2.6715
2.4628
2.2555
2.0316
1.7698
1.3262
1.1600
1.2150
1.1023
1.0310
0.9812
1.0060
1.1019
1.2113
1.3312
1.4276
1.6462
1.9133
2.1657
2.4080
2.7954
3.3089
3.8911
4.5103
4.6321
4.8785
5.2723
5.4926
5.7044
5.8891
6.0709
6.4688
6.7338
6.8325
6.6777
6.6019
6.5600
6.5420
6.4915
6.5665
6.6330
6.6646
6.5639
6.3584
6.2407
6.1760
6.1625
6.3174
6.3900
6.3580
6.3610
6.4242
6.5880
6.7931
6.8199
6.9403
6.9703
6.7219
6.5081
6.3344
6.1191
5.6900
5.0718
4.5569
3.6699
2.8891
2.3197
1.8744
1.5522
1.2521
1.2105
1.1958
1.0963
0.9138
0.6504
0.6078
0.9354
0.8493
1.0375
1.0641
0.8704
0.7433
0.5029
0.4063
0.3152
0.2478
0.7095
1.4341
2.1485
2.7166
2.9822
3.0608
3.0425
2.9676
2.8359
2.6823
2.3694
2.0822
2.0203
2.0589
2.0071
1.7929
1.4159
1.0421
0.3140
-0.7368
-2.0121
-3.2255
-3.9326
-4.5560
-5.1561
-5.4832
-5.3890
-5.3249
-4.9604
-4.3645
-3.9357
-3.7175
-3.1500
-2.8497
-2.9826
-3.0688
-2.7307
-2.0890
-1.6406
-2.1137
-2.5266
-2.9350
-2.9094
-2.4957
-2.4577
-2.2184
-1.9348
-1.7784
-1.6762
-1.6356
-1.3406
-1.0544
-0.5739
-0.2926
-0.9385
-2.2322
-3.0616
-3.4550
-3.9334
-4.5417
-5.1484
-5.4326
-5.4253
-5.3843
-5.2008
-4.9705
-4.8559
-4.9161
-5.1183
-5.3009
-5.2840
-5.0240
-4.5820
-4.0081
-3.1831
-3.5597
-4.4258
-5.0817
-5.2514
-5.0331
-4.8467
-4.7025
-4.6036
-4.4649
-4.2692
-4.1025
-3.8853
-3.6745
-3.3853
-3.1474
-2.8900
-2.6366
-2.4695
-2.4054
-2.3504
-2.3282
-2.3111
-2.2524
-2.2217
-2.2481
-2.3555
-2.5338
-2.6952
-2.7900
-2.8111
-2.8081
-2.8161
-2.7749
-2.7166
-2.6714
-2.6448
-2.5935
-2.5552
-2.5069
-2.4573
-2.4075
-2.3790
-2.3393
-2.3094
-2.2497
-2.1653
-2.1245
-2.0942
-2.0789
-2.1234
-2.2041
-2.3091
-2.4010
-2.5017
-2.6038
-2.7138
-2.8307
-2.9242
-2.9556
-2.9297
-2.7863
-2.6322
-2.4878
-2.2770
-1.9712
-1.5610
-1.0432
-0.6547
-0.4737
-0.2751
0.0169
0.0918
0.0680
-0.0285
-0.1883
-0.2213
-0.3935
-0.5768
-0.3478
-0.0397
0.0749
0.1492
0.1494
0.0307
-0.0781
-0.0323
0.1458
0.3869
0.6772
0.9717
1.2685
1.4411
1.5974
1.6387
1.5678
1.4343
1.2906
1.2157
1.2812
1.4259
1.2102
0.6100
0.1267
-0.0146
-0.0186
0.0415
0.1398
0.2399
0.4153
0.4144
0.5522
0.6991
0.7753
0.7338
0.6083
0.4247
0.4987
0.8418
1.1066
0.9820
0.7192
0.4347
0.3562
0.2004
0.1314
0.1277
0.0888
0.0597
0.2511
0.4366
0.4317
0.4283
0.4307
0.3945
0.3771
0.4035
0.3786
0.3960
0.3886
0.3833
0.4036
0.3805
0.3219
0.2669
0.2406
0.2206
0.1989
0.1839
0.1717
0.1695
0.1540
0.1819
0.1938
0.2624
0.2428
0.2229
0.1348
0.0632
0.0137
0.0290
0.1143
0.2100
0.2933
0.3504
0.4100
0.5657
0.7533
0.9034
1.0865
1.3144
1.5277
1.7223
1.8207
1.8806
2.0276
2.0788
2.0602
