3.2290
3.1460
3.0510
2.9460
2.8840
2.8540
2.8360
2.8060
2.9050
2.8960
2.9690
3.0580
2.8260
2.6420
2.6810
2.7340
2.9360
2.8230
3.1690
3.4220
3.5440
3.3250
3.5600
3.5660
3.7920
4.4030
4.6630
4.7840
4.8470
4.7410
4.8110
4.9780
4.3990
4.5310
4.5520
4.6390
4.7520
4.8000
4.8820
4.9900
4.9950
4.9850
4.9450
4.8960
4.9040
4.9690
5.0140
5.0980
5.2200
5.2580
5.2140
5.2030
5.2350
5.2670
5.3190
5.3750
5.4220
5.4340
5.4130
5.4090
5.3900
5.3730
5.3550
5.3640
5.3350
5.2300
5.1330
4.9970
4.9240
4.8500
4.8070
4.7960
4.8200
4.8510
4.8860
4.8900
4.8540
4.8410
4.8320
4.8480
4.9200
4.9770
5.0030
4.9740
4.9540
4.9190
4.9230
4.9240
4.9230
4.9310
4.9480
4.9580
4.9650
4.9440
4.9190
4.8900
4.8670
4.8520
4.8520
4.8500
4.8600
4.8570
4.8620
4.8510
4.8470
4.8610
4.8830
4.8870
4.8890
4.9200
4.9810
5.0500
5.1090
5.1230
5.0740
5.0030
4.8340
4.7900
4.7370
4.7010
4.7080
4.7380
4.7520
4.7770
4.8130
4.8360
4.8230
4.8150
4.8080
4.7980
4.7800
4.7620
4.7490
4.7340
4.7380
4.7230
4.7070
4.6680
4.6330
4.6430
4.6550
4.6880
4.7510
4.7950
4.8340
4.9210
5.0450
5.1970
5.3100
5.3450
5.3550
5.4360
5.3990
5.3520
5.3050
5.1500
5.0680
4.8490
4.9780
5.0980
5.1820
5.2480
5.0610
4.9950
5.0480
4.9730
4.9190
4.8280
4.8460
4.7960
4.6900
4.5310
4.4720
4.5140
4.4470
4.4140
4.5510
4.4600
4.2590
4.0750
4.1200
4.1390
3.9320
3.8410
3.6140
3.4150
3.3880
3.7250
3.6140
3.3560
3.5340
4.2380
4.2880
4.1340
4.1080
4.1950
4.3340
4.4770
4.5330
4.5840
4.6180
4.8730
5.3640
5.2980
5.2610
5.2380
5.2860
5.1840
5.0810
4.9320
4.7200
4.6700
4.9960
5.0490
4.7950
4.5590
4.4260
4.1550
3.9440
4.1320
4.3410
4.7870
5.1670
5.2790
5.2550
5.3930
5.4260
5.1970
5.6570
4.9270
5.4110
5.4790
5.5000
6.3730
7.0730
6.6830
6.0330
6.4080
6.0990
6.0380
6.0730
6.4260
6.6620
6.6500
6.5530
6.7950
6.7040
6.7140
6.8190
6.8720
6.8430
6.8640
6.9090
6.8840
6.8000
6.7320
6.6020
6.5180
6.4660
6.6800
6.5600
6.3170
6.2670
6.2920
6.2690
6.1320
6.0750
5.9680
5.8680
5.8500
5.9660
6.1330
6.2350
6.2350
6.1350
6.0270
5.9230
5.8130
5.6440
5.5790
5.5550
5.6570
5.8490
6.0380
6.1460
6.2090
6.0890
5.9780
6.0160
6.0410
5.9900
5.9250
5.9000
5.9190
6.0910
6.3100
6.4770
6.5700
6.6610
6.7020
6.8910
6.9780
6.8840
6.7870
6.5880
6.4840
6.5090
6.3980
6.3920
6.4910
6.3720
6.2440
6.1280
5.9540
5.6300
5.3510
5.4770
5.4660
5.3670
5.4010
5.4670
5.5320
5.5870
5.5990
5.5900
5.5290
5.4960
5.4890
5.5140
5.5320
5.5580
5.6450
5.7710
5.8590
5.9020
5.9470
6.0050
6.0310
6.0400
6.0490
6.0640
6.1880
6.2220
6.1280
6.0630
5.8410
5.6570
5.6020
5.5450
5.5440
5.9290
6.1640
6.0350
5.8850
5.8740
5.7720
5.6440
5.5120
5.3650
5.2300
5.0940
4.9640
4.8340
4.7080
4.5890
4.4810
4.3630
4.2180
4.0590
3.9400
3.8190
3.7040
3.5930
3.4910
3.4150
3.4040
3.4490
