1492.2000
1480.5000
1431.4000
1481.5000
1461.8000
1469.1000
1480.7000
1481.6000
1481.0000
1469.2000
1491.0000
1496.2000
1502.2000
1527.0000
1526.4000
1537.6000
1568.7000
1612.3000
1628.5000
1622.5000
1637.0000
1668.0000
1680.1000
1700.7000
1710.8000
1703.3000
1709.1000
1712.2000
1722.9000
1729.6000
1731.4000
1703.1000
1734.9000
1726.9000
1724.0000
1723.4000
1728.9000
1726.2000
1723.1000
1708.2000
1686.7000
1677.6000
1667.2000
1660.4000
1649.4000
1640.4000
1625.9000
1614.8000
1611.3000
1611.1000
1606.0000
1605.7000
1598.6000
1589.4000
1585.4000
1580.0000
1576.8000
1569.4000
1565.5000
1560.1000
1559.9000
1562.5000
1562.7000
1560.5000
1560.6000
1560.3000
1565.3000
1572.9000
1576.0000
1574.2000
1573.1000
1572.8000
1578.4000
1581.9000
1584.5000
1586.9000
1594.7000
1601.7000
1612.9000
1621.3000
1626.1000
1631.5000
1635.1000
1640.3000
1647.1000
1652.4000
1656.6000
1627.2000
1601.3000
1592.1000
1589.8000
1600.7000
1597.7000
1587.5000
1564.7000
1550.3000
1544.8000
1540.0000
1531.6000
1526.0000
1508.2000
1494.7000
1484.3000
1481.3000
1478.9000
1473.7000
1467.0000
1458.9000
1457.1000
1456.4000
1453.5000
1480.5000
1498.2000
1498.1000
1495.9000
1484.6000
1483.9000
1492.1000
1508.0000
1518.1000
1517.9000
1521.9000
1526.7000
1519.9000
1521.2000
1525.2000
1527.3000
1526.4000
1521.3000
1518.8000
1511.5000
1507.7000
1502.7000
1495.8000
1490.7000
1467.5000
1443.2000
1434.4000
1425.8000
1420.1000
1409.9000
1395.3000
1375.8000
1356.6000
1348.2000
1339.2000
1328.3000
1308.1000
1280.3000
1263.2000
1252.1000
1244.9000
1237.4000
1217.5000
1195.0000
1181.1000
1168.5000
1167.6000
1153.9000
1159.6000
1169.7000
1170.8000
1178.2000
1174.2000
1167.6000
1181.4000
1186.2000
1188.6000
1185.3000
1181.6000
1187.7000
1176.2000
1178.5000
1178.5000
1187.1000
1193.5000
1180.1000
1174.0000
1166.7000
1163.4000
1154.5000
1151.4000
1168.6000
1142.5000
1125.9000
1111.7000
1086.4000
1063.7000
1058.5000
1059.8000
1021.7000
962.2000
948.6600
941.1500
928.8100
930.7300
913.1200
885.0400
872.3400
863.8800
861.7000
853.0500
829.2400
825.1400
805.2800
795.1000
781.5300
805.9000
831.8400
836.8700
836.9500
819.8500
798.4200
798.3300
817.0100
837.4800
839.7200
846.4500
851.8000
829.7300
816.6100
803.8300
786.4300
775.5300
768.5600
755.9900
754.3000
771.2000
771.2500
820.0500
810.4500
797.7100
764.6200
676.6400
635.9400
631.3900
665.0900
634.8500
643.9600
645.3100
623.2200
622.1600
627.5400
636.3100
602.9900
595.9800
602.6800
601.2200
600.7700
595.0900
595.3400
598.2200
594.7200
600.7800
611.3300
646.4900
687.8200
710.7000
727.6200
729.6900
747.9400
780.0700
814.1700
843.0500
855.6100
868.1900
886.7700
874.8700
876.2100
880.9100
892.9500
910.7700
909.8900
911.4600
906.2000
902.9500
912.2900
923.4800
935.8200
931.0400
913.5500
909.4200
914.9500
927.3000
937.5000
927.3300
916.9000
910.2800
916.4400
921.7300
918.5100
935.6000
942.6800
940.9200
944.7800
944.8300
952.8000
965.6100
984.5100
999.0200
1005.9000
1018.5000
1030.9000
1070.5000
1111.7000
1133.1000
1146.5000
1145.1000
1158.2000
1180.4000
1207.7000
1231.2000
1239.8000
1244.0000
1250.3000
1243.2000
1253.6000
1265.2000
1274.6000
1283.1000
1285.9000
1292.0000
1296.3000
1303.1000
1312.1000
1314.9000
1317.5000
1292.8000
1268.9000
1259.1000
1252.4000
1254.0000
1245.4000
1230.3000
1211.8000
1196.5000
1195.1000
1195.8000
1194.7000
1212.3000
1224.2000
1232.1000
1244.6000
1249.5000
1258.6000
1260.4000
1265.6000
1267.8000
1267.3000
1273.8000
1282.2000
1306.8000
1330.1000
1345.8000
1355.9000
1362.9000
1374.7000
1387.7000
1404.4000
1422.8000
1431.2000
1439.1000
1449.3000
1437.7000
1433.9000
1438.5000
1446.2000
1456.5000
1457.8000
1463.0000
1462.1000
1463.7000
1471.8000
1477.5000
1480.9000
1456.6000
1431.5000
