4.3241
4.1924
4.0418
3.8745
3.7754
3.7279
3.7003
3.6519
3.8089
3.7949
3.9111
4.0519
3.6841
3.3917
3.4536
3.5387
3.8592
3.6800
4.2290
4.6296
4.8229
4.4762
4.8481
4.8587
5.2172
6.1859
6.5986
6.7915
6.8906
6.7225
6.8338
7.0985
6.1796
6.3897
6.4235
6.5611
6.7407
6.8165
6.9460
7.1175
7.1259
7.1105
7.0471
6.9689
6.9810
7.0843
7.1560
7.2896
7.4830
7.5436
7.4740
7.4562
7.5068
7.5579
7.6405
7.7289
7.8030
7.8230
7.7895
7.7821
7.7525
7.7249
7.6967
7.7115
7.6651
7.4985
7.3455
7.1291
7.0138
6.8950
6.8270
6.8106
6.8479
6.8978
6.9528
6.9586
6.9027
6.8815
6.8672
6.8924
7.0061
7.0965
7.1386
7.0918
7.0607
7.0053
7.0117
7.0129
7.0117
7.0247
7.0520
7.0670
7.0788
7.0445
7.0046
6.9587
6.9230
6.8983
6.8987
6.8964
6.9124
6.9069
6.9148
6.8971
6.8917
6.9131
6.9476
6.9552
6.9572
7.0066
7.1033
7.2125
7.3074
7.3297
7.2512
7.1378
6.8707
6.8010
6.7171
6.6595
6.6703
6.7174
6.7410
6.7798
6.8366
6.8733
6.8522
6.8400
6.8288
6.8130
6.7847
6.7560
6.7362
6.7122
6.7179
6.6948
6.6689
6.6075
6.5515
6.5669
6.5863
6.6379
6.7380
6.8083
6.8701
7.0087
7.2049
7.4465
7.6257
7.6809
7.6970
7.8259
7.7664
7.6930
7.6179
7.3716
7.2413
6.8947
7.0988
7.2897
7.4219
7.5265
7.2306
7.1263
7.2102
7.0908
7.0056
6.8610
6.8894
6.8093
6.6416
6.3892
6.2952
6.3633
6.2556
6.2036
6.4208
6.2770
5.9585
5.6665
5.7377
5.7676
5.4387
5.2947
4.9339
4.6187
4.5766
5.1110
4.9351
4.5256
4.8082
5.9254
6.0040
5.7595
5.7184
5.8569
6.0766
6.3037
6.3923
6.4734
6.5281
6.9317
7.7114
7.6061
7.5478
7.5110
7.5880
7.4265
7.2626
7.0266
6.6898
6.6100
7.1267
7.2108
6.8085
6.4346
6.2227
5.7933
5.4582
5.7559
6.0876
6.7955
7.3989
7.5767
7.5391
7.7574
7.8094
7.4460
8.1770
7.0180
7.7861
7.8944
7.9267
9.3120
10.4231
9.8045
8.7731
9.3680
8.8777
8.7806
8.8364
9.3959
9.7706
9.7517
9.5988
9.9823
9.8373
9.8529
10.0197
10.1043
10.0581
10.0920
10.1625
10.1231
9.9898
9.8814
9.6752
9.5428
9.4593
9.7988
9.6097
9.2229
9.1449
9.1837
9.1475
8.9306
8.8401
8.6700
8.5108
8.4827
8.6659
8.9311
9.0937
9.0930
8.9343
8.7630
8.5982
8.4232
8.1556
8.0533
8.0152
8.1768
8.4813
8.7803
8.9516
9.0517
8.8612
8.6857
8.7458
8.7863
8.7046
8.6023
8.5612
8.5927
8.8648
9.2117
9.4780
9.6249
9.7690
9.8351
10.1344
10.2721
10.1234
9.9690
9.6535
9.4884
9.5275
9.3528
9.3427
9.5004
9.3102
9.1074
8.9234
8.6479
8.1339
7.6908
7.8907
7.8728
7.7155
7.7704
7.8751
7.9781
8.0645
8.0844
8.0696
7.9737
7.9205
7.9097
7.9498
7.9783
8.0195
8.1567
8.3572
8.4962
8.5658
8.6358
8.7279
8.7704
8.7838
8.7981
8.8227
9.0188
9.0721
8.9239
8.8203
8.4689
8.1761
8.0886
7.9978
7.9966
8.6081
8.9808
8.7760
8.5373
8.5207
8.3581
8.1552
7.9466
7.7136
7.4995
7.2824
7.0771
6.8698
6.6699
6.4814
6.3106
6.1224
5.8922
5.6408
5.4523
5.2596
5.0768
4.9009
4.7390
4.6190
4.6018
4.6726
