-13.0491
-13.0237
-13.0341
-12.9930
-12.8994
-12.8123
-12.7422
-12.6965
-12.6512
-12.6122
-12.5735
-12.5396
-12.5477
-12.6284
-12.7061
-12.7299
-12.7242
-12.8516
-13.0288
-13.1672
-13.3353
-13.6422
-13.7469
-13.7106
-13.6462
-13.6484
-13.9522
-14.2206
-14.2966
-14.2291
-14.1165
-14.0795
-14.0555
-13.8863
-13.5820
-13.3140
-13.0544
-12.7597
-12.4472
-12.1505
-11.8553
-11.6399
-11.5256
-11.4914
-11.5257
-11.6011
-11.6105
-11.6404
-11.7686
-11.8533
-11.9218
-12.0379
-12.1755
-12.2342
-12.2087
-12.1682
-12.1691
-12.2067
-12.2919
-12.3939
-12.4826
-12.5913
-12.7133
-12.8769
-12.9013
-12.9834
-13.0440
-13.1089
-13.1319
-13.1312
-13.1313
-13.1405
-13.1552
-13.1769
-13.2096
-13.2525
-13.3003
-13.3456
-13.3816
-13.4089
-13.4248
-13.4193
-13.4096
-13.4000
-13.3921
-13.3826
-13.3709
-13.3566
-13.3460
-13.3342
-13.3159
-13.2942
-13.2760
-13.2561
-13.2301
-13.1996
-13.1691
-13.1428
-13.1239
-13.1123
-13.0972
-13.0860
-13.0965
-13.1082
-13.1161
-13.1136
-13.1050
-13.0961
-13.0896
-13.0870
-13.0881
-13.0866
-13.0801
-13.0739
-13.0582
-13.0239
-12.9980
-12.9528
-12.9003
-12.8499
-12.8049
-12.7645
-12.7106
-12.6549
-12.6034
-12.5566
-12.4983
-12.4355
-12.3711
-12.3060
-12.2471
-12.1843
-12.1343
-12.0896
-12.0413
-11.9894
-11.9426
-11.9079
-11.8866
-11.8725
-11.8707
-11.8832
-11.8987
-11.9198
-11.9555
-11.9928
-12.0225
-12.0616
-12.1024
-12.1038
-12.1158
-12.2470
-12.3277
-12.3097
-12.3606
-12.3693
-12.4180
-12.5469
-12.6433
-12.7109
-12.8202
-12.8710
-12.8264
-12.7671
-12.7415
-12.7513
-12.7469
-12.7332
-12.7191
-12.7006
-12.6990
-12.7057
-12.7084
-12.7010
-12.7062
-12.7071
-12.7039
-12.7055
-12.7127
-12.7212
-12.7067
-12.6922
-12.6920
-12.6842
-12.6923
-12.6972
-12.6983
-12.6904
-12.7032
-12.7111
-12.7021
-12.6968
-12.6906
-12.6891
-12.6784
-12.6653
-12.6551
-12.6531
-12.6411
-12.6367
-12.6544
-12.6768
-12.6943
-12.7208
-12.7428
-12.7694
-12.7813
-12.8044
-12.8276
-12.8370
-12.8322
-12.8154
-12.7775
-12.7231
-12.6944
-12.6591
-12.6266
-12.5837
-12.5011
-12.4180
-12.3697
-12.3015
-12.2676
-12.2458
-12.2227
-12.2025
-12.1803
-12.1361
-12.0380
-11.8543
-11.5059
-11.0973
-11.0666
-11.2817
-11.7435
-11.9659
-11.7953
-11.5653
-11.3474
-11.1334
-11.1270
-11.1589
-11.1152
-11.1745
-11.3591
-11.7615
-11.6765
-11.6110
-11.6907
-11.8323
-11.9665
-12.1238
-12.3190
-12.5073
-12.6837
-12.8472
-13.0212
-13.2263
-13.4692
-13.6189
-13.6692
-13.7335
-13.8038
-13.8919
-13.9763
-14.0410
-14.1052
-14.1658
-14.2177
-14.2426
-14.2576
-14.3154
-14.3811
-14.4155
-14.4188
-14.3776
-14.3085
-14.2959
-14.3589
-14.4715
-14.5514
-14.5890
-14.5988
-14.6041
-14.5925
-14.5094
-14.4653
-14.4306
-14.4259
-14.4350
-14.4447
-14.4302
-14.4112
-14.4331
-14.4783
-14.4976
-14.4973
-14.5567
-14.5972
-14.6121
-14.7064
-14.6857
-14.6616
-14.6182
-14.5979
-14.5350
-14.3760
-14.1758
-13.9692
-13.7791
-13.5902
-13.3583
-13.0765
-12.7711
-12.4412
-12.0674
-11.7760
-11.5407
-11.2793
-11.0375
-10.8391
-10.6471
-10.4340
-10.1907
-9.9263
-9.6256
-9.3147
-9.0082
-8.7144
-8.4383
-8.1775
-7.9572
-7.8171
-7.7091
-7.5844
-7.4552
-7.3988
-7.3464
-7.2814
-7.2909
-7.5219
-8.0766
-8.8053
-9.3901
-9.6310
-9.7449
-9.8642
-9.9616
-10.0610
-10.2418
-10.4615
-10.7567
-10.9179
-11.0759
-11.1940
-11.3732
-11.5124
-11.6122
-11.6636
-11.6200
-11.5626
-11.4715
-11.3593
-11.2619
-11.1788
-11.0870
-10.9808
-10.7707
-10.3627
-9.9695
-9.7184
-9.5528
-9.4276
-9.3137
-9.2058
-9.1312
-9.0816
