-4.0416
-3.9559
-3.8836
-3.7763
-3.7503
-3.7266
-3.6993
-3.6454
-3.7838
-3.7674
-3.8779
-3.9744
-3.6740
-3.2747
-3.1373
-3.3785
-3.7368
-2.9774
-3.2734
-3.7164
-3.6059
-2.4764
-1.9308
-2.5952
-3.4146
-4.8377
-5.4528
-5.2376
-5.4493
-5.5141
-5.8706
-6.3223
-5.3734
-5.7695
-5.8332
-5.8813
-5.9469
-5.9416
-6.0159
-6.2118
-6.2372
-6.2861
-6.3088
-6.3703
-6.5698
-6.8065
-6.9387
-7.1313
-7.3720
-7.4460
-7.3892
-7.3930
-7.4594
-7.5121
-7.5835
-7.6603
-7.7264
-7.7410
-7.7096
-7.7036
-7.6676
-7.6366
-7.6044
-7.6092
-7.5162
-7.3282
-7.1414
-6.9118
-6.7730
-6.6200
-6.5310
-6.5043
-6.5214
-6.5697
-6.6358
-6.6465
-6.6006
-6.5825
-6.5505
-6.5349
-6.6495
-6.7696
-6.8089
-6.7232
-6.6193
-6.5420
-6.5791
-6.6261
-6.6947
-6.7809
-6.8738
-6.9497
-6.9959
-6.9831
-6.9504
-6.8980
-6.8549
-6.8226
-6.8153
-6.8010
-6.7953
-6.7717
-6.7735
-6.7544
-6.7448
-6.7738
-6.8268
-6.8443
-6.8446
-6.8962
-6.9950
-7.1071
-7.2105
-7.2391
-7.1603
-7.0444
-6.7902
-6.7241
-6.6469
-6.5913
-6.6035
-6.6503
-6.6735
-6.7202
-6.7851
-6.8282
-6.8120
-6.8035
-6.7957
-6.7854
-6.7643
-6.7447
-6.7323
-6.7121
-6.7169
-6.6907
-6.6576
-6.5765
-6.4913
-6.4619
-6.4275
-6.4189
-6.4588
-6.4786
-6.4795
-6.5464
-6.6711
-6.8585
-7.0125
-7.1363
-7.2141
-7.1647
-7.1948
-7.3946
-7.4045
-7.2322
-7.0639
-6.4944
-6.6133
-6.8364
-6.7130
-6.7949
-6.5523
-6.5268
-6.6905
-6.6831
-6.6392
-6.5553
-6.6849
-6.6880
-6.5759
-6.3385
-6.2671
-6.3435
-6.2540
-6.2000
-6.4190
-6.2755
-5.9578
-5.6662
-5.7377
-5.7670
-5.4380
-5.2875
-4.9092
-4.6063
-4.5761
-5.0660
-4.9017
-4.5054
-4.7281
-5.7262
-5.7780
-5.5160
-5.4328
-5.5900
-5.8461
-6.0091
-6.0090
-5.9200
-6.0271
-6.5705
-7.4065
-7.3430
-7.2246
-7.1656
-7.2750
-7.1894
-7.0241
-6.7411
-6.3021
-6.1022
-6.7317
-6.8289
-6.4124
-6.1242
-6.0146
-5.5735
-5.2116
-5.2550
-5.4916
-5.9316
-6.2448
-6.2558
-5.9228
-5.7309
-5.3240
-4.2346
-3.7224
-1.6453
-0.5640
0.2536
-1.5027
-2.8968
-5.0710
-4.8251
-2.8399
-2.5721
-0.9121
-0.1451
-0.6362
-0.0926
0.2423
-0.2290
-1.7746
-1.7724
-1.1701
-0.9707
-0.9505
-0.8436
0.1302
0.7260
1.0883
1.6918
1.6293
1.5604
1.0491
0.6315
0.0577
-0.7926
-1.0559
-1.0583
-0.9937
-1.3745
-1.9182
-2.1568
-2.1805
-2.0417
-1.6428
-1.6863
-1.7841
-1.9730
-2.3995
-2.6925
-2.6124
-2.6049
-2.4420
-2.0356
-1.4019
-0.4516
0.0508
0.4031
0.6838
0.7819
0.8699
0.5364
0.5846
0.8833
1.2579
1.6373
1.8716
1.9768
2.1133
2.2491
2.3557
2.3974
2.4123
2.2540
2.2131
2.3532
2.4335
2.4200
2.2615
2.0092
1.7292
1.5399
1.4744
1.4120
1.2518
1.0794
1.0453
1.1421
1.3804
1.6991
2.1543
2.4031
2.4907
2.6638
2.6809
2.6110
2.7007
2.9024
3.0844
3.2412
3.3811
3.4871
3.6167
3.7167
3.7179
3.6493
3.5420
3.4369
3.3628
3.4075
3.5410
3.6620
3.7294
3.9479
3.9276
3.4709
2.5213
1.4135
0.7472
0.5146
0.5960
0.7027
0.7339
0.7098
0.5914
0.5334
0.5293
0.5896
0.6764
0.8200
0.9666
1.1181
1.2116
1.2678
1.3583
1.4782
1.6024
1.7028
1.8310
1.9744
2.0731
2.1220
2.1265
2.1182
2.0622
2.0755
2.1906
2.3744
2.5752
2.7905
3.0271
3.3005
3.5657
