1.5372
1.3883
1.1199
0.8670
0.4341
0.0979
-0.0851
-0.2188
-0.4364
-0.4558
-0.5084
-0.7888
-0.2723
0.8831
1.4439
1.0526
0.9641
2.1627
2.6776
2.7608
3.2029
3.7288
4.4470
4.1076
3.9446
3.8550
3.7160
4.3234
4.2174
3.8453
3.4981
3.2275
3.0519
2.7460
2.6896
2.9082
3.1735
3.3409
3.4723
3.4746
3.4461
3.3232
3.1400
2.8259
2.3603
1.9646
1.7501
1.5112
1.2840
1.2093
1.1229
0.9687
0.8424
0.8301
0.9312
1.0273
1.0909
1.1298
1.1128
1.1032
1.1438
1.1649
1.1886
1.2517
1.5037
1.5890
1.7192
1.7468
1.8222
1.9277
1.9884
2.0196
2.0892
2.1024
2.0757
2.0604
2.0200
2.0064
2.0611
2.1909
2.2069
2.1289
2.1442
2.2567
2.4575
2.5054
2.4249
2.2966
2.0842
1.8346
1.5753
1.2822
1.0799
0.9280
0.8699
0.9176
0.9684
1.0192
1.0692
1.1430
1.2668
1.3598
1.3904
1.3959
1.4151
1.3810
1.2899
1.2371
1.2466
1.2388
1.2358
1.2283
1.1863
1.1485
1.1443
1.1510
1.0491
1.0199
0.9687
0.9501
0.9418
0.9472
0.9516
0.8966
0.8373
0.7861
0.7408
0.7059
0.6710
0.6137
0.5252
0.3892
0.2311
0.0260
-0.1121
-0.2343
-0.3885
-0.6401
-0.8860
-1.1700
-1.4375
-1.6910
-1.9197
-2.0928
-2.2835
-2.5035
-2.7215
-2.9004
-2.9962
-2.8406
-2.6835
-3.1482
-2.9242
-2.1217
-1.7904
-1.4269
-1.5932
-2.3153
-2.5802
-2.5304
-3.1656
-3.2370
-3.0577
-2.8609
-2.6879
-2.3698
-2.2358
-2.0251
-1.6660
-1.2797
-0.9320
-0.8028
-0.5951
-0.5022
-0.1433
0.2131
0.1499
-0.1366
-0.0918
0.0622
0.0278
-0.0821
0.0876
0.2764
0.4929
0.3384
-0.0700
-0.6761
-0.5733
-0.4276
-0.8736
-1.5235
-1.6318
-1.6567
-1.7845
-1.7476
-1.6578
-1.9046
-2.1803
-2.6190
-2.5079
-2.2082
-2.1471
-1.9831
-2.1851
-2.2514
-2.1568
-1.8613
-1.8457
-1.9826
-2.2443
-2.5407
-2.3398
-2.3154
-2.2883
-1.9744
-1.5957
-1.5806
-1.6221
-2.3485
-2.6270
-3.3159
-3.9681
-4.2744
-4.6646
-5.2282
-5.7133
-6.1247
-7.2806
-6.8224
-7.7657
-7.8903
-7.7830
-8.8500
-9.1064
-8.5350
-8.3007
-9.0080
-8.8308
-8.7794
-8.8135
-9.3955
-9.7676
-9.7490
-9.4333
-9.8237
-9.7675
-9.8050
-9.9746
-10.0691
-10.0572
-10.0658
-10.1040
-9.9808
-9.8560
-9.7574
-9.6182
-9.5219
-9.4591
-9.7667
-9.5515
-9.1619
-9.0908
-9.0803
-8.9442
-8.6662
-8.5670
-8.4261
-8.3507
-8.3134
-8.4803
-8.7105
-8.7715
-8.6852
-8.5438
-8.3669
-8.2442
-8.1735
-8.0343
-8.0406
-8.0150
-8.1668
-8.4537
-8.7455
-8.9092
-9.0358
-8.8418
-8.6406
-8.6549
-8.6324
-8.5010
-8.3721
-8.2962
-8.2931
-8.5461
-8.8943
-9.1659
-9.3573
-9.5151
-9.5494
-9.8379
-9.9829
-9.8676
-9.7644
-9.4974
-9.3626
-9.4127
-9.2456
-9.2585
-9.4389
-9.2513
-9.0355
-8.8160
-8.4793
-7.8434
-7.3057
-7.4872
-7.4084
-7.2348
-7.3186
-7.3975
-7.4314
-7.4513
-7.4062
-7.3271
-7.1708
-7.0465
-6.9821
-7.0269
-7.0948
-7.1949
-7.3973
-7.6508
-7.7829
-7.7996
-7.8209
-7.8910
-7.8316
-7.8568
-8.0845
-8.4548
-8.9074
-9.0413
-8.9091
-8.8001
-8.4397
-8.1431
-8.0574
-7.9759
-7.9788
-8.5918
-8.9614
-8.7499
-8.4978
-8.4657
-8.2830
-8.0646
-7.8448
-7.5931
-7.3524
-7.1039
-6.8692
-6.6213
-6.3710
-6.1409
-5.9431
-5.7412
-5.4984
-5.2503
-5.0418
-4.7817
-4.4873
-4.1698
-3.8303
-3.4888
-3.2068
-3.0197
