6.5660
6.5940
6.6670
6.9590
7.1530
7.2530
7.3410
7.4210
7.4680
7.5130
7.6700
7.8260
8.0130
8.2270
8.4070
8.5170
8.5450
8.4280
8.2960
8.3500
8.2450
7.6620
7.5620
7.5510
7.6030
7.6390
7.5900
7.4700
7.4470
7.3980
7.3610
7.3330
7.2280
7.1020
7.0090
6.9020
6.8160
6.8760
7.0850
7.3830
7.7240
7.5750
7.2620
7.3380
7.6580
8.0140
8.2720
8.5620
9.3900
9.8080
9.4190
8.6910
8.5340
8.0590
8.7630
8.3680
11.6950
11.3330
9.9220
8.4250
7.8570
8.1640
8.2010
10.3270
14.1100
12.3160
10.7920
9.7180
9.9910
9.8580
9.4340
8.9780
8.9000
8.5530
8.3140
7.9340
7.4170
7.5630
8.4880
9.0120
9.0600
8.8420
8.4670
8.0700
7.7250
7.3910
7.1000
6.8590
6.6910
6.5280
6.3690
6.2910
6.2840
6.3910
6.4550
6.4950
6.6120
6.7140
6.7640
6.7760
6.7810
6.8210
6.8500
6.8360
6.7140
6.6060
6.5150
6.4720
6.4510
6.4430
6.4690
6.4940
6.4460
6.3180
6.0870
5.9000
5.9790
5.7450
5.2500
5.1440
5.2630
5.1970
5.0560
5.1730
5.3800
5.3920
5.3730
5.3740
5.2890
5.1440
5.1440
5.2070
5.2080
5.1720
5.1360
5.0900
4.9530
4.8360
4.7800
4.7470
4.6920
4.6040
4.5480
4.6190
4.8130
4.9190
5.0100
4.9890
4.8890
4.7900
4.7420
4.6870
4.6580
4.5630
4.3790
4.1910
4.0100
3.8280
3.5130
2.9580
2.5430
2.4170
2.2170
2.3760
2.8490
3.0330
3.2410
3.3870
3.5920
3.8560
3.9380
3.8530
3.8300
3.8720
4.0370
4.3450
4.7600
5.1290
5.3820
5.7920
6.2040
6.3730
6.4490
6.5200
6.6070
6.8240
7.0710
7.2330
7.4050
7.5320
7.5830
7.5980
7.5430
7.4700
7.3720
7.2610
7.1950
7.1950
7.2500
7.3410
7.4580
7.4800
7.4250
7.3860
7.4250
7.4380
7.4740
7.4770
7.3090
7.1470
7.0640
7.0620
6.8400
6.5160
6.4170
6.5070
6.8180
7.1080
7.1950
7.1940
7.1540
7.0820
6.9630
6.8780
6.8600
6.8750
6.9120
6.9290
6.8870
6.7290
6.5850
6.4590
6.3730
6.2690
6.1510
6.0420
5.9750
5.9290
5.8700
5.8040
5.7370
5.6570
5.6120
5.5410
5.4530
5.3590
5.1740
5.0510
5.0470
5.0610
5.0030
4.5920
4.0060
3.7670
3.8350
4.3300
4.7770
5.3220
5.3880
6.4950
7.0380
7.0550
6.9710
6.8910
6.7630
6.5710
6.3340
6.1300
6.0530
6.0910
6.1650
6.2040
6.1980
6.1990
6.2260
6.2160
6.1600
6.0480
5.9220
5.8220
5.7460
5.6400
5.4950
5.3320
5.1680
4.9810
4.7940
4.6540
4.5490
4.4720
4.4080
4.3390
4.2590
4.1740
4.1250
4.0860
4.0560
4.0110
3.9370
3.8650
3.8380
3.8140
3.7670
3.7600
3.7470
3.7260
3.7190
3.7080
3.6820
3.7120
3.5810
3.3700
3.2440
3.2630
3.3660
3.4540
3.5600
3.6550
3.7210
3.7500
3.7470
3.7540
3.7890
3.8440
3.9320
4.0350
4.1320
4.2310
4.3370
4.4320
4.5240
4.6390
4.7810
4.9240
5.0620
5.1920
5.2820
5.4080
5.5150
5.6660
5.8620
6.0550
6.2340
6.4200
6.5930
6.7750
6.8550
6.8970
6.9160
6.9200
6.8160
6.8100
6.7960
6.8640
6.9040
6.9210
6.9170
6.9390
7.0210
7.1290
7.2700
7.3670
7.4300
7.4900
7.5200
7.4540
7.4370
7.4400
7.4720
7.5110
7.5260
7.5320
7.5400
7.5780
7.6500
7.6920
7.6950
