869.7800
806.4400
807.9000
825.8400
871.3700
867.0900
833.6800
788.8400
760.3800
759.6800
783.4300
761.3100
733.7900
688.1600
672.7200
656.9000
659.9400
648.5200
619.8200
589.2800
564.0900
537.4800
526.9000
506.3400
488.3000
460.6600
439.4000
431.1900
421.6500
410.5600
387.0200
358.4200
327.5200
305.6200
281.1600
263.0200
222.7900
172.3200
126.2000
69.2170
16.1730
-26.4110
-72.1460
-117.5700
-184.8500
-233.5700
-291.9800
-394.6600
-493.0700
-574.1000
-593.9400
-579.0200
-608.5700
-606.0900
-684.1000
-610.3400
-599.0500
-534.9100
-499.5300
-552.3300
-565.5000
-579.9600
-552.9700
-524.8700
-355.2500
-233.1900
-166.9100
-93.5510
18.6430
101.7700
181.1100
251.8100
307.0100
365.4600
427.2400
462.1900
511.9800
557.3700
604.1900
654.2200
702.4400
746.2000
789.2400
836.7000
881.9400
933.0800
981.8500
990.4800
993.6500
1012.7000
1042.3000
1078.4000
1103.9000
1110.0000
1103.6000
1107.8000
1122.9000
1145.0000
1161.7000
1186.4000
1201.3000
1207.9000
1221.6000
1239.8000
1257.5000
1256.2000
1260.4000
1264.7000
1272.1000
1289.9000
1305.9000
1335.3000
1368.4000
1381.2000
1389.2000
1397.7000
1417.3000
1441.4000
1469.7000
1496.9000
1514.5000
1532.7000
1555.3000
1558.6000
1567.0000
1579.6000
1588.8000
1594.2000
1598.9000
1606.1000
1606.5000
1608.8000
1618.4000
1627.7000
1641.0000
1633.6000
1622.4000
1622.0000
1625.8000
1638.0000
1636.9000
1631.2000
1625.2000
1619.0000
1620.8000
1629.7000
1629.8000
1630.0000
1621.1000
1614.8000
1610.5000
1607.4000
1601.4000
1599.7000
1591.4000
1581.6000
1577.1000
1581.7000
1595.2000
1635.3000
1670.7000
1690.6000
1712.4000
1709.2000
1707.3000
1715.9000
1725.3000
1737.7000
1737.6000
1733.7000
1737.8000
1731.4000
1732.8000
1748.2000
1764.8000
1784.7000
1802.9000
1819.2000
1823.2000
1815.3000
1823.4000
1833.0000
1842.0000
1819.9000
1788.2000
1779.5000
1783.4000
1792.2000
1785.4000
1766.1000
1739.1000
1720.0000
1720.7000
1722.8000
1719.0000
1733.4000
1730.4000
1721.1000
1723.8000
1725.8000
1729.5000
1723.1000
1717.0000
1711.8000
1703.8000
1703.1000
1704.3000
1744.7000
1783.6000
1795.4000
1792.0000
1776.1000
1774.3000
1787.2000
1809.1000
1830.1000
1836.0000
1843.3000
1856.2000
1857.7000
1865.9000
1877.3000
1881.7000
1885.1000
1879.2000
1879.8000
1878.0000
1879.5000
1884.1000
1887.5000
1890.7000
1874.0000
1851.7000
1842.1000
1835.4000
1832.5000
1819.1000
1800.3000
1780.7000
1766.4000
1765.9000
1766.8000
1763.7000
1758.8000
1747.8000
1732.4000
1723.1000
1717.9000
1718.7000
1712.6000
1712.8000
1713.7000
1715.5000
1726.8000
1740.4000
1774.1000
1811.9000
1834.3000
1860.5000
1894.7000
1923.8000
1953.7000
1985.3000
2010.6000
2028.0000
2047.7000
2070.4000
2061.3000
2062.6000
2070.1000
2082.2000
2102.2000
2109.7000
2115.0000
2116.5000
2119.0000
2131.9000
2140.8000
2149.9000
2132.7000
2115.0000
2109.0000
2110.5000
2125.8000
2132.1000
2127.5000
2119.0000
2110.4000
2115.5000
2122.0000
2126.1000
2145.7000
2155.1000
2156.8000
2157.1000
2155.3000
2163.5000
2169.6000
2178.2000
2183.8000
2184.0000
2190.5000
2198.3000
2224.2000
2249.2000
2264.3000
2273.0000
2271.3000
2281.2000
2297.0000
2315.3000
2331.4000
2335.0000
2336.4000
2342.4000
2342.7000
2350.1000
2358.3000
2362.8000
2365.6000
2365.3000
2370.2000
2371.8000
2374.6000
2375.9000
2376.0000
2374.8000
2342.1000
2307.9000
2290.7000
2277.9000
2276.6000
2261.7000
2239.1000
2209.8000
2185.7000
2175.7000
2164.5000
2152.9000
2153.5000
2144.2000
2132.5000
2125.1000
2120.7000
2119.6000
2116.1000
2115.8000
2111.2000
2107.6000
2108.1000
2106.5000
2125.1000
2145.8000
2152.2000
2154.2000
2152.4000
2156.0000
2164.7000
2176.7000
2186.4000
2186.8000
2188.0000
2190.0000
2169.2000
2160.7000
2162.9000
2163.8000
2167.2000
2162.7000
2158.5000
2147.9000
2142.0000
2142.3000
2138.9000
2134.9000
2103.7000
2066.2000
