9.6194
9.6635
9.7782
10.2422
10.5496
10.7085
10.8477
10.9751
11.0493
11.1218
11.3712
11.6187
11.9149
12.2546
12.5403
12.7148
12.7591
12.5731
12.3638
12.4501
12.2830
11.3572
11.1990
11.1820
11.2640
11.3221
11.2443
11.0534
11.0162
10.9387
10.8806
10.8357
10.6699
10.4699
10.3213
10.1512
10.0152
10.1106
10.4428
10.9153
11.4567
11.2198
10.7224
10.8433
11.3519
11.9164
12.3263
12.7863
14.1001
14.7629
14.1462
12.9903
12.7410
11.9882
13.1053
12.4779
17.7579
17.1837
14.9443
12.5688
11.6668
12.1551
12.2124
15.5859
21.5897
18.7423
16.3241
14.6204
15.0528
14.8417
14.1698
13.4461
13.3228
12.7716
12.3931
11.7896
10.9687
11.2010
12.6687
13.5000
13.5765
13.2304
12.6355
12.0060
11.4572
10.9271
10.4659
10.0830
9.8168
9.5583
9.3061
9.1819
9.1718
9.3405
9.4428
9.5067
9.6917
9.8535
9.9328
9.9522
9.9596
10.0234
10.0689
10.0467
9.8529
9.6819
9.5380
9.4701
9.4365
9.4235
9.4655
9.5046
9.4283
9.2255
8.8583
8.5615
8.6874
8.3157
7.5312
7.3616
7.5505
7.4471
7.2234
7.4085
7.7374
7.7560
7.7249
7.7272
7.5926
7.3623
7.3630
7.4620
7.4632
7.4060
7.3502
7.2764
7.0599
6.8736
6.7841
6.7322
6.6443
6.5061
6.4173
6.5296
6.8368
7.0046
7.1496
7.1160
6.9583
6.8008
6.7241
6.6368
6.5903
6.4407
6.1485
5.8500
5.5631
5.2740
4.7746
3.8929
3.2344
3.0353
2.7178
2.9696
3.7200
4.0132
4.3419
4.5747
4.9002
5.3190
5.4479
5.3144
5.2775
5.3439
5.6054
6.0952
6.7537
7.3385
7.7407
8.3907
9.0446
9.3119
9.4324
9.5451
9.6836
10.0283
10.4204
10.6771
10.9504
11.1515
11.2332
11.2557
11.1697
11.0533
10.8976
10.7223
10.6171
10.6172
10.7048
10.8479
11.0344
11.0687
10.9822
10.9196
10.9825
11.0018
11.0599
11.0648
10.7980
10.5411
10.4082
10.4055
10.0536
9.5388
9.3816
9.5249
10.0186
10.4782
10.6160
10.6148
10.5522
10.4370
10.2483
10.1134
10.0846
10.1097
10.1683
10.1948
10.1273
9.8781
9.6485
9.4491
9.3128
9.1470
8.9600
8.7870
8.6806
8.6077
8.5146
8.4096
8.3029
8.1760
8.1042
7.9922
7.8519
7.7036
7.4101
7.2142
7.2077
7.2305
7.1385
6.4865
5.5567
5.1776
5.2848
6.0701
6.7803
7.6447
7.7498
9.5055
10.3678
10.3940
10.2614
10.1342
9.9312
9.6269
9.2509
8.9264
8.8053
8.8645
8.9825
9.0446
9.0345
9.0370
9.0796
9.0630
8.9738
8.7973
8.5964
8.4385
8.3173
8.1500
7.9198
7.6599
7.4011
7.1041
6.8074
6.5855
6.4174
6.2955
6.1943
6.0842
5.9587
5.8227
5.7452
5.6833
5.6351
5.5638
5.4474
5.3329
5.2907
5.2517
5.1770
5.1654
5.1459
5.1114
5.1011
5.0843
5.0426
5.0904
4.8819
4.5465
4.3479
4.3772
4.5416
4.6811
4.8493
4.9992
5.1035
5.1497
5.1453
5.1570
5.2121
5.2988
5.4396
5.6027
5.7563
5.9136
6.0825
6.2320
6.3781
6.5616
6.7868
7.0126
7.2315
7.4390
7.5817
7.7805
7.9516
8.1908
8.5012
8.8077
9.0923
9.3877
9.6623
9.9501
10.0778
10.1446
10.1743
10.1812
10.0160
10.0052
9.9840
10.0908
10.1558
10.1816
10.1763
10.2104
10.3410
10.5120
10.7353
10.8901
10.9899
11.0846
11.1325
11.0283
11.0010
11.0049
11.0566
11.1185
11.1427
11.1523
11.1638
11.2243
11.3387
11.4049
11.4100
