-12.1549
-12.3676
-12.5292
-12.6976
-12.7755
-12.8481
-12.9124
-12.9097
-12.8474
-12.7599
-12.6589
-12.5540
-12.4512
-12.3295
-12.2116
-12.1009
-11.9756
-11.8136
-11.5633
-11.2161
-11.0082
-10.8178
-10.5454
-10.2330
-9.7611
-9.3472
-8.9887
-8.5732
-8.1079
-7.6733
-7.2694
-6.8191
-6.3214
-5.8493
-5.4355
-5.0644
-4.6947
-4.3302
-3.9589
-3.5720
-3.2191
-2.9336
-2.6564
-2.4667
-2.3621
-2.1840
-1.9360
-1.6587
-1.3502
-1.2049
-1.1454
-1.0786
-0.9698
-0.9705
-1.3421
-2.0473
-2.2101
-2.2789
-3.2106
-2.8661
-2.8119
-2.6486
-2.5191
-2.3172
-6.2686
-7.9114
-8.6072
-9.1669
-9.9120
-10.2217
-10.4334
-10.6693
-10.8241
-10.9029
-10.9972
-11.1459
-11.3892
-11.3986
-11.2620
-11.3077
-11.4768
-11.7221
-11.9351
-12.1433
-12.3210
-12.4655
-12.6003
-12.7346
-12.8577
-12.9640
-13.0795
-13.1966
-13.3299
-13.4656
-13.5968
-13.7514
-13.8346
-13.8506
-13.9142
-14.0567
-14.2457
-14.4291
-14.6013
-14.7641
-14.8919
-15.0285
-15.1767
-15.3206
-15.4382
-15.5873
-15.7316
-15.8770
-16.0218
-16.1754
-16.2927
-16.1232
-15.8177
-15.5528
-15.2085
-14.8114
-14.3850
-14.0154
-13.6099
-13.0977
-12.5930
-12.1962
-11.7721
-11.3319
-10.9650
-10.6244
-10.3075
-10.0635
-9.8715
-9.7137
-9.5863
-9.4945
-9.4378
-9.3855
-9.3317
-9.2768
-9.2473
-9.2891
-9.4473
-9.7460
-10.1356
-10.5623
-10.9219
-11.2285
-11.4566
-11.6585
-11.8850
-12.1045
-12.2594
-12.3691
-12.4547
-12.4994
-12.5996
-12.5672
-12.5274
-12.8613
-13.0996
-13.0970
-13.0608
-12.9378
-12.8311
-12.9464
-13.0560
-13.0245
-12.8759
-12.6358
-12.6112
-12.7353
-12.8764
-12.8779
-12.7338
-12.6633
-12.7224
-12.7991
-12.5681
-12.2523
-12.3149
-12.1596
-12.1241
-12.4019
-12.9623
-13.0612
-13.0399
-13.0341
-13.1432
-13.5678
-13.9399
-14.3331
-14.4433
-14.5573
-14.6969
-15.1001
-15.4582
-15.6678
-15.7701
-15.9297
-16.1418
-16.2691
-16.3525
-16.4250
-16.4544
-16.5258
-16.6672
-16.8621
-17.0935
-17.2529
-17.2389
-16.9732
-16.9017
-16.6191
-16.3041
-15.9409
-15.5526
-15.1827
-14.8506
-14.5420
-14.2368
-13.9367
-13.6364
-13.3223
-13.0056
-12.6808
-12.3717
-12.1023
-11.8561
-11.6129
-11.3705
-11.1415
-10.9243
-10.7055
-10.4892
-10.2516
-9.9915
-9.7222
-9.4583
-9.2126
-8.9920
-8.8025
-8.6713
-8.6015
-8.5010
-8.2929
-7.9877
-7.7177
-7.5519
-7.4430
-7.3307
-7.1762
-7.0467
-7.0048
-7.1409
-7.3507
-7.6628
-7.6587
-8.2412
-11.4575
-12.3371
-12.6016
-12.5634
-12.4657
-12.4252
-12.4956
-12.6598
-12.8830
-13.0259
-13.0793
-13.0917
-13.0596
-13.0096
-12.9281
-12.7593
-12.5775
-12.4650
-12.4411
-12.4404
-12.4016
-12.3525
-12.3519
-12.3937
-12.4649
-12.6313
-12.8667
-13.0976
-13.2948
-13.4411
-13.5267
-13.5953
-13.6888
-13.8033
-13.9193
-14.0175
-14.1095
-14.1867
-14.2463
-14.3039
-14.3704
-14.4388
-14.5111
-14.5803
-14.6465
-14.7374
-14.8710
-15.0058
-15.1010
-15.2208
-15.2491
-15.3607
-15.3180
-15.1575
-14.8886
-14.5515
-14.2444
-13.9527
-13.6807
-13.4434
-13.2373
-13.0658
-12.9003
-12.7181
-12.5227
-12.3371
-12.1517
-11.9651
-11.7855
-11.5937
-11.3817
-11.1635
-10.9642
-10.7695
-10.5747
-10.4025
-10.2556
-10.0674
-9.8205
-9.5971
-9.5161
-9.5279
-9.6099
-9.7506
-9.9213
-10.1219
-10.3622
-10.6485
-10.9389
-11.2587
-11.5908
-11.9459
-12.3320
-12.7250
-13.1279
-13.4877
-13.8366
-14.1810
-14.4459
-14.6467
-14.8162
-14.9550
-15.1112
-15.2394
-15.3418
-15.4431
-15.5397
-15.5999
-15.6405
-15.6605
-15.6669
-15.6728
-15.6882
-15.7113
-15.7343
-15.7290
-15.7221
-15.7264
