-6.1455
-6.8182
-7.4156
-8.1525
-8.2430
-8.2372
-8.1248
-7.9180
-7.5120
-7.1902
-6.8364
-6.5083
-6.1779
-5.8007
-5.3308
-4.8357
-4.3105
-3.7656
-3.1228
-2.5088
-2.1514
-1.8218
-1.7236
-1.9050
-1.6549
-1.3882
-1.1755
-0.7769
-0.5434
-0.5143
-0.5830
-0.5208
-0.4039
-0.3278
-0.2908
-0.3038
-0.5374
-0.8841
-1.2036
-1.0733
-0.9283
-0.7374
-0.5836
-0.9748
-1.3865
-1.2842
-1.0161
-1.8273
-2.4528
-2.3903
-2.3973
-1.5727
-1.9983
-2.2408
-2.4928
0.8034
7.3748
9.0357
6.6341
5.9314
6.2633
5.9821
6.9630
13.6178
15.2855
13.9537
11.8332
10.1876
10.6600
10.9259
10.9937
10.7610
10.9342
10.9044
10.7834
10.2522
9.7378
10.6142
11.9236
11.8140
11.3638
11.0177
10.5384
10.1200
9.7493
9.4460
9.2274
9.0655
8.9926
8.9568
8.8602
8.8533
8.8872
9.1251
9.3202
9.3682
9.4767
9.5675
9.6508
9.7576
9.8498
9.9557
10.0030
9.9649
9.7515
9.5733
9.4278
9.3598
9.3254
9.2925
9.2896
9.2836
9.1734
8.9573
8.5715
8.1602
8.0997
7.6116
6.8398
6.6262
6.7141
6.5782
6.3277
6.2689
6.2243
5.9676
5.6046
5.2286
4.9069
4.6095
4.3307
4.1542
4.0205
3.8179
3.6059
3.3923
3.1371
2.8533
2.5764
2.3272
1.9580
1.4299
0.7359
-0.1142
-0.9152
-1.5899
-2.1040
-2.5585
-2.8777
-3.1025
-3.3277
-3.5735
-3.7954
-3.7857
-3.8371
-3.9509
-4.0291
-4.1132
-4.0262
-3.5192
-3.0370
-2.9338
-2.6654
-2.9574
-3.7128
-3.9650
-4.2297
-4.3223
-4.5293
-4.8748
-4.7945
-4.3354
-3.8865
-3.6396
-3.6291
-3.5941
-3.3856
-2.7613
-2.1394
-2.0147
-1.8719
-1.7390
-1.6071
-1.2141
-0.6095
-0.2949
0.0485
0.3812
0.7376
1.3382
2.1991
3.0405
3.6529
3.8355
3.6318
3.1845
3.2822
3.7289
4.0812
4.4030
4.5253
4.5138
4.5449
4.6662
4.7481
4.9503
5.1113
5.2065
5.2920
5.2900
5.2208
5.2797
5.0891
4.8440
4.8460
4.9656
5.2770
5.5409
5.6189
5.7366
5.7942
5.8233
5.7787
5.6861
5.6632
5.6898
5.7380
5.8188
6.0103
6.3923
6.7547
7.0467
7.1921
7.3185
7.2779
7.1364
7.0514
7.0290
7.0151
7.0022
7.0521
7.2014
7.4057
7.3198
7.0688
6.8987
6.7733
6.8037
6.9181
6.9961
6.9052
6.3284
5.5360
5.0572
4.6203
4.4404
4.3780
5.0049
3.8405
-1.8211
-3.4222
-4.3280
-4.9982
-5.5054
-5.9571
-6.4525
-6.9268
-7.2951
-7.5681
-7.8194
-8.0356
-8.1999
-8.3000
-8.3917
-8.5020
-8.5593
-8.5681
-8.5286
-8.4413
-8.3290
-8.2343
-8.1094
-7.9061
-7.6539
-7.3986
-7.1032
-6.8070
-6.5855
-6.4166
-6.2887
-6.1695
-6.0230
-5.8465
-5.6531
-5.5179
-5.4014
-5.3030
-5.1845
-5.0376
-4.8938
-4.8188
-4.7536
-4.6623
-4.6180
-4.5461
-4.4418
-4.3357
-4.2152
-4.0860
-4.0708
-3.8225
-3.4337
-3.2173
-3.2338
-3.3917
-3.5612
-3.7618
-3.9815
-4.1725
-4.3244
-4.4431
-4.5777
-4.7392
-4.9079
-5.0965
-5.2831
-5.4366
-5.5729
-5.7096
-5.8232
-5.9096
-6.0059
-6.1074
-6.1662
-6.1805
-6.1540
-5.9667
-5.7183
-5.5228
-5.5416
-5.6969
-5.9108
-6.1327
-6.2913
-6.4071
-6.5106
-6.5108
-6.4791
-6.4081
-6.2824
-6.1404
-6.0180
-5.9691
-5.9457
-5.9896
-6.0844
-6.1373
-6.2297
-6.3085
-6.3856
-6.4761
-6.4543
-6.4488
-6.4479
-6.4102
-6.3659
-6.3723
-6.3982
-6.4412
-6.4514
-6.4263
-6.3343
-6.2046
-6.0871
-6.0210
-5.9472
-5.8305
