7.4003
6.8480
6.3736
6.1999
6.5840
6.8425
7.1875
7.5999
8.1029
8.4850
9.0866
9.6247
10.1881
10.7948
11.3508
11.7594
12.0089
11.9960
11.9629
12.1947
12.0931
11.2101
11.0656
11.0185
11.1418
11.2366
11.1827
11.0260
11.0028
10.9266
10.8650
10.8232
10.6622
10.4648
10.3172
10.1467
10.0008
10.0719
10.3732
10.8624
11.4190
11.1955
10.7065
10.7994
11.2669
11.8470
12.2844
12.6550
13.8852
14.5681
13.9416
12.8948
12.5833
11.7769
12.8660
12.4520
16.1541
14.6163
13.3911
11.0812
9.8431
10.5811
10.0330
7.5812
-15.2470
-12.5126
-11.2450
-10.4866
-10.6278
-10.0449
-8.9400
-8.0622
-7.6118
-6.6490
-6.1081
-5.8213
-5.0485
-3.5779
-4.2806
-6.5331
-7.4286
-7.3248
-6.9712
-6.4599
-6.0181
-5.4933
-4.9387
-4.4139
-3.9372
-3.3372
-2.8459
-2.4341
-2.2672
-1.9941
-1.5164
-1.6168
-2.0303
-2.3569
-2.3501
-1.9582
-1.4748
-1.1631
-1.1503
-1.2795
-1.4100
-1.4463
-1.4452
-1.4414
-1.4433
-1.5656
-1.8162
-2.0376
-2.1776
-2.2082
-2.2358
-2.5905
-3.1410
-3.3488
-3.1521
-3.2074
-3.4542
-3.4910
-3.4840
-3.9481
-4.5963
-4.9540
-5.3163
-5.6896
-5.7940
-5.7407
-5.9547
-6.1986
-6.2877
-6.3461
-6.4049
-6.4373
-6.3246
-6.2534
-6.2758
-6.3171
-6.3493
-6.3471
-6.3749
-6.5286
-6.7752
-6.8218
-6.8330
-6.6401
-6.3354
-6.0519
-5.8429
-5.5925
-5.3877
-5.2107
-4.8043
-4.3143
-3.8360
-3.3011
-2.5664
-1.6643
-1.1127
-0.7786
-0.5313
-0.2688
0.2326
0.6198
0.9807
1.4985
1.8700
2.1278
2.5871
3.0737
3.5703
3.9128
4.2720
4.9228
5.8438
6.7992
7.4392
8.1452
8.8488
9.1481
9.2945
9.4676
9.6644
10.0240
10.4203
10.6703
10.9256
11.0709
11.0158
10.8372
10.5555
10.3666
10.2746
10.2385
10.0970
9.9408
9.8963
9.9142
10.0637
10.1065
9.9976
9.8724
9.9030
9.8252
9.8080
9.7633
9.4123
9.1176
9.0041
8.9665
8.6704
8.2173
8.0330
8.1281
8.5162
8.8934
9.0070
8.9312
8.8190
8.6614
8.4636
8.3635
8.3443
8.3566
8.3947
8.3712
8.1510
7.5309
6.8897
6.2952
5.9162
5.4869
5.2264
5.1267
5.0628
4.9686
4.8256
4.6573
4.3825
3.8713
3.2915
3.2087
3.4182
3.4283
3.0055
2.3987
2.0225
1.8261
1.8101
1.4237
0.4792
-1.1102
-2.5656
-4.1387
-5.1774
-5.7786
-6.7312
-9.3294
-9.7868
-9.4500
-8.9618
-8.5084
-7.9462
-7.1444
-6.1318
-5.1441
-4.5008
-4.1756
-4.0144
-3.8165
-3.5682
-3.3535
-3.1868
-2.9793
-2.6676
-2.1576
-1.6254
-1.3549
-1.1722
-0.8119
-0.4662
-0.3012
-0.1908
-0.1127
-0.0784
-0.0189
0.1021
0.2921
0.5548
0.8604
1.1507
1.3950
1.6000
1.7678
1.9058
2.0193
2.0728
2.1192
2.1841
2.2324
2.2505
2.3143
2.4111
2.5291
2.6875
2.8429
2.9551
3.0562
3.0368
2.9801
2.9247
2.9500
3.0204
3.0382
3.0601
3.0231
2.9388
2.7963
2.5947
2.3749
2.1692
1.9976
1.9012
1.8654
1.8917
1.9782
2.0970
2.2200
2.3991
2.6428
2.9598
3.3399
3.7546
4.1793
4.6778
5.2760
5.7208
6.0315
6.3100
6.5299
6.7127
6.9677
7.2325
7.5244
7.6923
7.8061
7.9027
8.0117
7.9130
7.9930
8.0031
8.1530
8.2015
8.1636
8.1173
8.0897
8.1939
8.3502
8.5619
8.7713
8.8989
9.0163
9.1017
9.0055
8.9675
8.9538
8.9866
9.0554
9.1029
9.1788
9.2807
9.4304
9.6080
9.7315
9.8078
