4.3560
4.5390
4.6980
4.7910
4.9630
5.1090
5.3010
5.5210
5.6630
5.7640
5.8760
5.8960
5.9140
5.8260
5.7550
5.6880
5.5920
5.5030
5.4470
5.3910
5.2590
5.0220
4.8210
4.6450
4.4830
3.8710
3.5790
3.6310
4.1070
4.2460
4.2930
4.4210
4.4920
4.4860
4.4540
4.3950
4.2950
4.1690
3.9820
3.8310
3.7010
3.6010
3.4990
3.4130
3.3650
3.3420
3.2840
3.2020
3.1510
3.0930
2.9850
2.7730
2.4530
2.4330
2.7510
2.8670
3.0460
3.7360
4.3150
4.7800
5.2900
6.0340
6.0720
6.0890
6.0090
6.2010
6.4390
6.6680
6.8880
7.0620
7.2320
7.3830
7.3140
7.1970
7.1980
7.2030
7.1100
7.0600
7.0250
6.9530
6.8510
6.7900
6.7850
6.8130
6.8720
6.9170
6.9910
7.0440
7.0710
7.0820
7.1040
7.1190
7.1610
7.1870
7.1910
7.2510
7.3070
7.3330
7.3810
7.4390
7.4760
7.5280
7.5580
7.5980
7.6530
7.6980
7.7250
7.7610
7.7860
7.7510
7.7050
7.6130
7.4600
7.3360
7.3100
7.1790
6.8610
6.5470
6.4910
6.5260
6.5280
6.5330
6.5740
6.6340
6.6450
6.6440
6.6390
6.6040
6.4930
6.4990
6.5420
6.5500
6.6020
6.6950
6.7440
6.6790
6.5350
6.3180
6.1750
6.1320
6.0560
6.0630
6.0320
5.9640
5.8690
5.7810
5.5100
5.4240
5.5820
5.9910
6.6930
6.8810
6.8900
6.8310
7.1980
7.2260
6.3130
5.9660
6.0500
6.3940
7.0040
8.1060
8.2860
7.6490
7.0690
6.3820
5.6310
5.5850
5.1410
5.0580
7.0830
6.8270
6.8130
6.5800
6.7710
6.6770
6.3640
6.2920
6.6860
6.9550
7.2290
7.1930
6.5930
6.0110
5.6200
5.6090
5.2680
5.1690
5.2910
5.3690
5.1330
5.0560
5.2480
5.3380
5.4700
5.6910
5.8410
5.8270
5.7500
5.6680
5.6760
5.5060
4.9490
4.6000
4.2530
3.8260
3.9340
3.0490
1.8380
2.2530
2.5530
2.8550
2.0670
2.7120
2.1380
1.6310
0.9970
1.1410
1.5870
3.4920
4.4360
5.3150
5.7130
6.0480
6.8920
7.2400
7.9100
8.2360
8.5670
8.8730
8.9860
9.0650
9.0890
9.1160
9.1200
8.9280
8.5600
8.3930
8.2590
8.2420
8.1670
8.0930
7.8990
7.8330
7.6590
7.4690
7.3420
6.9800
6.7450
6.6140
6.4850
6.3250
6.2400
6.1590
5.8420
5.8700
5.7400
5.7780
5.7950
5.8860
5.9690
6.1050
6.0640
6.0420
5.9520
5.3570
5.4960
5.0730
4.5980
4.5200
4.1910
4.1680
3.7490
3.6860
3.0490
2.9790
2.8570
3.0120
3.1320
2.8660
3.0340
2.9970
3.0080
3.5170
3.7260
3.5780
3.7240
4.0900
4.0770
4.1060
4.6460
4.7960
4.8500
5.2030
5.2230
5.1060
5.0200
4.8700
4.6300
4.5360
4.5980
4.4910
4.3140
4.3330
4.3450
4.3550
4.4290
4.4700
4.3330
4.3670
4.1930
3.7940
3.6090
3.8260
3.9920
4.1320
4.4730
4.7680
4.9580
5.0730
5.1660
5.2280
5.2240
5.2030
5.1500
5.0530
4.9220
4.7530
4.5720
4.3920
4.2790
4.2290
4.1710
4.0920
4.0250
4.0040
4.0060
4.0140
4.0090
4.0200
4.0320
4.0440
4.0350
4.0570
4.0700
4.1160
4.1370
4.1360
4.1500
4.1720
4.1160
4.0370
4.1090
4.0900
4.0980
4.1090
4.1270
4.2190
4.2580
4.2430
4.2780
4.3480
4.3360
4.3620
4.3980
4.4500
4.5360
4.6000
4.6670
4.7300
4.7300
4.7410
4.7250
4.7780
4.8110
4.7980
4.8570
