1120.6000
1073.5000
1066.8000
1099.1000
1074.5000
1076.1000
1111.3000
1081.5000
1099.4000
1091.8000
1085.5000
1099.2000
1090.1000
1107.3000
1104.0000
1130.5000
1144.3000
1154.8000
1159.0000
1156.4000
1152.9000
1158.3000
1166.5000
1171.0000
1172.7000
1177.3000
1183.4000
1185.3000
1190.6000
1194.4000
1203.9000
1208.7000
1209.6000
1206.0000
1207.2000
1208.4000
1210.0000
1208.4000
1209.8000
1188.7000
1168.2000
1157.1000
1151.6000
1153.0000
1146.4000
1131.7000
1113.3000
1099.9000
1096.0000
1092.3000
1087.1000
1086.7000
1083.1000
1074.6000
1063.7000
1057.0000
1053.0000
1047.2000
1043.5000
1041.5000
1042.7000
1043.5000
1047.5000
1051.1000
1059.5000
1065.3000
1071.1000
1076.3000
1081.6000
1089.1000
1096.8000
1105.8000
1115.9000
1123.4000
1131.2000
1135.2000
1142.0000
1147.9000
1153.3000
1159.5000
1165.9000
1174.1000
1178.4000
1185.7000
1192.2000
1198.7000
1204.1000
1177.4000
1151.1000
1140.3000
1136.3000
1140.9000
1135.2000
1121.3000
1099.3000
1083.1000
1080.1000
1077.8000
1077.0000
1075.0000
1060.5000
1051.0000
1048.4000
1047.2000
1046.3000
1039.2000
1031.9000
1018.5000
1011.4000
1006.7000
1000.5000
1022.2000
1041.1000
1042.9000
1039.0000
1028.8000
1028.2000
1034.0000
1043.2000
1049.1000
1040.7000
1035.9000
1028.5000
1010.7000
1001.1000
990.9300
977.2200
965.5600
951.8600
943.9600
931.4300
922.1100
913.9600
905.0500
899.6200
877.2100
852.9600
836.7900
818.9000
810.4700
790.8700
767.8400
733.6200
703.1300
681.1700
662.0000
636.5200
619.6200
607.1300
587.3000
572.8900
570.4900
577.3700
539.7400
520.1300
489.3800
538.6600
585.6600
592.4600
610.4500
616.8200
585.1100
575.9500
603.8100
633.5200
659.9200
699.0000
685.8500
682.2700
700.2800
683.4300
708.9400
673.6000
654.7800
634.9000
605.8500
608.0200
608.8800
601.2500
611.1900
609.4700
587.7100
612.0400
576.2100
546.5500
533.7900
547.6600
570.4200
555.6500
529.3600
499.7900
489.6100
479.5300
468.8800
466.6600
485.7300
504.5900
506.1500
495.4500
488.4000
488.8700
500.2100
530.7500
545.7100
561.2500
577.5700
559.5500
640.3500
709.9400
743.9500
740.0400
744.0100
722.3100
766.1100
758.9900
720.4600
688.4400
648.0900
664.0200
720.7700
740.3600
777.8600
809.4400
826.4800
850.9500
888.1900
918.5000
960.2600
991.7400
1016.3000
1045.0000
1045.6000
1040.8000
1048.9000
1053.5000
1067.8000
1085.5000
1083.5000
1084.2000
1081.0000
1092.0000
1100.0000
1106.5000
1116.4000
1116.3000
1124.3000
1120.7000
1137.1000
1150.5000
1147.2000
1157.4000
1157.7000
1165.4000
1159.9000
1179.9000
1213.6000
1250.9000
1266.1000
1293.5000
1302.5000
1322.2000
1338.3000
1365.5000
1382.6000
1398.2000
1465.5000
1441.7000
1456.5000
1487.1000
1496.7000
1525.3000
1531.4000
1572.9000
1570.0000
1591.7000
1592.5000
1615.6000
1615.3000
1627.2000
1621.6000
1584.6000
1585.0000
1596.7000
1591.8000
1583.1000
1579.4000
1553.8000
1522.9000
1526.6000
1535.3000
1510.6000
1528.4000
1535.8000
1512.1000
1518.0000
1521.1000
1523.2000
1534.6000
1560.1000
1564.3000
1555.1000
1565.8000
1580.9000
1612.2000
1649.5000
1668.4000
1679.2000
1682.7000
1700.0000
1718.2000
1741.5000
1756.8000
1761.0000
1767.1000
1777.9000
1771.0000
1776.6000
1788.9000
1797.6000
1809.6000
1818.8000
1830.0000
1838.0000
1851.2000
1864.1000
1873.1000
1881.6000
1858.5000
1832.5000
1821.5000
1814.3000
1818.0000
1808.9000
1791.7000
1770.1000
1750.3000
1744.2000
1736.2000
1730.9000
1743.7000
1744.7000
1739.0000
1735.3000
1728.1000
1730.6000
1728.5000
1733.6000
1732.1000
1727.7000
1723.8000
1726.9000
1747.0000
1763.4000
1778.5000
1786.5000
1789.4000
1798.3000
1801.9000
1815.2000
1835.3000
1849.1000
1855.2000
1873.4000
1857.0000
1850.0000
1854.4000
1857.2000
1864.6000
1865.7000
1863.7000
1855.5000
1850.4000
1850.2000
1842.2000
1837.4000
1803.7000
1754.6000
