6.1118
6.4015
6.6549
6.8029
7.0751
7.3061
7.6115
7.9610
8.1865
8.3468
8.5242
8.5554
8.5848
8.4451
8.3324
8.2248
8.0736
7.9324
7.8434
7.7536
7.5443
7.1682
6.8502
6.5710
6.3139
5.3415
4.8786
4.9615
5.7172
5.9379
6.0123
6.2148
6.3273
6.3181
6.2676
6.1738
6.0157
5.8149
5.5179
5.2781
5.0724
4.9135
4.7513
4.6158
4.5401
4.5029
4.4110
4.2812
4.1990
4.1084
3.9365
3.5995
3.0929
3.0604
3.5658
3.7489
4.0335
5.1287
6.0463
6.7844
7.5942
8.7741
8.8354
8.8620
8.7344
9.0393
9.4165
9.7812
10.1303
10.4051
10.6751
10.9144
10.8052
10.6202
10.6218
10.6288
10.4826
10.4019
10.3473
10.2320
10.0709
9.9748
9.9655
10.0107
10.1042
10.1754
10.2927
10.3772
10.4202
10.4368
10.4722
10.4959
10.5623
10.6044
10.6106
10.7062
10.7945
10.8365
10.9122
11.0046
11.0624
11.1446
11.1925
11.2558
11.3432
11.4146
11.4582
11.5154
11.5548
11.4995
11.4261
11.2793
11.0371
10.8400
10.7985
10.5907
10.0867
9.5891
9.5004
9.5550
9.5585
9.5661
9.6315
9.7261
9.7436
9.7428
9.7350
9.6787
9.5028
9.5119
9.5811
9.5937
9.6756
9.8237
9.9011
9.7983
9.5694
9.2254
8.9975
8.9295
8.8096
8.8207
8.7716
8.6632
8.5121
8.3731
7.9438
7.8064
8.0576
8.7062
9.8205
10.1184
10.1330
10.0388
10.6212
10.6662
9.2172
8.6667
8.8002
9.3455
10.3140
12.0617
12.3474
11.3367
10.4173
9.3264
8.1358
8.0628
7.3581
7.2254
10.4383
10.0325
10.0107
9.6413
9.9440
9.7943
9.2983
9.1834
9.8098
10.2363
10.6706
10.6143
9.6611
8.7376
8.1172
8.0997
7.5590
7.4026
7.5962
7.7200
7.3449
7.2226
7.5272
7.6696
7.8794
8.2300
8.4676
8.4459
8.3233
8.1941
8.2072
7.9362
7.0523
6.4983
5.9489
5.2708
5.4422
4.0380
2.1162
2.7741
3.2506
3.7296
2.4801
3.5034
2.5920
1.7871
0.7814
1.0105
1.7188
4.7412
6.2387
7.6334
8.2659
8.7967
10.1354
10.6880
11.7521
12.2682
12.7932
13.2789
13.4589
13.5841
13.6224
13.6649
13.6716
13.3660
12.7820
12.5172
12.3047
12.2779
12.1595
12.0422
11.7341
11.6286
11.3530
11.0521
10.8508
10.2750
9.9027
9.6951
9.4897
9.2366
9.1010
8.9725
8.4702
8.5148
8.3082
8.3689
8.3948
8.5397
8.6718
8.8871
8.8228
8.7869
8.6439
7.7000
7.9210
7.2496
6.4954
6.3720
5.8500
5.8130
5.1486
5.0486
4.0383
3.9269
3.7331
3.9786
4.1704
3.7471
4.0135
3.9555
3.9734
4.7798
5.1125
4.8779
5.1088
5.6895
5.6684
5.7148
6.5722
6.8101
6.8960
7.4565
7.4869
7.3016
7.1653
6.9280
6.5461
6.3972
6.4955
6.3267
6.0455
6.0750
6.0946
6.1108
6.2282
6.2923
6.0746
6.1299
5.8526
5.2207
4.9266
5.2710
5.5336
5.7571
6.2975
6.7650
7.0673
7.2492
7.3970
7.4948
7.4888
7.4552
7.3710
7.2181
7.0101
6.7423
6.4541
6.1697
5.9902
5.9110
5.8188
5.6922
5.5859
5.5532
5.5558
5.5699
5.5615
5.5787
5.5985
5.6170
5.6018
5.6376
5.6574
5.7304
5.7636
5.7624
5.7847
5.8194
5.7311
5.6050
5.7203
5.6899
5.7030
5.7194
5.7490
5.8945
5.9563
5.9330
5.9887
6.0990
6.0808
6.1210
6.1781
6.2608
6.3982
6.4994
6.6052
6.7058
6.7054
6.7226
6.6975
6.7811
6.8335
6.8131
6.9067
