-7.8220
-7.7422
-7.6302
-7.5390
-7.5089
-7.4854
-7.4170
-7.3135
-7.2019
-7.0870
-6.9736
-6.8442
-6.7159
-6.6092
-6.5043
-6.3906
-6.2433
-6.0917
-5.9587
-5.8981
-6.1233
-6.1637
-6.3781
-6.6996
-6.9532
-7.4032
-7.3303
-7.0825
-6.6693
-6.3272
-6.0254
-5.5994
-5.1421
-4.7643
-4.3911
-3.9805
-3.6156
-3.2643
-2.9385
-2.6564
-2.3977
-2.1680
-1.9798
-1.8182
-1.6697
-1.5300
-1.3949
-1.2655
-1.1507
-1.0613
-1.0131
-1.0296
-1.2071
-1.5248
-1.5316
-1.4832
-1.4959
-1.3943
-1.3703
-1.5748
-2.2358
-2.7965
-3.2074
-3.5874
-3.9519
-4.2052
-4.5930
-5.0422
-5.6072
-6.0746
-6.4162
-6.6983
-7.0395
-7.3729
-7.5587
-7.6939
-7.9201
-8.1303
-8.3242
-8.5529
-8.7626
-8.9425
-9.1054
-9.2169
-9.2617
-9.2590
-9.2279
-9.1860
-9.1755
-9.1891
-9.1724
-9.1581
-9.1128
-9.0450
-8.9900
-8.8665
-8.7477
-8.6684
-8.6022
-8.5333
-8.4642
-8.4190
-8.3690
-8.3134
-8.2738
-8.2410
-8.2142
-8.1802
-8.1586
-8.1476
-8.1440
-8.1366
-8.0783
-7.9238
-7.6839
-7.5176
-7.3567
-7.1617
-6.9884
-6.7781
-6.3977
-5.9691
-5.5353
-5.1228
-4.7100
-4.3203
-3.9591
-3.6111
-3.2077
-2.8034
-2.4400
-2.1090
-1.8091
-1.5372
-1.2510
-0.9519
-0.6364
-0.2903
0.0401
0.3095
0.5356
0.7480
0.9580
1.1805
1.3899
1.5435
1.6281
1.6398
1.5328
1.2024
0.5518
0.0646
-0.2850
-0.6629
-1.0047
-1.3291
-1.7635
-2.1254
-2.4158
-2.7376
-3.0992
-3.5072
-3.4609
-3.6006
-3.8095
-3.7194
-3.8385
-3.7168
-3.7635
-4.0016
-3.9018
-4.0565
-4.1877
-4.1058
-4.2821
-4.3491
-4.4861
-4.6350
-4.8424
-5.1853
-5.3685
-5.5174
-5.6814
-5.7585
-5.9155
-6.0339
-6.0017
-5.9650
-5.7358
-5.5934
-5.5229
-5.5416
-5.6476
-5.7900
-5.8507
-5.9038
-5.9330
-5.9810
-6.0207
-6.1053
-6.2618
-6.3678
-6.4441
-6.4558
-6.4772
-6.5260
-6.5023
-6.5652
-6.7515
-7.0822
-7.3482
-7.3036
-7.1795
-7.0630
-6.5328
-5.9667
-5.3580
-4.7833
-4.2880
-4.5062
-4.9912
-5.1259
-4.6981
-4.2480
-4.4403
-5.3007
-6.5164
-7.7905
-8.3370
-8.8397
-9.1708
-9.0915
-9.1803
-9.3183
-9.4428
-9.4710
-9.5344
-9.5576
-9.6556
-9.7005
-9.7408
-9.7882
-9.8847
-9.9722
-10.0828
-10.1926
-10.3162
-10.4279
-10.5219
-10.6045
-10.6908
-10.7963
-10.9110
-11.0504
-11.1812
-11.3145
-11.3924
-11.4516
-11.4850
-11.4491
-11.3593
-11.1862
-11.2075
-11.1590
-11.1334
-11.1482
-11.1367
-11.1385
-11.1356
-11.1176
-11.1091
-11.0989
-11.1056
-11.1155
-11.1640
-11.1761
-11.1722
-11.1010
-11.0192
-10.9863
-10.9225
-10.8674
-10.7963
-10.7108
-10.6652
-10.6508
-10.5825
-10.4812
-10.4290
-10.3523
-10.2085
-10.1612
-10.1305
-10.0826
-10.1289
-10.1950
-10.2457
-10.3361
-10.4234
-10.4511
-10.4371
-10.4613
-10.5024
-10.5048
-10.5146
-10.5211
-10.5128
-10.5752
-10.8890
-10.7491
-10.7567
-10.6522
-10.3337
-9.8629
-9.4871
-9.1884
-8.8785
-8.6880
-8.6080
-8.5910
-8.6057
-8.6281
-8.6901
-8.7750
-8.8864
-9.0177
-9.1540
-9.2732
-9.3551
-9.4298
-9.5252
-9.6243
-9.7159
-9.8243
-9.9372
-10.0612
-10.1937
-10.3098
-10.4100
-10.5065
-10.6038
-10.6979
-10.7960
-10.9148
-11.0445
-11.1653
-11.2736
-11.3678
-11.4542
-11.5415
-11.6304
-11.7264
-11.8164
-11.8429
-11.8821
-11.8995
-11.9047
-11.9119
-11.9172
-11.9220
-11.9208
-11.9204
-11.9322
-11.9410
-11.9485
-11.9541
-11.9615
-11.9710
-11.9823
-11.9879
-11.9833
-11.9772
-11.9719
-11.9671
-11.9601
-11.9490
-11.9454
