5.5822
5.7343
5.8803
5.9183
6.0196
6.1339
6.2158
6.4268
6.5702
6.6384
6.7463
6.7724
6.7798
6.7885
6.7664
6.7044
6.6552
6.5768
6.4792
6.4346
6.2455
5.8145
5.2441
4.7121
4.4230
3.4902
2.8382
2.6146
3.0146
3.1387
3.0480
3.1664
3.3976
3.4473
3.4196
3.4282
3.4068
3.3153
3.1133
2.9110
2.6583
2.4331
2.2223
1.9799
1.7033
1.4917
1.2989
1.0545
0.8850
0.8083
0.6324
0.1869
-0.6487
-1.6235
-1.9603
-1.8987
-2.0038
-2.1647
-2.5945
-3.1544
-4.1399
-4.8846
-4.7053
-4.7644
-4.8962
-4.9201
-5.0644
-5.1565
-5.1332
-5.0818
-5.0438
-4.9592
-4.7315
-4.5479
-4.4418
-4.3532
-4.2757
-4.2559
-4.2876
-4.3175
-4.3072
-4.2562
-4.2012
-4.0875
-3.9275
-3.8229
-3.7459
-3.6282
-3.5150
-3.4223
-3.3358
-3.2673
-3.2426
-3.2646
-3.2784
-3.2739
-3.2755
-3.3473
-3.3947
-3.4200
-3.4431
-3.5256
-3.5717
-3.6288
-3.6762
-3.6861
-3.6502
-3.5931
-3.5828
-3.6278
-3.6763
-3.6803
-3.5689
-3.4205
-3.1843
-3.1026
-2.8846
-2.6483
-2.6095
-2.5079
-2.3798
-2.2998
-2.2409
-2.1893
-2.1550
-2.1908
-2.2648
-2.2512
-2.0114
-1.8570
-1.7883
-1.6003
-1.3005
-1.0949
-0.7951
-0.3594
0.0309
0.4899
0.8766
1.1878
1.2439
1.2356
1.1420
0.9682
0.9417
0.7727
0.2170
-0.4206
-0.9459
-2.0318
-3.6191
-4.2368
-4.0022
-4.7974
-5.0898
-5.2197
-4.8282
-4.2673
-3.8778
-4.0270
-4.0592
-3.7564
-3.0988
-2.6769
-1.5834
-0.5426
-0.1481
0.6812
1.8187
2.5113
2.2833
2.1391
1.4497
0.4122
-0.5810
-1.3865
-1.1713
-1.3053
-1.5155
-0.7169
-0.0504
-0.0700
0.0331
0.5728
0.7401
1.4577
1.4950
1.7905
2.6852
3.5704
4.0552
4.2342
4.1512
3.8925
3.8750
3.8295
3.5605
3.4070
3.3971
3.4737
3.4424
3.3759
3.2079
2.9413
2.7683
2.4606
2.3090
2.4346
2.0408
1.7080
1.3350
1.3378
0.4885
1.0042
0.7381
0.9104
0.7341
0.9620
1.5614
-0.3663
-1.6016
-0.8374
0.4195
1.1134
0.7169
-0.2522
-1.0070
-1.0888
-1.9637
-2.5006
-3.1330
-3.4108
-3.4609
-3.3921
-3.4794
-3.4388
-3.2619
-2.9335
-2.8035
-2.7835
-2.6866
-2.6575
-2.6210
-2.5148
-2.5125
-2.3882
-2.2644
-2.1007
-1.9951
-1.9830
-1.8824
-1.8119
-1.6969
-1.6849
-1.4096
-1.3416
-1.3208
-1.3889
-1.5200
-1.7640
-2.0588
-2.1584
-2.2661
-2.7595
-2.8868
-2.7528
-2.9890
-2.9867
-2.7922
-2.7174
-2.6871
-2.6229
-2.0999
-1.9823
-1.6669
-1.5324
-1.2850
-1.2928
-1.1697
-0.9226
-1.0191
-0.8036
-0.5013
-0.6164
-0.6749
-0.4083
-0.3310
-0.4483
-0.3244
-0.1232
-0.2053
-0.1292
0.0073
-0.1535
-0.1086
-0.0296
-0.1255
-0.1695
-0.0980
-0.1478
-0.2830
-0.3687
-0.3289
-0.3395
-0.3245
-0.3497
-0.4037
-0.3414
-0.0961
-0.1007
-0.0979
-0.0255
-0.0042
-0.1798
-0.3050
-0.4539
-0.6808
-0.8872
-1.0752
-1.2475
-1.4211
-1.5891
-1.8051
-2.0309
-2.2877
-2.5104
-2.7050
-2.8622
-3.0028
-3.0938
-3.1738
-3.2905
-3.4189
-3.5299
-3.6357
-3.7537
-3.8948
-4.0287
-4.1353
-4.2709
-4.4108
-4.5395
-4.6303
-4.7379
-4.8295
-4.9435
-5.0195
-5.0773
-5.1591
-5.2389
-5.2388
-5.2032
-5.3579
-5.4099
-5.4885
-5.5838
-5.6673
-5.8503
-5.9383
-5.9318
-5.9878
-6.0957
-6.0623
-6.0963
-6.1547
-6.2321
-6.3675
-6.4627
-6.5530
-6.6327
-6.6032
-6.6115
-6.5803
-6.6507
-6.6947
-6.6443
-6.7382
