2.4885
2.8456
3.1160
3.3546
3.7177
3.9691
4.3929
4.6983
4.8838
5.0597
5.2104
5.2278
5.2662
5.0235
4.8625
4.7643
4.5708
4.4351
4.4202
4.3260
4.2320
4.1922
4.4073
4.5798
4.5057
4.0435
3.9681
4.2168
4.8578
5.0405
5.1824
5.3476
5.3376
5.2947
5.2526
5.1345
4.9580
4.7772
4.5557
4.4028
4.3200
4.2688
4.1995
4.1695
4.2084
4.2486
4.2154
4.1493
4.1047
4.0281
3.8854
3.5947
3.0241
2.5943
2.9786
3.2326
3.5005
4.6495
5.4614
6.0065
6.3666
7.2887
7.4783
7.4724
7.2330
7.5829
7.9387
8.3116
8.7335
9.0797
9.4084
9.7227
9.7141
9.5972
9.6485
9.6965
9.5710
9.4914
9.4172
9.2764
9.1033
9.0211
9.0366
9.1382
9.3097
9.4300
9.5869
9.7223
9.8094
9.8597
9.9267
9.9744
10.0523
10.0894
10.0914
10.1934
10.2855
10.3066
10.3707
10.4597
10.5130
10.5722
10.6073
10.6548
10.7310
10.8031
10.8612
10.9404
10.9853
10.9123
10.8186
10.6620
10.4442
10.2862
10.3184
10.1261
9.6654
9.2161
9.1350
9.2200
9.2575
9.2856
9.3672
9.4765
9.5023
9.4933
9.4679
9.4133
9.2875
9.3289
9.4128
9.4593
9.5878
9.7625
9.8691
9.7917
9.5694
9.2124
8.9547
8.8501
8.7214
8.7337
8.6969
8.6089
8.4599
8.3374
7.9408
7.7951
8.0019
8.4658
9.1293
9.1886
9.3091
8.8183
9.3223
9.3018
7.8514
7.5433
7.8998
8.4333
9.4816
11.4619
11.9522
11.0161
10.2962
9.3106
8.1344
8.0340
7.1297
6.7749
10.1856
9.8018
9.9052
9.6325
9.9270
9.6956
9.2243
9.0902
9.6920
10.2111
10.6705
10.6141
9.6610
8.7188
8.0834
7.9675
7.4096
7.1828
7.1058
6.8447
6.1240
5.8513
6.2790
6.6084
6.8607
7.2848
7.6826
7.7283
7.5985
7.4214
7.4504
7.1823
6.2805
5.7946
5.2655
4.6612
4.9281
3.2215
0.5599
-2.1860
-2.9638
-3.4814
-2.4316
-3.3564
-2.4847
-1.5378
-0.2679
0.3093
-0.7185
-4.7270
-6.0297
-7.5873
-8.2553
-8.7259
-10.1100
-10.6851
-11.7089
-12.2198
-12.6416
-13.0413
-13.0891
-13.1490
-13.1755
-13.2372
-13.2214
-12.9161
-12.3588
-12.1686
-11.9811
-11.9583
-11.8590
-11.7453
-11.4376
-11.3534
-11.0715
-10.7910
-10.6119
-10.0579
-9.6997
-9.4901
-9.3011
-9.0571
-8.9414
-8.8129
-8.3520
-8.4084
-8.2026
-8.2528
-8.2560
-8.3555
-8.4238
-8.6210
-8.5268
-8.3423
-8.1476
-7.1911
-7.3354
-6.6058
-5.8646
-5.7635
-5.1963
-5.1876
-4.7009
-4.6431
-3.6782
-3.6156
-3.5050
-3.7627
-4.0030
-3.6317
-3.8820
-3.8730
-3.9417
-4.7399
-5.0678
-4.8607
-5.0981
-5.6718
-5.6591
-5.7135
-6.5690
-6.8088
-6.8960
-7.4549
-7.4861
-7.3015
-7.1642
-6.9259
-6.5454
-6.3955
-6.4893
-6.3159
-6.0365
-6.0655
-6.0859
-6.1008
-6.2151
-6.2831
-6.0739
-6.1290
-5.8518
-5.2207
-4.9266
-5.2679
-5.5252
-5.7392
-6.2606
-6.7066
-6.9850
-7.1410
-7.2592
-7.3244
-7.2679
-7.1732
-7.0070
-6.7674
-6.4672
-6.1047
-5.7130
-5.3379
-5.0803
-4.9104
-4.7085
-4.4655
-4.2407
-4.0924
-3.9620
-3.8462
-3.7189
-3.5890
-3.4479
-3.3081
-3.1528
-3.0553
-2.9465
-2.8980
-2.8325
-2.7251
-2.6165
-2.5338
-2.3239
-2.0839
-2.0037
-1.7630
-1.5491
-1.2378
-0.9655
-0.7210
-0.4623
-0.1192
0.1035
0.2006
0.4735
0.5487
0.5373
0.5989
0.6255
0.6900
0.8289
0.9869
1.1662
1.2171
1.2474
1.3234
1.3703
1.5069
1.5163
