4.4920
4.9920
5.4660
5.9640
6.4390
6.7480
6.9780
7.2420
7.3740
7.4550
7.2480
6.9400
6.6720
6.5080
6.5080
6.8220
7.3340
7.1440
7.1620
6.9660
6.6440
6.4320
7.0750
6.3860
6.7390
6.5490
6.1280
6.0690
6.2340
5.7420
5.4030
5.6970
5.8780
5.9350
6.3700
6.3720
6.4160
6.7610
7.0250
7.1310
7.2180
7.1550
7.4470
7.8600
8.1610
8.1390
8.0230
8.4170
8.8560
9.3200
8.8680
8.4600
8.6850
8.4170
8.6360
8.9720
9.2810
9.0780
9.1230
9.0320
8.9700
9.0050
8.7980
8.5950
9.0090
8.8990
8.6920
8.5250
8.3730
8.3400
8.1970
8.0230
7.7660
7.5830
7.3690
7.1800
7.0280
6.6240
6.4470
6.3960
6.4240
6.3460
6.2560
6.0690
5.9040
5.7210
5.5510
5.3990
5.3390
5.3030
5.2630
5.1590
4.9640
4.7920
4.7510
4.8130
4.9260
5.0370
5.1570
5.2960
5.4200
5.4800
5.5150
5.5320
5.5110
5.4770
5.4600
5.4260
5.4020
5.4110
5.4280
5.4940
5.6000
5.6710
5.7110
5.7700
5.6710
5.6400
5.4130
5.1940
4.9540
4.7930
4.6400
4.4690
4.3450
4.2870
4.2790
4.3030
4.3190
4.3020
4.2930
4.3170
4.3390
4.3530
4.3660
4.3420
4.2620
4.1400
4.0310
3.9730
3.9320
3.8600
3.7770
3.7130
3.6860
3.6730
3.6610
3.6460
3.6230
3.5890
3.5810
3.5820
3.5650
3.5290
3.4730
3.4340
3.3970
3.3610
3.3240
3.2460
3.2230
3.2570
3.2430
3.2360
3.2350
3.2450
3.2680
3.3130
3.3790
3.4830
3.5750
3.6380
3.6870
3.7270
3.7450
3.7530
3.7860
3.8140
3.8090
3.7830
3.7400
3.7110
3.7290
3.7480
3.7250
3.7180
3.7570
3.8080
3.8810
3.9320
3.9330
3.9120
3.8980
3.8990
3.9130
3.9760
4.0750
4.1610
4.2170
4.2790
4.3610
4.4530
4.5220
4.5900
4.6740
4.7610
4.8420
4.9280
5.0430
5.1980
5.3670
5.4910
5.4880
5.4770
5.2850
5.1960
5.1620
5.2080
5.2820
5.3200
5.3490
5.3940
5.4360
5.4750
5.5160
5.5530
5.6050
5.6320
5.6090
5.6290
5.7660
5.9090
6.0230
6.1510
6.3020
6.4480
6.5420
6.5950
6.5530
6.4980
6.4310
6.2950
6.2250
6.0860
6.0280
6.1270
6.3530
6.5420
6.7360
6.7870
6.9280
7.1200
7.1880
7.0810
7.1060
7.0960
6.9520
6.6890
6.4960
6.5230
6.4650
6.4080
6.4220
6.4160
6.3800
6.3860
6.4240
6.4190
6.3470
6.3170
6.3890
6.5390
6.6070
6.5260
6.3360
6.4320
6.4350
6.4080
5.9530
6.0430
6.2340
6.3670
6.3050
6.4280
6.1250
5.4730
5.1520
6.0450
5.9220
6.3630
6.3620
6.8150
8.7920
8.5590
9.3850
8.0870
8.1700
8.0550
7.5150
8.0720
9.9060
11.2470
11.7290
10.6700
10.5160
9.7750
12.0500
11.2520
9.8390
10.0230
8.9380
8.7830
8.3080
7.9830
7.7350
7.8660
7.8770
7.6810
7.4710
7.2640
7.4070
7.5860
7.3510
7.0050
6.6900
6.4510
6.1410
5.9150
5.8580
5.9570
6.0090
6.0530
6.0970
6.1500
6.1950
6.1870
6.1560
6.1440
5.9400
5.6300
5.2380
4.6120
4.4000
4.1170
4.0530
4.0980
4.2810
4.5380
4.7610
4.6660
4.9740
5.0460
5.4640
5.7890
5.9040
5.6790
5.4100
4.3690
5.5550
2.8050
4.2290
5.5970
6.2140
7.6000
6.8790
6.4270
5.4200
5.6170
4.6470
3.5890
5.0220
3.9230
3.5920
5.0510
6.2090
5.1190
4.3840
