1363.3000
1290.0000
1348.0000
1367.9000
1343.1000
1355.4000
1319.7000
1281.3000
1297.0000
1285.6000
1312.5000
1301.7000
1302.3000
1291.3000
1291.2000
1351.0000
1367.2000
1375.1000
1340.3000
1344.5000
1321.9000
1347.8000
1310.9000
1361.0000
1330.2000
1332.5000
1353.3000
1344.1000
1336.0000
1364.0000
1377.9000
1388.4000
1389.4000
1399.5000
1398.5000
1416.6000
1431.8000
1425.8000
1428.4000
1417.3000
1412.0000
1420.1000
1419.5000
1418.2000
1378.8000
1372.1000
1369.6000
1351.3000
1336.8000
1339.4000
1374.3000
1407.8000
1394.7000
1386.7000
1370.9000
1346.7000
1325.8000
1327.9000
1325.5000
1340.6000
1358.0000
1361.8000
1394.6000
1433.2000
1453.5000
1458.1000
1459.2000
1456.5000
1468.5000
1472.9000
1486.8000
1493.6000
1507.0000
1521.9000
1540.6000
1545.0000
1544.3000
1578.0000
1591.4000
1600.2000
1596.0000
1601.6000
1601.0000
1602.6000
1607.5000
1613.7000
1626.5000
1613.8000
1597.5000
1602.4000
1610.1000
1628.8000
1638.9000
1639.7000
1632.0000
1622.1000
1625.1000
1627.6000
1626.9000
1628.6000
1623.0000
1610.7000
1603.9000
1600.8000
1597.3000
1586.2000
1574.3000
1563.3000
1554.0000
1548.5000
1545.5000
1584.3000
1624.4000
1639.1000
1643.3000
1642.1000
1655.2000
1675.6000
1701.8000
1719.7000
1723.5000
1728.4000
1738.4000
1731.1000
1739.2000
1757.8000
1772.1000
1788.5000
1796.4000
1805.2000
1807.4000
1812.4000
1818.4000
1816.5000
1814.2000
1789.5000
1759.2000
1738.7000
1726.1000
1721.2000
1710.9000
1695.5000
1679.3000
1663.9000
1660.7000
1657.1000
1649.4000
1653.9000
1648.8000
1638.7000
1629.5000
1620.9000
1618.1000
1611.8000
1608.9000
1603.5000
1596.3000
1590.5000
1589.2000
1605.8000
1622.7000
1628.5000
1628.2000
1620.8000
1625.6000
1636.4000
1651.3000
1662.6000
1666.8000
1669.1000
1676.2000
1665.7000
1661.1000
1667.6000
1670.6000
1675.9000
1673.1000
1671.4000
1664.9000
1661.7000
1665.5000
1667.5000
1670.5000
1648.1000
1625.8000
1622.0000
1624.8000
1634.7000
1629.6000
1614.5000
1589.9000
1569.7000
1563.8000
1561.2000
1552.8000
1561.8000
1559.9000
1546.6000
1538.1000
1529.5000
1531.3000
1528.9000
1531.0000
1531.0000
1524.6000
1525.0000
1525.1000
1562.0000
1600.8000
1611.8000
1609.7000
1595.2000
1600.5000
1619.2000
1644.6000
1668.1000
1672.0000
1672.7000
1676.1000
1654.7000
1648.6000
1652.5000
1652.3000
1652.0000
1641.7000
1634.0000
1622.5000
1617.9000
1622.1000
1620.5000
1615.7000
1583.8000
1549.6000
1530.4000
1515.0000
1509.3000
1492.6000
1468.3000
1443.4000
1416.5000
1406.2000
1404.2000
1393.8000
1405.3000
1401.7000
1388.5000
1375.5000
1364.9000
1359.6000
1355.6000
1348.8000
1338.2000
1327.5000
1324.6000
1323.6000
1349.2000
1381.1000
1405.6000
1416.7000
1411.2000
1418.0000
1430.0000
1444.6000
1455.3000
1452.0000
1449.1000
1449.6000
1429.8000
1430.5000
1438.7000
1429.5000
1418.0000
1401.9000
1398.1000
1408.4000
1387.5000
1381.0000
1364.6000
1381.8000
1335.5000
1283.2000
1256.1000
1259.0000
1243.3000
1236.9000
1228.7000
1205.9000
1130.4000
1134.2000
1114.1000
1115.9000
1132.9000
1007.6000
1019.6000
958.3200
1123.4000
1191.4000
1191.7000
1250.1000
1238.5000
1097.2000
1012.3000
950.5900
1061.7000
1059.7000
1152.1000
925.7200
970.8400
1033.2000
982.9300
1050.5000
1039.0000
1034.0000
1044.4000
1063.1000
1036.4000
1020.6000
1017.4000
1018.9000
1029.0000
1014.2000
988.7800
975.4100
965.6800
962.6000
956.1000
954.5600
923.8600
882.2700
851.5000
830.8100
820.9800
802.1400
776.6400
742.8100
711.9400
692.4800
664.1800
646.7800
674.3400
663.4000
663.6900
663.1200
648.3100
637.4200
653.8100
632.0900
600.9400
575.8000
591.6600
539.3600
543.3300
544.9100
534.0600
528.1100
536.9400
561.3400
629.8100
541.5900
748.5600
681.1300
640.5800
577.4100
439.9600
462.1800
492.1300
530.1300
504.4900
581.5500
649.4200
577.2700
627.4200
651.1200
581.2000
473.5200
504.0100
530.9200
