6.3279
7.1215
7.8730
8.6628
9.4174
9.9081
10.2722
10.6912
10.9010
11.0292
10.7006
10.2123
9.7869
9.5266
9.5260
10.0251
10.8374
10.5353
10.5642
10.2532
9.7432
9.4066
10.4257
9.3324
9.8932
9.5921
8.9243
8.8293
9.0922
8.3105
7.7739
8.2405
8.5268
8.6172
9.3078
9.3113
9.3800
9.9274
10.3464
10.5159
10.6529
10.5539
11.0163
11.6726
12.1491
12.1151
11.9303
12.5554
13.2529
13.9888
13.2712
12.6238
12.9814
12.5551
12.9032
13.4361
13.9275
13.6052
13.6756
13.5311
13.4332
13.4893
13.1607
12.8382
13.4956
13.3203
12.9919
12.7276
12.4858
12.4336
12.2070
11.9302
11.5235
11.2317
10.8934
10.5925
10.3521
9.7115
9.4295
9.3490
9.3940
9.2699
9.1272
8.8302
8.5681
8.2774
8.0082
7.7675
7.6719
7.6138
7.5514
7.3867
7.0760
6.8032
6.7384
6.8364
7.0158
7.1920
7.3829
7.6027
7.8003
7.8948
7.9509
7.9779
7.9454
7.8904
7.8635
7.8097
7.7713
7.7852
7.8126
7.9182
8.0852
8.1979
8.2624
8.3551
8.1979
8.1494
7.7889
7.4421
7.0602
6.8052
6.5630
6.2917
6.0940
6.0017
5.9896
6.0280
6.0538
6.0261
6.0123
6.0497
6.0855
6.1071
6.1282
6.0892
5.9633
5.7685
5.5967
5.5048
5.4387
5.3255
5.1928
5.0915
5.0492
5.0288
5.0090
4.9852
4.9486
4.8941
4.8825
4.8835
4.8573
4.7995
4.7113
4.6487
4.5894
4.5325
4.4745
4.3512
4.3135
4.3680
4.3453
4.3346
4.3329
4.3483
4.3851
4.4569
4.5618
4.7262
4.8732
4.9729
5.0498
5.1132
5.1416
5.1549
5.2080
5.2512
5.2445
5.2020
5.1346
5.0884
5.1166
5.1473
5.1113
5.1002
5.1617
5.2426
5.3585
5.4396
5.4405
5.4068
5.3858
5.3866
5.4082
5.5087
5.6664
5.8025
5.8911
5.9901
6.1193
6.2663
6.3753
6.4834
6.6172
6.7541
6.8834
7.0197
7.2025
7.4474
7.7154
7.9123
7.9080
7.8914
7.5863
7.4452
7.3901
7.4643
7.5815
7.6415
7.6878
7.7582
7.8253
7.8874
7.9523
8.0118
8.0940
8.1371
8.1006
8.1319
8.3487
8.5762
8.7564
8.9599
9.1997
9.4308
9.5808
9.6642
9.5981
9.5108
9.4051
9.1885
9.0778
8.8563
8.7656
8.9219
9.2806
9.5801
9.8886
9.9694
10.1928
10.4984
10.6061
10.4352
10.4751
10.4592
10.2319
9.8141
9.5082
9.5500
9.4590
9.3687
9.3899
9.3803
9.3231
9.3335
9.3939
9.3858
9.2711
9.2242
9.3382
9.5755
9.6835
9.5559
9.2530
9.4067
9.4103
9.3672
8.6456
8.7889
9.0923
9.3032
9.2046
9.4003
8.9185
7.8836
7.3756
8.7914
8.5972
9.2972
9.2952
10.0134
13.1514
12.7813
14.0924
12.0325
12.1641
11.9815
11.1245
12.0084
14.9186
17.0459
17.8115
16.1309
15.8858
14.7112
18.3206
17.0542
14.8118
15.1036
13.3826
13.1362
12.3824
11.8676
11.4733
11.6820
11.6991
11.3873
11.0541
10.7265
10.9531
11.2377
10.8640
10.3150
9.8154
9.4355
8.9446
8.5854
8.4947
8.6529
8.7342
8.8051
8.8742
8.9587
9.0292
9.0172
8.9682
8.9483
8.6258
8.1338
7.5121
6.5179
6.1817
5.7331
5.6312
5.7030
5.9934
6.4003
6.7553
6.6041
7.0922
7.2069
7.8701
8.3862
8.5679
8.2117
7.7845
6.1319
8.0137
3.6500
5.9104
8.0817
9.0600
11.2591
10.1154
9.3989
7.8002
8.1126
6.5737
4.8946
7.1683
5.4255
4.9003
7.2152
9.0518
7.3229
6.1563
