-13.7710
-13.9310
-14.1147
-14.2610
-14.3832
-14.5169
-14.6091
-14.6979
-14.8187
-14.9381
-15.0985
-15.2507
-15.3978
-15.5234
-15.7250
-15.8997
-15.9570
-15.9222
-15.2985
-15.3006
-15.4857
-15.3613
-15.3074
-15.4796
-15.4487
-15.4516
-15.5197
-15.6236
-15.6489
-15.7163
-15.7301
-15.7996
-15.8724
-15.9122
-16.0549
-16.0973
-16.1128
-16.1110
-16.0502
-15.9537
-15.8387
-15.6981
-15.6340
-15.6069
-15.6956
-15.7771
-15.7909
-15.7842
-15.8534
-15.9678
-16.1883
-16.2801
-16.4349
-16.5912
-16.6744
-16.6932
-16.7051
-16.6815
-16.6937
-16.7113
-16.6910
-16.6523
-16.6983
-16.7761
-16.8058
-16.9323
-16.9470
-17.0088
-16.9713
-16.9229
-16.8702
-16.7744
-16.7345
-16.6605
-16.6226
-16.6366
-16.6540
-16.6655
-16.6700
-16.6799
-16.7091
-16.7499
-16.8037
-16.8630
-16.9478
-17.0331
-17.1089
-17.1485
-17.1837
-17.2488
-17.3208
-17.3347
-17.3334
-17.3298
-17.3227
-17.3310
-17.3527
-17.3718
-17.3904
-17.4084
-17.4238
-17.4326
-17.4453
-17.4462
-17.4435
-17.4341
-17.4184
-17.4170
-17.4090
-17.3877
-17.3699
-17.3556
-17.3484
-17.3457
-17.3547
-17.3762
-17.3789
-17.3386
-17.3043
-17.2392
-17.1731
-17.0983
-17.0255
-16.9471
-16.8654
-16.7983
-16.7483
-16.6843
-16.5863
-16.5281
-16.4846
-16.4570
-16.4391
-16.4250
-16.4064
-16.3930
-16.3979
-16.4129
-16.4282
-16.4405
-16.4486
-16.4495
-16.4466
-16.4478
-16.4603
-16.4838
-16.5169
-16.5771
-16.6693
-16.7503
-16.7978
-16.8378
-16.8778
-16.9102
-16.9460
-16.9888
-17.0341
-17.0747
-17.1147
-17.1849
-17.2260
-17.2205
-17.2000
-17.1781
-17.1530
-17.1374
-17.1280
-17.1188
-17.1137
-17.1087
-17.0963
-17.0798
-17.0669
-17.0460
-17.0050
-16.9757
-16.9610
-16.9343
-16.9194
-16.9084
-16.9002
-16.8908
-16.8801
-16.8725
-16.8738
-16.8935
-16.9134
-16.9247
-16.9317
-16.9251
-16.9061
-16.8853
-16.8642
-16.8405
-16.8145
-16.7892
-16.7582
-16.7282
-16.6976
-16.6583
-16.6173
-16.5824
-16.5676
-16.5607
-16.5524
-16.5395
-16.5173
-16.5005
-16.4833
-16.4343
-16.3692
-16.3140
-16.2740
-16.2579
-16.2129
-16.1754
-16.0751
-15.9382
-15.7360
-15.4744
-15.1502
-14.7866
-14.4234
-14.1039
-13.8379
-13.6240
-13.4539
-13.3435
-13.2507
-13.1972
-13.1430
-13.0697
-12.9863
-12.9165
-12.8856
-12.8618
-12.7999
-12.6799
-12.5583
-12.3140
-12.1093
-11.9999
-11.9307
-11.9618
-12.0186
-12.0800
-12.1482
-12.2571
-12.5868
-12.8546
-13.0681
-13.3050
-13.5012
-13.8218
-14.0835
-14.3539
-14.5801
-14.9292
-15.0626
-15.2724
-15.3916
-15.4664
-15.5274
-15.5459
-15.4640
-15.4030
-15.3770
-15.3424
-15.3145
-15.2838
-15.2412
-15.1900
-15.1500
-15.1326
-15.1066
-15.0549
-15.0195
-14.9908
-14.9948
-14.9433
-14.8786
-14.8206
-14.7753
-14.7104
-14.6781
-14.7089
-14.7519
-14.7241
-14.8268
-14.9088
-15.0830
-15.2803
-15.2594
-15.4136
-15.4531
-15.7752
-15.7503
-15.6268
-15.7515
-15.7794
-15.6810
-15.4458
-15.3329
-15.3536
-15.2466
-15.2208
-14.7716
-14.7746
-14.7893
-14.6089
-14.5861
-14.5644
-14.5353
-14.5451
-14.5645
-14.5431
-14.5013
-14.4607
-14.4313
-14.3802
-14.2939
-14.1967
-14.0976
-13.9635
-13.8696
-13.7891
-13.7122
-13.6709
-13.5725
-13.4569
-13.3510
-13.2891
-13.2405
-13.2166
-13.2225
-13.2615
-13.3232
-13.3658
-13.3759
-13.3549
-13.2055
-12.9562
-12.8846
-12.6361
-12.4864
-12.4900
-12.2530
-11.7689
-11.8117
-11.8272
-11.5396
-11.8389
-12.1106
-12.2191
-12.0844
-12.1666
-12.0292
-12.3481
-11.9934
-12.7213
-12.9800
-13.0585
-12.4568
-11.9947
-11.9035
-11.9257
-12.0472
-12.6718
-13.3737
-13.6534
-12.8316
-13.1413
-12.9403
-13.1845
-12.1287
-12.7241
-13.1622
