-5.5892
-6.4308
-7.2223
-8.0151
-8.8261
-9.4489
-9.9376
-10.4055
-10.6254
-10.7702
-10.4016
-9.7696
-8.9487
-8.2024
-6.9716
-5.8984
-6.8860
-6.6371
-8.8861
-9.1515
-8.4596
-8.2023
-9.7234
-8.7826
-9.3757
-9.1549
-8.2342
-7.9763
-7.9736
-6.8852
-5.7619
-5.2085
-4.2795
-4.1085
-4.3091
-4.2785
-4.3572
-4.7593
-4.8663
-4.4981
-4.1492
-3.7865
-3.6490
-3.7828
-5.0548
-4.7188
-4.2023
-4.2279
-4.9009
-4.4905
-3.1696
-2.6232
-3.4864
-4.3354
-4.8607
-5.7007
-6.4813
-6.3678
-6.5989
-6.1238
-5.5914
-5.6776
-5.4289
-5.2726
-5.6075
-5.8025
-6.1284
-6.2552
-6.5282
-6.3303
-6.1110
-6.5423
-6.6062
-6.6293
-6.5812
-6.3242
-6.2053
-5.8834
-5.6677
-5.2480
-4.9869
-4.7467
-4.3685
-3.8837
-3.3991
-3.0687
-2.7682
-2.4844
-2.2384
-2.0516
-1.9382
-1.9495
-1.9666
-1.9176
-1.8716
-1.7114
-1.5295
-1.4287
-1.3378
-1.3628
-1.5149
-1.6846
-1.8442
-1.9663
-2.1410
-2.3067
-2.4347
-2.6124
-2.8318
-3.0377
-3.2242
-3.3358
-3.3741
-3.4423
-3.4772
-3.3294
-3.2938
-3.3192
-3.2687
-3.3843
-3.3571
-3.3898
-3.4623
-3.4338
-3.3589
-3.2747
-3.1714
-3.0993
-3.0523
-2.9755
-2.9403
-2.9409
-2.9457
-2.9528
-2.9827
-3.1003
-3.2736
-3.4415
-3.5769
-3.6886
-3.7698
-3.7768
-3.7451
-3.7242
-3.7185
-3.7138
-3.7256
-3.7720
-3.8450
-3.8914
-3.9421
-3.9971
-4.0657
-4.1243
-4.1437
-4.1732
-4.2145
-4.2225
-4.2376
-4.1724
-4.1921
-4.2957
-4.3033
-4.3063
-4.3012
-4.3047
-4.3332
-4.4103
-4.5214
-4.6932
-4.8515
-4.9650
-5.0494
-5.1056
-5.1136
-5.0956
-5.1115
-5.1233
-5.0963
-5.0521
-4.9996
-4.9797
-5.0233
-5.0552
-5.0189
-4.9869
-4.9953
-5.0155
-5.0653
-5.0801
-5.0572
-5.0239
-4.9900
-4.9837
-4.9990
-5.0847
-5.2686
-5.4201
-5.5164
-5.6232
-5.7511
-5.8738
-5.9267
-5.9660
-6.0301
-6.1016
-6.1725
-6.2465
-6.3661
-6.5368
-6.7280
-6.8670
-6.8409
-6.8063
-6.4990
-6.3304
-6.2038
-6.1756
-6.1451
-6.0861
-6.0867
-6.1709
-6.2542
-6.3770
-6.5421
-6.7307
-6.9357
-7.1268
-7.2529
-7.4468
-7.7351
-7.9587
-8.0962
-8.2507
-8.4420
-8.6121
-8.6696
-8.6377
-8.4938
-8.3461
-8.2287
-8.0544
-8.0187
-7.8647
-7.8859
-8.0843
-8.4367
-8.7178
-9.0347
-9.0685
-9.3285
-9.5748
-9.6189
-9.4155
-9.3967
-9.4119
-9.2125
-8.8410
-8.5115
-8.4803
-8.3251
-8.1353
-8.1512
-8.1189
-7.9197
-7.8203
-7.8379
-7.7216
-7.4934
-7.3203
-7.3428
-7.4971
-7.5747
-7.4185
-7.0359
-7.2319
-7.0988
-7.1869
-6.5170
-6.7320
-7.0508
-7.0790
-6.8103
-7.0745
-7.0882
-6.5357
-6.3094
-8.3308
-8.3897
-9.2863
-9.2574
-9.9482
-13.0998
-12.7737
-13.9700
-9.5831
-9.6377
-10.5024
-9.9905
-10.7314
-14.2643
-16.6779
-17.3667
-16.1287
-15.8142
-14.6300
-18.2977
-16.9994
-14.6811
-15.0230
-13.0645
-12.8698
-12.3614
-11.8625
-11.4727
-11.6718
-11.6960
-11.3761
-11.0320
-10.7206
-10.9452
-11.2370
-10.8592
-10.3064
-9.8041
-9.4238
-8.9253
-8.5728
-8.4824
-8.6385
-8.7179
-8.7850
-8.8477
-8.9297
-9.0004
-8.9950
-8.9542
-8.9449
-8.6254
-8.1332
-7.4961
-6.4918
-6.1716
-5.6329
-5.4556
-5.2704
-5.3799
-5.7177
-6.0019
-6.0720
-6.5526
-6.8187
-7.7633
-8.3407
-8.5449
-8.2088
-7.6496
-5.7165
-5.3142
-2.8661
-4.1382
-5.6980
-8.3564
-10.4679
-8.5064
-6.8362
-7.1517
-7.0230
-4.8376
-4.3853
-5.8906
-4.3204
-2.8102
-1.8935
-5.2661
-3.7790
-2.5442
