-2.9670
-3.0595
-3.1341
-3.2868
-3.2844
-2.9812
-2.6002
-2.4552
-2.4357
-2.3762
-2.5120
-2.9742
-3.9628
-4.8452
-6.4917
-8.1062
-8.3686
-8.1819
-5.7131
-4.6236
-4.8337
-4.6049
-3.7618
-3.1561
-3.1578
-2.8630
-3.4412
-3.7863
-4.3692
-4.6539
-5.2186
-6.3857
-7.3752
-7.5748
-8.2503
-8.2701
-8.3066
-8.7122
-9.1305
-9.5053
-9.8117
-9.8512
-10.3943
-11.0426
-11.0476
-11.1583
-11.1657
-11.8222
-12.3135
-13.2485
-12.8871
-12.3482
-12.5045
-11.7828
-11.9527
-12.1668
-12.3276
-12.0230
-11.9782
-12.0661
-12.2142
-12.2362
-11.9889
-11.7056
-12.2754
-11.9900
-11.4556
-11.0844
-10.6432
-10.7015
-10.5672
-9.9764
-9.4420
-9.0666
-8.6807
-8.4974
-8.2861
-7.7265
-7.5361
-7.7371
-7.9611
-7.9624
-8.0139
-7.9303
-7.8650
-7.6876
-7.5145
-7.3595
-7.3381
-7.3322
-7.2984
-7.1248
-6.7973
-6.5274
-6.4732
-6.6188
-6.8470
-7.0486
-7.2607
-7.4795
-7.6517
-7.7130
-7.7341
-7.7318
-7.6515
-7.5456
-7.4771
-7.3598
-7.2369
-7.1681
-7.1162
-7.1813
-7.3475
-7.4402
-7.4951
-7.6631
-7.5071
-7.4428
-7.0698
-6.6281
-6.2110
-5.9008
-5.5754
-5.2720
-5.0848
-5.0296
-5.0811
-5.1702
-5.2280
-5.2403
-5.2443
-5.2867
-5.3250
-5.3458
-5.3533
-5.2408
-4.9844
-4.6295
-4.3045
-4.0863
-3.9201
-3.7546
-3.5972
-3.4719
-3.4158
-3.3907
-3.3481
-3.2594
-3.1152
-2.9680
-2.8807
-2.8057
-2.6577
-2.4547
-2.2420
-2.0481
-1.8167
-1.6473
-1.4365
-1.2346
-1.0163
-0.7911
-0.6028
-0.4939
-0.5231
-0.6143
-0.6723
-0.6423
-0.6056
-0.5572
-0.4598
-0.2791
-0.0620
0.2802
0.5359
0.7796
0.9981
1.1519
1.2379
1.2394
1.1699
1.0461
0.9726
0.9693
0.9674
1.0691
1.3003
1.5263
1.7480
1.9448
2.0058
1.9985
2.0266
2.0441
2.0636
2.1195
2.0855
2.0716
2.0675
2.0643
2.0907
2.1829
2.3494
2.5380
2.7250
2.8962
3.0466
3.2026
3.3688
3.5685
3.7764
3.9306
3.9672
3.9935
3.9134
3.9188
4.0158
4.1926
4.4404
4.6208
4.6963
4.7021
4.7033
4.6416
4.5211
4.3459
4.1723
3.9270
3.6076
3.2670
3.1414
3.1954
3.3355
3.4939
3.6560
3.8434
4.0780
4.3344
4.4697
4.5604
4.5547
4.4222
4.2552
4.0720
3.8273
3.7741
3.8669
3.9723
4.0196
4.1414
4.1078
4.3058
4.4684
4.4989
4.6292
4.5618
4.4521
4.2607
4.2379
4.3916
4.4906
4.6464
4.6613
4.6982
4.9194
5.0949
5.1781
5.3357
5.4591
5.6124
5.7694
5.9568
6.0327
6.0233
6.0095
6.0156
6.1775
6.0078
5.6811
5.6502
5.7407
6.0364
6.1922
6.1902
5.4126
4.4085
3.8197
2.8083
1.8775
0.4495
-0.8372
-1.1410
-1.1633
-0.4392
-1.8533
-7.2763
-7.4216
-5.7667
-4.8933
-5.3888
-4.3697
-3.5228
-3.9560
-0.2696
-1.5065
1.5440
0.9162
1.3655
1.9630
1.5580
2.9005
2.6321
0.7208
-0.3481
0.1131
-0.4886
-0.2727
-0.5047
-0.6979
-0.3550
-0.4158
0.1269
0.3218
0.4223
0.4721
0.4698
0.5867
0.4643
0.4575
0.4986
0.5327
0.5945
0.6859
0.7207
0.7214
0.6324
0.5025
0.2471
0.0880
0.1037
-0.4891
-0.5831
-0.3543
-1.0672
-1.3953
-2.1788
-2.6415
-2.8761
-3.1003
-2.5971
-2.7135
-2.3333
-1.2921
-0.8719
-0.6271
-0.2183
-1.4428
-2.2185
-5.9983
-2.2600
-4.2201
-5.7313
-3.5005
-4.1461
-5.4738
-6.4503
-3.1140
-4.0611
-4.4510
-2.1742
-4.0848
-3.2818
-4.0144
-6.9623
-7.3623
-6.2725
-5.6060
