2.6070
2.7770
2.9800
3.0240
3.0680
3.2070
3.3010
3.2420
3.2320
3.2590
3.3010
3.3170
3.3730
3.3860
3.3730
3.4370
3.4630
3.4880
3.5310
3.5660
3.5830
3.3940
3.0040
2.7880
2.6870
2.7340
2.9650
3.0380
3.0960
3.1910
3.2280
3.2860
3.2510
3.1520
3.0790
3.0260
3.0010
2.9510
2.8290
2.7190
2.6730
2.6850
2.7360
2.7820
2.7830
2.6120
2.4300
1.9350
1.5200
2.5400
4.5070
3.6440
2.7910
2.8050
3.1400
3.5320
4.1120
3.6230
2.9970
3.1270
3.3500
3.4710
3.9750
4.1640
4.5260
4.7940
4.8970
4.8380
5.1510
5.3730
5.5980
6.0310
6.1520
6.1180
6.1150
6.1070
5.9990
5.9960
6.0310
6.1040
6.1220
6.2540
6.2910
6.3560
6.5070
6.5560
6.5690
6.5460
6.5220
6.4350
6.3390
6.3420
6.3430
6.4030
6.3980
6.3440
6.3550
6.4480
6.3670
6.2860
6.3490
6.3190
6.2760
6.2500
6.1170
6.0250
6.0080
5.9280
5.9070
5.7970
5.6470
5.5120
5.4500
5.2030
4.7480
4.4900
4.3180
3.6910
3.1310
2.8670
2.7480
2.6970
2.7560
2.6820
2.5410
2.4890
2.3880
2.3280
2.2780
2.1740
2.0870
1.9710
1.9390
2.0230
2.1860
2.3630
2.5930
2.8120
3.0140
3.1910
3.2800
3.3920
3.5660
3.7500
3.9540
4.1890
4.5450
4.9740
5.3090
5.6110
5.9970
6.2010
6.3310
6.3360
6.2680
6.1450
6.0080
5.8930
5.7860
5.7390
5.7170
5.7940
5.7060
5.7520
5.8290
5.8360
5.8340
5.8710
5.9510
6.0330
6.1060
6.1160
6.1930
6.1950
6.2230
6.2130
6.0530
5.8660
5.7560
5.7660
5.8670
5.8980
5.9070
5.8750
5.8830
5.8590
5.8240
5.7660
5.6700
5.6200
5.6210
5.5880
5.5420
5.4790
5.4600
5.4420
5.4070
5.4120
5.3740
5.3460
5.3030
5.2570
5.2140
5.1770
5.1200
5.1000
5.1010
5.1550
5.1580
5.0330
4.7410
4.4360
4.0080
3.6790
3.6250
3.5540
3.4570
3.3890
3.3620
3.2490
3.2150
3.1740
3.1420
3.1860
3.3040
3.4450
3.5730
3.7290
3.9240
4.1770
4.4300
4.6350
4.8680
5.0870
5.3040
5.4900
5.6280
5.7320
5.8190
5.8970
5.9430
5.9490
5.9860
6.0400
6.0400
6.0460
6.0540
6.0240
5.9770
5.9290
5.9680
5.9150
5.9220
5.7780
5.7530
5.6990
5.6440
5.4520
5.4050
5.3400
5.2540
5.2160
5.1220
5.2230
5.1510
5.0970
5.1590
5.1620
5.0960
5.0410
5.0370
5.0560
4.9800
5.0120
4.9690
4.9470
4.9870
5.0520
5.1190
5.0580
5.0550
5.0880
5.0870
5.0210
4.9360
4.9600
5.0260
5.0110
4.9390
4.8700
4.9120
4.9150
4.7980
4.8140
4.8840
4.9270
4.8660
4.8230
4.8220
4.7970
4.7780
4.7450
4.6780
4.6670
4.6010
4.4780
4.3490
4.1870
4.1350
4.0620
4.0640
4.0160
3.9880
3.9460
3.8670
3.8340
3.9290
4.0400
4.2360
4.3970
4.5080
4.7170
4.9200
5.0620
5.1840
5.2800
5.3440
5.4400
5.5850
5.7100
5.8080
5.8710
5.9600
6.0090
6.0720
6.1540
6.2380
6.2610
6.2490
6.2310
6.2280
6.1340
6.2100
6.1910
6.0700
6.0370
5.9930
5.9170
5.9150
5.8790
5.8120
5.8620
5.7770
5.7470
5.8520
5.6140
5.5390
5.4600
5.5310
5.3480
5.3670
5.3400
5.3230
5.1600
4.9100
5.1500
5.1160
5.0930
4.7760
5.0960
5.0530
5.1280
4.9520
5.0890
5.1160
4.9770
5.1470
