447.1300
468.1800
481.5600
461.4700
502.2900
499.3000
517.6500
504.6300
519.1200
521.4300
513.1300
532.4400
531.9000
518.6900
530.9000
546.8100
557.5800
563.1700
569.9600
556.5500
557.0000
560.2300
574.4600
580.7000
579.1000
569.6900
565.4000
571.8900
585.3800
587.8100
587.9200
582.8700
580.8400
581.7400
584.9100
590.3600
592.1500
587.8300
584.2900
571.9100
562.0600
558.3500
550.1900
548.0600
541.7400
531.6200
524.0900
511.6100
519.2000
519.7300
522.5500
514.7800
497.9600
490.6800
486.2400
478.0900
475.9000
476.3400
467.1700
467.1600
468.8200
470.1100
469.4700
471.2300
465.8100
482.0300
482.9800
491.0700
502.5500
515.4300
528.1600
535.5800
549.2500
565.0700
559.8400
569.1500
598.1800
605.9500
608.4600
614.3200
616.6700
623.9800
641.5400
656.5700
652.4400
658.7900
667.4500
651.8700
636.2900
635.5200
636.3000
636.8500
639.2800
631.7500
623.2100
616.3000
617.3900
613.8000
621.0200
625.6700
614.1100
615.7600
618.0900
614.4300
618.1000
618.2000
615.2600
621.6800
619.8100
625.8300
632.2700
666.2300
687.1300
696.0200
701.9400
693.0600
696.3700
709.9600
733.0800
738.1500
730.7700
737.0900
737.7800
736.5400
747.8700
754.3100
755.3900
750.9000
743.1200
744.0700
745.3900
750.2900
747.7500
743.0000
744.8900
729.2000
717.4200
710.2000
703.7300
704.5000
697.2500
687.5200
674.9000
666.8200
663.6500
661.0500
652.8100
639.1500
620.9300
614.0500
607.2200
609.7900
601.9100
597.1500
587.6900
583.5100
588.2900
591.7000
591.4100
617.6300
622.5000
633.1000
653.6400
661.4900
666.2200
698.7400
715.4000
715.4800
733.8400
744.2000
753.6900
758.2500
771.3700
777.4600
787.2700
794.2900
806.0800
822.3700
828.3100
830.4600
836.8900
846.8900
855.1800
830.9200
807.8300
803.8900
804.5100
813.6500
813.7800
802.5000
783.2900
774.4400
775.0100
772.6400
774.8500
784.6300
786.5000
785.2500
785.5800
786.2800
787.8500
790.9000
797.0400
794.3200
793.2300
798.7900
797.0500
827.8200
857.7100
867.6000
873.7200
871.8300
880.9300
899.0400
921.2600
932.4200
934.3300
936.5400
936.8400
936.3700
945.3100
952.0900
956.3900
956.7400
957.0000
959.2700
959.8300
965.6400
965.6300
965.0400
964.9700
938.4600
914.5300
905.1200
898.5700
898.8200
890.2100
875.3700
854.3500
842.7300
837.6100
832.6100
828.6300
824.1200
812.3500
805.2900
791.5100
787.3800
781.1900
776.7700
762.8300
757.0800
749.7900
753.9900
751.5000
773.4200
795.9200
810.3200
820.1900
824.9200
841.6400
859.5100
899.9200
901.5400
920.0800
944.0000
949.3600
950.0200
968.6300
979.9000
988.7800
993.8700
999.4100
1002.4000
1006.1000
1015.4000
1019.9000
1021.2000
1023.2000
989.2000
955.5100
943.1600
933.7800
937.1200
927.8900
905.0300
871.1300
854.7800
850.8900
846.1900
842.6400
854.4000
855.5700
854.9600
856.3600
859.4300
867.3400
873.0800
881.3000
880.2300
882.3500
886.1900
888.3400
928.3100
961.1700
972.9900
977.2500
973.7400
984.4900
1002.7000
1029.8000
1044.9000
1044.3000
1050.2000
1052.1000
1046.1000
1048.9000
1050.9000
1049.3000
1044.8000
1042.4000
1036.3000
1028.8000
1030.1000
1032.0000
1029.8000
1033.0000
1005.3000
981.0500
971.8100
966.1600
967.7700
960.0300
946.2900
922.1900
907.0800
897.8600
887.3200
877.9100
876.3000
868.8700
864.9400
856.7600
845.7300
854.8800
838.9100
841.6000
838.2700
829.0700
828.6900
829.2100
842.2400
864.3200
866.9700
869.1700
875.9000
890.8300
896.8000
908.4500
928.2400
925.5500
942.0700
938.9600
946.8300
988.8700
972.7200
975.3100
985.9700
1012.4000
990.5300
994.3200
990.1500
1011.5000
999.5200
999.3600
967.4900
918.8600
