3.3367
3.6057
3.9290
3.9987
4.0680
4.2879
4.4377
4.3443
4.3289
4.3718
4.4371
4.4626
4.5517
4.5733
4.5513
4.6533
4.6942
4.7342
4.8021
4.8579
4.8846
4.5856
3.9659
3.6231
3.4629
3.5376
3.9046
4.0200
4.1122
4.2629
4.3227
4.4145
4.3579
4.2007
4.0860
4.0013
3.9615
3.8829
3.6881
3.5141
3.4406
3.4604
3.5411
3.6149
3.6158
3.3441
3.0563
2.2702
1.6123
3.2295
6.3515
4.9823
3.6281
3.6511
4.1829
4.8038
5.7242
4.9489
3.9558
4.1615
4.5158
4.7080
5.5077
5.8068
6.3814
6.8061
6.9701
6.8768
7.3727
7.7256
8.0832
8.7703
8.9620
8.9078
8.9035
8.8909
8.7197
8.7141
8.7701
8.8860
8.9134
9.1239
9.1830
9.2852
9.5255
9.6024
9.6231
9.5866
9.5482
9.4109
9.2582
9.2633
9.2643
9.3597
9.3521
9.2672
9.2845
9.4318
9.3035
9.1736
9.2738
9.2265
9.1592
9.1178
8.9064
8.7603
8.7340
8.6066
8.5732
8.3985
8.1601
7.9458
7.8474
7.4566
6.7342
6.3246
6.0522
5.0574
4.1688
3.7498
3.5601
3.4795
3.5728
3.4561
3.2317
3.1486
2.9898
2.8937
2.8142
2.6497
2.5111
2.3270
2.2770
2.4100
2.6691
2.9495
3.3139
3.6624
3.9827
4.2639
4.4049
4.5827
4.8585
5.1503
5.4737
5.8462
6.4120
7.0931
7.6245
8.1029
8.7156
9.0402
9.2464
9.2535
9.1451
8.9511
8.7334
8.5507
8.3816
8.3064
8.2710
8.3944
8.2540
8.3264
8.4487
8.4602
8.4573
8.5155
8.6424
8.7730
8.8893
8.9042
9.0270
9.0293
9.0737
9.0586
8.8041
8.5086
8.3331
8.3487
8.5101
8.5582
8.5735
8.5225
8.5351
8.4962
8.4419
8.3490
8.1970
8.1175
8.1185
8.0672
7.9938
7.8944
7.8638
7.8351
7.7803
7.7868
7.7266
7.6830
7.6149
7.5415
7.4727
7.4143
7.3243
7.2918
7.2935
7.3790
7.3846
7.1865
6.7235
6.2392
5.5592
5.0382
4.9520
4.8400
4.6858
4.5772
4.5352
4.3549
4.3014
4.2367
4.1848
4.2557
4.4419
4.6663
4.8697
5.1165
5.4261
5.8281
6.2285
6.5551
6.9239
7.2723
7.6167
7.9116
8.1304
8.2949
8.4336
8.5568
8.6303
8.6398
8.6988
8.7845
8.7837
8.7941
8.8060
8.7583
8.6845
8.6075
8.6702
8.5861
8.5968
8.3687
8.3284
8.2432
8.1563
7.8514
7.7764
7.6729
7.5366
7.4771
7.3281
7.4875
7.3740
7.2876
7.3860
7.3906
7.2856
7.1994
7.1928
7.2229
7.1022
7.1531
7.0843
7.0493
7.1134
7.2166
7.3227
7.2254
7.2210
7.2741
7.2722
7.1666
7.0322
7.0698
7.1756
7.1508
7.0377
6.9269
6.9939
6.9983
6.8135
6.8392
6.9492
7.0183
6.9208
6.8527
6.8519
6.8122
6.7821
6.7288
6.6229
6.6055
6.5013
6.3050
6.1008
5.8439
5.7615
5.6454
5.6487
5.5728
5.5285
5.4608
5.3361
5.2842
5.4347
5.6098
5.9222
6.1772
6.3523
6.6854
7.0069
7.2322
7.4251
7.5782
7.6797
7.8327
8.0628
8.2606
8.4153
8.5162
8.6574
8.7348
8.8353
8.9648
9.0976
9.1353
9.1162
9.0865
9.0824
8.9331
9.0543
9.0235
8.8315
8.7786
8.7089
8.5894
8.5860
8.5288
8.4225
8.5009
8.3663
8.3194
8.4860
8.1083
7.9883
7.8643
7.9761
7.6861
7.7161
7.6732
7.6458
7.3875
6.9902
7.3713
7.3180
7.2813
6.7787
7.2854
7.2179
7.3370
7.0572
7.2747
7.3185
7.0974
7.3665
