2.8879
2.8503
2.8295
2.8276
2.8411
2.8632
2.9187
3.0100
3.0889
3.1307
3.1290
3.1243
3.1345
3.1668
3.2082
3.2264
3.2432
3.2477
3.2418
3.2688
3.2882
3.1032
2.8684
2.9742
3.2909
3.7510
4.2680
4.6361
4.9925
5.3061
5.5848
5.8877
6.1254
6.3791
6.6209
6.8433
7.0353
7.1929
7.3320
7.4544
7.5598
7.6507
7.7306
7.8042
7.8781
7.9455
7.9627
7.8528
7.1818
6.6643
6.0678
6.5749
6.8737
6.8598
6.8391
6.9822
6.7521
6.9828
7.4151
7.1707
6.8603
6.7537
6.8254
6.7553
6.3442
6.1254
6.0307
5.5808
4.9065
4.5576
4.2677
4.2873
4.1551
3.9014
3.6455
3.3300
3.0267
2.9375
2.9279
2.9280
2.9217
2.8316
2.7313
2.7082
2.6773
2.5000
2.3074
2.1398
1.9230
1.6563
1.4840
1.3851
1.3286
1.3165
1.2725
1.2790
1.3536
1.4191
1.4430
1.4992
1.5821
1.6734
1.7804
1.8722
1.9606
2.0418
2.1156
2.2051
2.2581
2.2439
2.2126
2.1531
2.0786
1.8982
1.5522
1.3853
1.3612
1.2742
1.4506
1.7613
2.1372
2.6439
3.0771
3.4162
3.8217
4.2594
4.5885
4.9198
5.2480
5.5072
5.7176
5.8795
5.9571
5.9773
5.9437
5.8769
5.7940
5.6960
5.6358
5.6099
5.5884
5.5748
5.6135
5.7088
5.7471
5.7142
5.8892
6.0910
6.1347
6.0282
5.8700
5.6203
5.4535
5.3011
5.1495
5.0169
4.8441
4.6870
4.4253
4.0841
3.7022
3.3118
2.8928
2.4868
2.0960
1.7231
1.4601
1.2875
1.0636
1.0020
0.9174
0.7799
0.7232
0.6773
0.6108
0.5429
0.4201
0.2545
0.1428
0.1086
0.1000
0.0730
0.0464
0.0040
-0.0425
-0.0712
-0.1003
-0.1667
-0.2282
-0.2783
-0.3313
-0.3796
-0.4117
-0.4278
-0.4488
-0.4734
-0.5064
-0.5337
-0.5626
-0.6031
-0.6545
-0.7133
-0.7618
-0.7975
-0.8318
-0.8674
-0.8842
-0.9010
-0.9571
-1.0665
-1.1237
-1.1220
-1.1217
-1.0622
-0.8220
-0.5044
-0.1801
0.2169
0.5602
0.8485
1.1108
1.3656
1.5317
1.6213
1.6551
1.5953
1.5162
1.5235
1.6128
1.6849
1.7208
1.7628
1.8087
1.8300
1.8322
1.8517
1.8988
1.9403
1.9509
1.9365
1.9202
1.9109
1.8698
1.8081
1.7528
1.6923
1.6258
1.5474
1.4466
1.3310
1.2435
1.1588
1.0814
1.0291
1.0261
0.9506
0.9318
0.8424
0.7046
0.5387
0.3535
0.1428
-0.0748
-0.2597
-0.4168
-0.5450
-0.6432
-0.7290
-0.8119
-0.8801
-0.9300
-0.9667
-0.9937
-1.0098
-1.0138
-1.0094
-1.0069
-1.0112
-1.0297
-1.0685
-1.1250
-1.1750
-1.1957
-1.2165
-1.2058
-1.1799
-1.1576
-1.1457
-1.1406
-1.1284
-1.0929
-1.0603
-1.0238
-0.9918
-0.9693
-0.9546
-0.9429
-0.9283
-0.9098
-0.8876
-0.8692
-0.8548
-0.8465
-0.8592
-0.8733
-0.8793
-0.8570
-0.7986
-0.7179
-0.6324
-0.5376
-0.4481
-0.3616
-0.2808
-0.2054
-0.1194
-0.0422
0.0169
0.0404
0.1078
0.2008
0.2732
0.3319
0.4051
0.4646
0.5356
0.5998
0.6536
0.6981
0.7411
0.7770
0.7981
0.8073
0.8136
0.8173
0.8131
0.7791
0.7347
0.6997
0.6711
0.6342
0.5607
0.4623
0.4151
0.4052
0.4054
0.3942
0.3638
0.3184
0.2600
0.2160
0.2266
0.1897
0.1630
0.0770
-0.0210
-0.1308
-0.2354
-0.3448
-0.4478
-0.5221
-0.5684
-0.6040
-0.6293
-0.6487
-0.6717
-0.6861
-0.6958
-0.6980
-0.7081
-0.7356
-0.7700
-0.8042
-0.8351
-0.8653
-0.8999
-0.9281
