1.1021
1.2291
1.3863
1.5784
1.6871
1.9673
2.1789
2.0532
2.1030
2.2034
2.2878
2.3863
2.4758
2.5556
2.5294
2.5954
2.6134
2.6888
2.8520
3.0479
3.2095
3.1393
2.8759
2.7391
2.6742
2.7456
3.0340
3.1841
3.3170
3.5022
3.5861
3.7524
3.8052
3.7173
3.6694
3.6452
3.6600
3.6146
3.4181
3.2256
3.1400
3.1860
3.2948
3.3977
3.3946
3.1077
2.7722
1.8550
-0.2627
-2.4581
-5.3643
-3.8005
-2.5357
-2.8308
-3.3344
-3.7340
-4.1046
-3.2539
-2.0345
-1.8465
-2.3593
-2.9616
-3.7929
-3.9968
-4.6789
-4.3290
-2.8081
-2.4690
-2.7015
-2.3101
-2.0630
-2.2145
-2.2540
-2.1495
-2.1655
-1.8771
-1.4614
-1.4839
-1.6169
-1.5828
-1.5177
-1.3268
-1.1006
-0.9617
-1.0726
-1.0310
-0.8747
-0.6548
-0.4332
-0.3053
-0.1944
-0.0527
0.1208
0.3454
0.5830
0.6726
0.7681
0.9300
1.1279
1.2998
1.5454
1.7166
1.8033
1.8644
1.8422
1.8821
1.9378
1.8741
1.8130
1.7653
1.7739
1.7661
1.7530
1.6381
1.4339
1.3016
1.2315
1.0453
0.8138
0.6601
0.5865
0.7033
0.8168
0.7657
0.7245
0.7689
0.7290
0.5613
0.3970
0.1368
-0.1718
-0.5337
-0.9751
-1.4938
-2.0382
-2.4787
-2.9253
-3.3373
-3.7001
-4.0174
-4.2090
-4.4286
-4.7242
-5.0421
-5.3564
-5.6883
-6.1566
-6.6866
-7.0140
-7.3232
-7.8175
-8.0029
-7.9563
-7.7228
-7.4107
-6.9956
-6.5683
-6.0891
-5.6624
-5.2383
-5.0139
-4.8490
-4.4605
-4.2482
-4.1668
-3.7708
-3.6803
-3.7244
-3.5537
-3.6116
-3.5973
-3.5287
-3.4548
-3.3570
-3.1488
-2.9301
-2.6009
-2.3406
-2.4084
-2.6352
-2.5466
-2.4886
-2.4353
-2.3733
-2.3968
-2.4277
-2.4391
-2.3426
-2.3598
-2.2920
-2.1720
-2.1967
-2.2618
-2.2930
-2.2487
-2.2616
-2.3050
-2.3800
-2.4192
-2.4774
-2.5187
-2.5942
-2.6779
-2.7925
-2.8424
-2.8946
-3.0503
-3.3095
-3.5148
-3.5962
-3.4300
-3.1646
-2.7790
-2.5214
-2.4387
-2.3800
-2.3279
-2.3243
-2.3867
-2.4038
-2.5562
-2.7709
-3.0557
-3.4287
-3.8614
-4.2806
-4.6042
-4.8958
-5.2007
-5.5847
-5.9790
-6.2882
-6.6375
-6.9661
-7.2932
-7.5673
-7.7582
-7.8949
-8.0199
-8.1242
-8.1702
-8.1585
-8.1783
-8.2275
-8.1903
-8.1506
-8.1079
-8.0291
-7.9597
-7.8881
-7.8978
-7.7898
-7.7494
-7.4826
-7.3144
-7.1341
-6.9045
-6.4640
-6.2282
-5.9234
-5.7479
-5.6553
-5.4513
-5.4025
-5.3307
-5.2699
-5.3080
-5.2853
-5.1958
-5.1344
-5.1210
-5.1622
-5.0915
-5.1014
-5.1182
-5.1375
-5.1590
-5.1604
-5.1729
-5.1134
-5.1159
-5.1571
-5.1426
-5.0285
-4.9686
-4.9994
-5.0938
-5.0941
-5.0597
-5.0319
-5.1080
-5.1435
-5.0612
-5.1111
-5.2121
-5.2966
-5.2841
-5.2930
-5.3160
-5.3275
-5.3334
-5.3108
-5.2840
-5.2703
-5.1642
-5.0659
-4.9607
-4.7779
-4.7174
-4.6785
-4.7014
-4.7036
-4.7366
-4.7523
-4.7636
-4.8230
-5.0588
-5.3214
-5.7050
-5.9781
-6.1623
-6.4717
-6.7905
-7.0020
-7.1706
-7.3091
-7.4153
-7.5865
-7.8169
-8.0253
-8.2044
-8.3177
-8.4682
-8.5515
-8.6422
-8.7609
-8.8680
-8.8762
-8.8337
-8.7773
-8.7601
-8.6318
-8.7330
-8.6604
-8.4941
-8.3835
-8.2790
-8.1437
-8.1209
-8.0642
-7.8652
-7.7945
-7.6622
-7.4628
-7.4449
-7.0548
-6.7701
-6.6044
-6.6314
-6.3910
-6.4115
-6.3631
-6.4019
-6.2478
-5.9253
-6.2209
-6.2194
-6.1603
-5.7133
-5.9736
-5.8102
-5.9469
-5.6268
-5.7260
-5.6888
-5.4259
-5.6212
