3.1495
3.3897
3.6763
3.6740
3.7016
3.8099
3.8659
3.8285
3.7837
3.7759
3.8018
3.7710
3.8194
3.7926
3.7838
3.8622
3.8994
3.8966
3.8634
3.7828
3.6821
3.3425
2.7309
2.3715
2.2000
2.2307
2.4578
2.4540
2.4305
2.4304
2.4136
2.3254
2.1241
1.9565
1.7975
1.6501
1.5159
1.4183
1.3851
1.3945
1.4063
1.3504
1.2977
1.2341
1.2452
1.2350
1.2866
1.3086
1.5907
2.0946
3.4009
3.2217
2.5949
2.3059
2.5255
3.0222
3.9898
3.7288
3.3925
3.7294
3.8505
3.6597
3.9935
4.2125
4.3394
5.2520
6.3795
6.4183
6.8599
7.3721
7.8155
8.4862
8.6739
8.6445
8.6361
8.6905
8.5964
8.5868
8.6198
8.7439
8.7832
9.0269
9.1168
9.2353
9.4649
9.5469
9.5832
9.5642
9.5383
9.4060
9.2562
9.2631
9.2635
9.3533
9.3339
9.2428
9.2526
9.3858
9.2349
9.0811
9.1442
9.0654
8.9800
8.9251
8.7138
8.5557
8.5163
8.4000
8.3793
8.2109
7.9649
7.7470
7.6491
7.2745
6.5798
6.1892
5.9255
4.9482
4.0886
3.6912
3.5115
3.4076
3.4782
3.3703
3.1494
3.0533
2.8996
2.8387
2.7861
2.6461
2.5053
2.2650
2.0577
1.8911
1.7233
1.5987
1.5572
1.5085
1.4734
1.4287
1.2990
1.1785
1.1344
1.0501
1.1275
1.3495
1.7917
2.3668
2.9896
3.4679
3.8533
4.2046
4.7111
5.0976
5.3586
5.5842
5.7558
6.0032
6.1797
6.4465
6.5780
6.8522
6.9449
7.1612
7.3497
7.5733
7.6145
7.6578
7.8780
7.9951
8.1289
8.1752
8.3397
8.3821
8.5098
8.5716
8.4112
8.1804
7.9774
7.9219
8.1202
8.1883
8.2203
8.1854
8.1917
8.1420
8.0818
8.0136
7.8500
7.7873
7.8225
7.7624
7.6671
7.5541
7.5355
7.5016
7.4310
7.4142
7.3381
7.2726
7.1863
7.0812
6.9764
6.8683
6.7503
6.6926
6.6250
6.5952
6.4944
6.2220
5.7828
5.3771
4.8147
4.3619
4.3099
4.2145
4.0667
3.9431
3.8564
3.6314
3.4594
3.2049
2.8592
2.5210
2.1954
1.8577
1.5860
1.4864
1.5478
1.6665
1.7451
1.8513
1.9706
2.0880
2.1960
2.3085
2.4317
2.5446
2.6088
2.6863
2.7804
2.8433
2.9637
3.0783
3.1737
3.3022
3.4362
3.4986
3.4733
3.4446
3.5773
3.6113
3.7216
3.7480
3.9827
4.1299
4.3420
4.4566
4.6563
4.8771
4.8746
4.8913
4.8973
5.1841
5.0951
5.0335
5.1359
5.1658
5.1073
5.0467
5.0509
5.0519
4.9514
5.0142
4.8980
4.8269
4.8975
5.0448
5.1830
5.1048
5.0961
5.1300
5.1419
5.1062
4.9764
4.9988
5.0540
5.0183
4.8917
4.7605
4.7773
4.7455
4.5617
4.5444
4.5963
4.6046
4.4694
4.3525
4.3231
4.2455
4.1895
4.1319
3.9927
3.9820
3.9494
3.7537
3.5512
3.3650
3.3077
3.1593
3.1312
2.9888
2.8510
2.6899
2.4045
2.1593
1.9861
1.7755
1.5891
1.5556
1.5421
1.6770
1.7280
1.8101
1.9273
2.0014
1.9977
1.9483
1.9759
1.9577
1.8724
1.8282
1.8002
1.7800
1.8371
1.9013
2.0310
2.1606
2.2519
2.3502
2.3981
2.3003
2.3905
2.5342
2.4178
2.6040
2.7024
2.7311
2.7875
2.7766
3.0129
3.3929
3.3594
3.6770
4.0726
3.9967
4.2402
4.2696
4.4321
4.2697
4.2932
4.2883
4.1801
3.9421
3.7086
3.9542
3.8563
3.8817
3.6482
4.1706
4.2825
4.2972
4.2594
4.4872
4.6040
4.5753
4.7611
