2.9090
2.9150
2.9280
2.9950
3.0300
3.0640
3.1530
3.4070
3.6300
3.7480
3.7830
3.8380
3.9090
3.9810
4.1030
4.1820
4.0720
3.8930
3.7270
3.3470
3.0040
2.8360
2.9170
3.0420
3.1660
3.2360
3.3190
3.3690
3.3480
3.3960
3.5860
3.7110
3.7860
3.9700
3.9560
3.5450
3.6320
3.9110
3.5280
4.7790
4.5190
4.3670
3.6020
3.2260
2.0080
1.3890
2.3760
2.7470
3.4970
3.9030
4.6980
4.5200
4.5900
4.5960
5.9030
6.1350
5.7500
5.7620
5.7930
5.7890
5.8430
5.8780
6.0360
6.3560
6.2650
6.4050
6.7760
6.6950
6.3360
6.1970
5.9340
6.1150
6.0170
6.1360
6.4140
6.6160
7.0170
6.8640
6.5900
6.5010
6.1660
6.5910
6.7630
6.4430
6.2870
6.5400
6.6000
6.4030
6.2660
6.3010
6.2160
6.1690
6.2940
6.1030
5.9410
6.3100
6.0670
5.5100
5.6130
5.4120
5.2460
5.1070
5.3310
5.1000
5.1040
5.7480
5.7690
6.2550
6.8770
6.5110
6.4270
6.1260
6.1390
6.8060
5.8510
5.7870
5.8480
6.5070
7.0560
7.1410
7.6570
7.7060
7.1170
7.0820
7.1820
7.3560
7.7520
8.0900
8.0030
9.2750
9.9690
10.4350
10.7260
10.6520
10.1320
10.7110
10.9830
9.7200
8.8660
8.4910
8.6980
7.1020
8.2460
9.0010
7.7000
8.5140
8.1710
8.6910
8.2610
8.4200
9.6220
9.4810
9.6200
9.3720
9.1580
8.4680
9.4020
8.7800
7.9300
8.0950
7.9960
8.3090
8.4920
8.2820
7.7320
7.1850
6.8400
6.4900
6.1010
6.1630
6.1510
6.2600
6.3630
6.1490
6.0960
6.1520
6.1510
6.3850
6.4460
6.4720
6.4510
6.4280
6.5230
6.2940
6.1930
6.1700
6.2560
6.2530
6.0600
5.7650
5.4980
5.1440
4.8760
4.7950
4.7620
4.6220
4.4050
4.1940
4.0530
4.0280
4.0680
4.1350
4.2180
4.3400
4.4150
4.6550
5.2080
5.4800
5.3560
5.2910
5.2500
4.7770
4.6220
4.8360
4.8650
4.8100
4.7360
4.8580
5.0940
5.1480
5.1650
5.2880
5.4400
5.5580
5.6070
5.7500
5.4530
5.0870
4.8810
4.8190
4.6790
4.4650
5.0390
4.4190
4.0660
4.0760
3.8580
4.0450
3.4580
2.8690
2.7680
1.2650
1.1510
3.5570
2.0420
1.6980
2.8060
2.0290
2.5820
2.7600
3.7770
3.9010
3.3540
2.6710
2.7150
3.2230
3.2980
3.6560
3.6940
3.5450
4.1450
4.9450
5.8360
6.6060
6.7810
6.9820
7.1630
7.2570
7.4420
7.3920
7.4770
7.3970
7.1970
7.0080
6.9970
7.1980
7.2990
7.3710
7.4220
7.3570
7.5350
7.5320
7.5180
7.4270
7.7610
7.7950
7.6880
7.2940
7.0970
7.1110
7.2540
7.1450
7.1430
7.2170
7.4850
7.6910
7.7250
8.1650
8.6070
9.0390
9.3340
9.3780
9.3340
9.4190
10.1340
10.2130
10.4660
10.6800
10.4420
9.4190
9.2370
9.1090
9.3030
9.5240
9.5960
9.7100
9.6520
9.5560
9.5840
9.5150
9.2260
8.9050
8.5430
8.2680
8.1640
8.0570
7.9380
7.6600
6.7950
6.4190
6.4810
6.1890
5.8510
4.4550
4.6440
2.9900
6.8210
4.3810
7.5600
4.6930
3.1340
5.5100
1.8260
5.0010
1.8470
5.5820
5.2490
5.2500
7.5420
4.8770
3.5310
4.5130
4.1180
5.5580
5.7180
6.0310
7.2650
7.7600
7.0950
5.9970
4.6600
1.8910
2.2700
2.1770
3.1550
3.9950
5.0400
5.7070
2.2250
3.4350
3.8740
5.0440
4.5900
3.6420
3.0210
2.2600
2.2020
