700.3600
740.3600
737.0700
736.8100
723.5700
721.1700
715.8800
728.1500
744.2900
750.0700
731.8300
744.9000
744.0300
757.3200
755.8100
784.3300
797.9700
790.3800
787.4600
779.1400
777.6300
787.3400
799.5400
805.9200
810.7000
808.8700
813.8900
825.6000
829.3400
827.7000
832.1000
822.4000
816.0300
818.6100
810.5800
800.1900
787.9800
784.2600
776.7900
781.6000
738.7000
693.0000
721.9100
750.2900
743.6400
696.8200
681.1500
677.9900
744.1500
722.5800
710.7000
676.7900
714.5100
686.8200
652.0000
665.0800
679.7900
663.1700
634.9200
657.7800
647.6300
656.8400
651.2400
622.9900
618.5700
614.5400
587.2600
608.3600
629.7800
614.4300
622.7500
600.8700
617.7700
598.2100
622.6200
623.4600
595.4700
598.2800
615.3200
617.9200
642.7500
669.8500
671.4300
678.3100
666.8600
673.2600
685.5100
658.3400
613.0500
603.6400
612.8900
626.3000
626.8000
617.5800
586.9100
566.6400
565.7600
579.0800
570.7800
593.0700
585.5000
586.6400
572.2800
546.4300
540.6900
587.9200
578.6600
560.4600
531.0900
501.5200
487.2500
510.1400
519.4300
569.2000
531.6700
494.9200
472.0500
451.3000
453.2400
469.6800
439.8200
455.4500
414.3300
412.3700
412.5300
405.2900
367.3300
321.3300
305.4900
215.0000
192.9600
227.5400
271.9600
210.7300
149.4300
89.6470
131.0500
115.4200
82.7340
42.9190
40.9560
57.8230
60.4440
40.7070
-40.2690
-28.4870
-63.5410
-40.6830
-77.0140
-87.0160
-112.9600
-99.2760
-77.6210
-75.8360
-81.3630
-62.4270
-76.3310
-76.3380
-59.5930
10.8950
10.7410
24.2060
27.1000
27.0520
40.8560
67.2660
105.3300
120.8500
135.8300
170.5100
188.5900
194.3500
203.8200
210.3600
226.2600
237.5500
238.2400
254.6300
268.3100
276.3500
288.6500
300.9900
322.6300
287.9200
260.1400
256.2400
267.1900
286.9800
285.1400
283.1600
269.7300
263.7600
267.4200
268.6600
270.0200
296.3300
313.1200
328.9600
336.6000
344.5300
348.6100
356.6600
369.5500
370.2100
373.8100
381.6900
381.2700
413.7500
439.0000
454.1800
460.3600
459.5700
470.5200
486.9400
504.9800
514.0000
510.9700
516.0500
520.1100
514.9700
521.6100
525.0400
528.3300
533.6600
538.0000
545.3100
544.2100
545.2900
538.4200
522.0000
506.7500
447.3600
430.9200
427.5400
430.1200
408.6200
399.6900
396.8600
327.7100
370.7200
353.7800
290.7100
352.9800
335.0500
324.9200
289.9900
247.5800
269.3300
254.4300
265.7500
249.7800
228.7400
244.4800
225.4700
256.2000
283.7000
293.6900
249.9500
258.7400
258.5900
301.9600
289.4300
299.5400
287.5100
286.3000
287.5200
291.2800
275.6200
275.9000
296.3900
293.9000
286.3800
293.2600
291.2600
287.3300
273.2200
285.7300
286.0000
298.7200
269.3200
217.3500
182.8400
172.0800
196.5200
186.6300
195.3900
168.5600
170.4500
174.2800
169.7900
159.9700
166.7800
160.2600
129.6000
107.8200
113.7200
114.1700
101.3800
109.8600
100.9600
85.4370
105.6400
110.0400
137.3100
128.1900
148.1000
162.4100
164.7300
188.2600
214.7900
262.9800
282.4400
288.3800
285.4500
277.6500
264.9100
271.5100
279.8200
285.2600
285.6500
289.0300
293.6800
291.7600
294.3100
292.7800
285.2400
298.7800
286.3100
237.6000
237.6400
223.0800
206.1900
239.2500
260.3600
234.8100
245.7100
304.8600
204.6200
174.8200
163.9900
318.4900
295.6600
381.5100
213.9400
368.2700
309.7300
386.9400
272.5000
441.2100
495.7100
510.7200
531.8600
499.9000
480.4200
449.9700
391.6800
483.9100
490.5700
407.4300
371.3000
321.1100
249.8700
256.1000
192.5900
255.9400
322.3300
373.6400
411.4700
460.3300
476.8700
476.3000
457.5300
460.7000
546.5700
557.1000
486.9600
488.8800
