3.8153
3.8251
3.8455
3.9527
4.0073
4.0621
4.2037
4.6063
4.9600
5.1467
5.2027
5.2893
5.4030
5.5174
5.7110
5.8357
5.6605
5.3772
5.1137
4.5100
3.9659
3.7006
3.8278
4.0264
4.2230
4.3346
4.4661
4.5462
4.5120
4.5879
4.8904
5.0876
5.2068
5.5000
5.4770
4.8254
4.9628
5.4058
4.7974
6.7825
6.3710
6.1300
4.9159
4.3195
2.3866
1.4044
2.9706
3.5592
4.7483
5.3925
6.6541
6.3718
6.4834
6.4923
8.5665
8.9342
8.3238
8.3425
8.3914
8.3850
8.4717
8.5268
8.7777
9.2857
9.1414
9.3637
9.9512
9.8228
9.2538
9.0324
8.6165
8.9029
8.7481
8.9363
9.3782
9.6987
10.3342
10.0913
9.6563
9.5149
8.9844
9.6577
9.9308
9.4239
9.1757
9.5773
9.6722
9.3595
9.1422
9.1984
9.0633
8.9889
9.1877
8.8842
8.6269
9.2121
8.8265
7.9429
8.1062
7.7874
7.5239
7.3036
7.6592
7.2923
7.2987
8.3200
8.3534
9.1247
10.1117
9.5310
9.3985
8.9207
8.9419
10.0001
8.4847
8.3833
8.4801
9.5247
10.3967
10.5317
11.3491
11.4280
10.4929
10.4373
10.5961
10.8723
11.5007
12.0363
11.8989
13.9179
15.0191
15.7577
16.2191
16.1016
15.2778
16.1964
16.6277
14.6239
13.2684
12.6735
13.0013
10.4686
12.2853
13.4833
11.4176
12.7102
12.1660
12.9913
12.3076
12.5609
14.4683
14.2439
14.4646
14.0719
13.7323
12.6369
14.1196
13.1313
11.7837
12.0445
11.8878
12.3846
12.6751
12.3417
11.4696
10.6011
10.0542
9.4984
8.8816
8.9794
8.9600
9.1335
9.2959
8.9566
8.8727
8.9616
8.9607
9.3314
9.4282
9.4698
9.4364
9.4005
9.5505
9.1873
9.0262
8.9910
9.1273
9.1227
8.8155
8.3471
7.9239
7.3618
6.9376
6.8090
6.7564
6.5342
6.1899
5.8551
5.6313
5.5914
5.6550
5.7617
5.8927
6.0870
6.2058
6.5856
7.4642
7.8954
7.6988
7.5955
7.5311
6.7797
6.5334
6.8733
6.9191
6.8316
6.7151
6.9089
7.2828
7.3681
7.3962
7.5908
7.8322
8.0196
8.0975
8.3243
7.8532
7.2711
6.9442
6.8471
6.6241
6.2856
7.1954
6.2120
5.6513
5.6671
5.3224
5.6189
4.6876
3.7517
3.5914
1.2068
1.0260
4.8433
2.4397
1.8943
3.6525
2.4189
3.2972
3.5797
5.1929
5.3903
4.5218
3.4389
3.5086
4.3137
4.4333
5.0013
5.0621
4.8254
5.7769
7.0462
8.4609
9.6814
9.9606
10.2793
10.5663
10.7159
11.0083
10.9299
11.0642
10.9376
10.6198
10.3204
10.3023
10.6220
10.7812
10.8953
10.9770
10.8744
11.1563
11.1511
11.1286
10.9853
11.5157
11.5687
11.3998
10.7746
10.4619
10.4833
10.7110
10.5380
10.5343
10.6520
11.0777
11.4035
11.4570
12.1554
12.8569
13.5426
14.0105
14.0800
14.0107
14.1452
15.2808
15.4062
15.8066
16.1465
15.7688
14.1461
13.8575
13.6545
13.9620
14.3119
14.4264
14.6081
14.5158
14.3632
14.4070
14.2985
13.8397
13.3308
12.7565
12.3199
12.1542
11.9848
11.7954
11.3549
9.9816
9.3849
9.4840
9.0201
8.4848
6.2688
6.5686
3.9441
10.0234
6.1517
11.1957
6.6471
4.1729
7.9430
2.0965
7.1361
2.1300
8.0570
7.5293
7.5297
11.1672
6.9388
4.8020
6.3613
5.7336
8.0196
8.2736
8.7700
10.7282
11.5134
10.4580
8.7162
6.5936
2.2005
2.8022
2.6541
4.2069
5.5395
7.1966
8.2553
2.7297
4.6501
5.3471
7.2031
6.4835
4.9783
3.9940
2.7866
2.6946
