-1.5249
-1.5749
-1.6321
-1.6844
-1.7262
-1.7748
-1.8406
-1.9310
-2.0259
-2.1015
-2.1493
-2.1903
-2.2254
-2.2732
-2.3403
-2.4322
-2.6223
-2.6361
-2.5796
-2.5757
-2.3123
-1.9341
-1.4614
-0.9933
-0.5980
-0.1314
0.3034
0.7094
1.0541
1.3805
1.6784
1.9522
2.2015
2.4095
2.5969
2.7837
2.9912
2.9300
3.1001
2.9216
3.0312
3.4954
3.6912
3.7662
3.1804
1.6799
1.3309
1.1164
-0.3343
-0.8643
-1.0222
-0.7917
-0.7601
-0.7479
-1.2513
-0.8682
-0.6419
-0.6032
-0.6977
-0.8097
-0.2492
-0.4568
-0.2744
0.1868
0.5390
0.5161
0.4889
-0.1175
-0.2768
0.1219
0.3314
0.5693
0.8011
1.1123
0.7503
0.3352
0.2443
0.2761
0.1937
0.3217
0.3474
0.4120
0.6425
0.4739
0.4410
0.3196
0.1194
-0.1037
-0.0873
-0.0732
0.1421
-0.1007
-0.5354
-0.3388
-0.1684
-0.1178
-0.8862
-1.3340
-1.6611
-2.1089
-2.3479
-2.3384
-2.4669
-2.6499
-2.7321
-3.0998
-2.8206
-3.0151
-2.4856
-2.0082
-2.2537
-2.6416
-2.8471
-3.0875
-3.1015
-2.9097
-2.6643
-2.5060
-2.1844
-1.7969
-1.7935
-1.7013
-1.4325
-0.9668
-0.5126
-0.4076
-0.7962
-0.6944
-0.9998
-1.4520
-1.3548
-0.7516
-0.4514
-0.4462
-0.3678
-0.2059
-0.1122
-0.3125
-0.2895
1.1734
2.0402
1.3803
1.1793
0.4684
0.7781
2.1185
2.0370
1.8988
2.2663
2.5525
2.5468
2.4264
2.4511
2.1858
2.3048
1.7898
1.8957
1.4020
1.4735
1.5289
1.0677
1.3443
1.8889
2.2591
2.2202
2.1121
2.0103
1.8216
1.7553
1.4825
1.3479
1.2835
1.2711
1.2226
0.9518
0.9680
1.0701
1.0562
0.9894
0.9569
0.8834
0.6528
0.3590
0.2976
0.1125
0.1356
-0.0121
-0.1144
-0.1145
-0.3225
-0.4838
-0.5492
-0.6314
-0.6705
-0.7070
-0.7775
-0.9092
-0.9883
-1.0299
-1.0643
-1.2204
-1.1566
-0.9882
-0.9189
-1.1093
-1.4914
-1.5348
-1.4225
-1.5305
-1.4652
-1.3568
-1.2086
-0.9543
-0.6215
-0.2918
0.0323
0.4206
0.8845
1.3262
1.6840
2.0644
2.4855
2.8348
3.1306
3.3549
3.5253
3.6803
3.8559
4.0407
4.2318
4.4148
4.5155
4.4051
4.7636
4.6507
4.8568
5.0562
5.2354
5.1418
4.1324
3.3508
3.8180
2.0335
2.0898
2.3410
2.7523
3.2296
3.2324
3.2691
2.4708
1.4391
1.9112
2.8045
3.7122
4.2747
4.8171
5.1678
5.2899
5.2448
5.1469
4.3188
3.5665
3.3389
3.1219
2.8474
2.4439
2.0278
1.8546
1.8834
1.7940
1.6486
1.5391
1.3843
1.2770
1.1673
1.0895
1.0053
0.9235
0.8360
0.7308
0.6722
0.6166
0.5648
0.4908
0.4819
0.5145
0.5317
0.4255
0.3223
0.2545
0.1858
0.0821
0.0214
0.0103
0.0163
0.1274
0.1867
0.2263
0.3100
0.4424
0.4350
0.3512
0.3063
0.3463
0.5608
0.7551
1.0664
1.3916
1.4021
1.4238
1.2739
1.4088
1.5870
1.6578
1.8084
2.0198
2.2324
2.4196
2.6253
2.8307
3.0111
3.1956
3.4381
3.7875
4.0944
4.3227
4.4995
4.5134
4.3258
3.9839
3.4828
2.7420
4.2824
2.9667
4.0913
1.6589
1.5610
2.2966
2.6457
0.1702
0.4307
0.1105
0.7532
-0.5932
-0.9001
-0.5203
-0.8458
-1.7022
-2.6672
-3.1316
-3.3483
-3.4266
-2.6050
-2.5322
-1.3867
-1.4533
-2.1391
-2.3855
-1.1542
0.4356
2.3725
4.5544
5.2339
5.2089
4.6919
3.5029
2.5735
0.1860
-2.2793
-2.4205
-3.4992
-4.0463
-3.6683
-3.4870
-3.4508
-3.6520
-3.8264
