1.6053
1.6087
1.5135
1.5699
1.5843
1.7120
1.7053
1.4945
1.5141
1.5444
1.7702
2.1085
2.5235
2.9056
3.2455
3.4892
3.5040
3.5586
3.6450
3.2806
2.9043
2.7473
2.9264
3.1687
3.3324
3.4989
3.7330
3.8878
3.9167
3.9960
4.2900
4.5072
4.6905
4.9494
4.8870
4.1083
4.1329
4.9135
4.3771
6.7376
6.2052
5.5959
4.6525
4.2674
2.3721
-1.3909
-2.6578
-2.9403
-3.6274
-3.4637
-5.5047
-6.0430
-6.1975
-6.1864
-8.3018
-8.7646
-8.0378
-8.1748
-8.3595
-8.3139
-8.4640
-8.5051
-8.6086
-8.9393
-8.7341
-8.9199
-9.3521
-8.8706
-7.8600
-7.1276
-6.6402
-6.4123
-5.1295
-4.7254
-4.3034
-3.8781
-3.5901
-2.5611
-1.1381
-0.3085
0.2521
0.4682
0.3802
0.2096
-0.4046
-0.3016
0.2272
0.6280
0.9261
1.3962
1.9733
1.9059
1.9572
2.3314
2.6572
3.5896
4.1525
4.0410
3.0868
2.0842
2.3499
2.7937
2.9924
2.0733
1.2026
3.0119
1.2890
-1.8290
-4.6731
-4.5053
-4.2296
-3.7623
-3.3487
-1.6154
-2.3468
-2.5280
-3.0399
-3.8194
-3.5117
-2.5893
-2.7138
-1.5974
-1.9199
-1.6735
-0.9864
-1.3227
-2.7074
-4.3226
-5.3520
-9.0156
-9.5598
-5.9040
-0.7535
-1.6939
-3.6765
-2.4483
6.8902
6.1886
5.9679
5.7245
8.7666
7.6359
9.8325
11.5915
8.0588
9.8897
9.2057
10.1020
9.5367
9.4853
11.9232
11.3704
11.6772
11.4342
10.4807
10.5284
10.9658
10.3790
9.1383
9.5975
9.0961
10.6810
11.7398
11.8615
11.2704
10.3283
9.5212
8.8233
8.4083
8.3068
8.2092
8.4497
8.6853
8.4546
8.1442
8.2604
8.3274
8.6962
8.8794
9.0490
9.0710
8.9853
9.0681
8.5196
8.3872
8.4762
8.6630
8.7118
8.4701
8.0779
7.6755
7.1539
6.7579
6.6316
6.5930
6.3238
5.7814
5.2252
4.7227
4.5179
4.4796
4.6153
4.7117
4.7956
4.3510
3.7527
3.9912
4.6833
5.0023
5.4733
5.8774
5.5938
5.6721
6.2088
6.3644
6.3434
6.3108
6.5638
7.0116
7.1442
7.2183
7.4766
7.7604
7.9385
7.9340
8.0700
7.6031
6.9687
6.6023
6.4531
5.8570
5.2446
6.5760
5.4716
5.4447
4.9802
4.5998
4.9643
3.8355
3.6816
2.8442
0.5073
-0.8836
-4.8132
-2.2549
-1.4608
-1.9568
-0.9929
-1.6645
-3.1634
-4.8428
-4.4978
-3.1312
-1.0507
1.0452
2.3268
3.0418
2.6240
1.6370
0.8404
-1.0646
-1.8078
-1.8750
-1.9434
-1.4978
-1.4229
-1.1027
-0.8896
-0.5638
-0.2131
-0.4206
-0.7035
-0.7598
-0.8223
-0.9946
-1.0991
-0.9934
-0.8041
-0.3520
0.0606
0.1416
0.3176
0.8689
1.7149
2.2438
2.8668
2.9721
2.9296
2.9139
2.9394
3.3522
3.5163
4.0586
4.1092
4.3283
5.0740
5.4070
6.0796
6.9265
8.0063
8.7202
9.4174
9.7139
10.0747
10.6657
11.7411
12.9109
13.8377
13.6594
12.2979
12.0493
12.0305
12.4806
12.8439
13.0216
13.4691
13.5464
13.5886
13.8782
13.9205
13.5563
13.1052
12.5765
12.2506
12.1283
11.9667
11.7765
11.3429
9.9300
9.3786
9.4813
8.8887
8.4388
5.9309
6.5170
3.9293
9.9914
6.1434
11.0167
5.3613
4.0738
5.4303
2.0763
3.8341
0.1076
-4.2593
-2.5514
-5.1949
3.2716
0.9395
-0.3860
-2.4523
-2.5243
-0.5037
1.6484
3.2827
6.6172
7.1681
4.5493
3.9787
3.5617
1.9654
2.2900
1.1938
2.4999
4.4815
7.1270
8.1032
2.4980
-3.9470
-5.2005
-6.7232
-5.7836
-3.9838
-3.0818
-2.2630
-1.1511
