3.4612
3.4703
3.5352
3.6276
3.6808
3.6837
3.8423
4.3572
4.7232
4.9095
4.8923
4.8509
4.7775
4.6904
4.6991
4.6777
4.4455
4.0312
3.5865
3.0949
2.7007
2.4792
2.4674
2.4842
2.5940
2.5585
2.4516
2.3565
2.2400
2.2540
2.3478
2.3598
2.2604
2.3986
2.4729
2.5312
2.7474
2.2540
1.9637
0.7791
1.4438
2.5025
1.5876
0.6691
0.2620
-0.1944
-1.3268
-2.0057
-3.0640
-4.1331
-3.7384
-2.0204
-1.9039
-1.9695
-2.1131
-1.7326
-2.1630
-1.6644
-0.7314
-1.0898
-0.3614
0.6080
1.7147
2.5125
2.6981
2.8483
3.4005
4.2190
4.8840
5.5481
5.4910
6.1762
7.0864
7.5847
8.3325
8.8896
9.6905
9.7609
9.5889
9.5099
8.9809
9.6463
9.9235
9.4216
9.1668
9.5725
9.6696
9.3384
9.0951
9.0918
8.8459
8.7845
8.9768
8.5728
8.2075
8.4839
7.7887
6.8381
7.4955
7.5033
7.1475
6.7481
7.0505
6.9913
7.1990
7.7558
8.2534
8.9395
8.9671
8.3989
8.3930
8.0885
8.2912
9.8687
8.1537
7.9931
7.9166
8.7253
9.7857
10.2084
11.0198
11.3158
10.3158
10.3022
10.5501
10.7915
11.1775
11.2334
10.6274
10.6032
11.5837
14.6098
16.2016
16.0122
14.8289
16.0102
15.1329
13.2499
11.8505
11.3070
9.6011
7.1613
7.3655
6.8874
8.0880
7.9839
7.9540
8.1683
7.7800
8.2343
8.1957
8.5792
8.5362
8.2023
8.8730
6.9888
8.8946
8.0440
7.4395
7.2773
7.6538
6.2686
4.7786
3.4091
2.1288
2.3893
3.2302
3.5169
2.8606
3.4096
3.5903
3.4674
3.3135
2.9565
3.5209
3.4752
3.3090
3.3840
3.1697
2.7914
2.6005
2.7630
2.9969
3.4385
3.3359
2.9987
2.8742
2.7072
2.4435
2.1027
1.9686
1.7371
1.5689
1.5441
1.4772
1.6448
2.2113
2.6419
3.0671
3.2944
3.4514
3.4491
3.5389
3.7489
4.4250
5.4118
6.3075
6.3563
5.8522
5.2664
4.7090
3.8307
3.2423
2.9484
2.7146
2.5360
2.2948
2.1562
1.9692
1.8023
1.6126
1.3122
1.0583
1.1378
1.6190
2.0418
1.9659
2.0752
2.1522
2.2892
3.0941
3.4645
2.9204
2.9413
1.5141
2.7043
2.6776
2.6321
2.6949
-0.7218
-2.1928
-1.0950
-0.5215
0.5385
0.9314
1.2061
3.0841
2.2057
2.8461
1.6756
1.8743
2.9706
3.2622
3.2744
3.3493
3.6324
3.2252
4.2577
4.7901
4.7516
5.6779
6.8103
8.2505
9.4844
9.8473
10.1804
10.5086
10.6790
10.9939
10.9278
11.0562
10.9149
10.5926
10.2876
10.2542
10.5649
10.7354
10.8656
10.9713
10.8742
11.1554
11.1465
11.0947
10.8506
11.2949
11.2079
11.0056
10.3687
10.0479
10.0628
10.1729
9.9341
9.7210
9.8275
10.1971
10.2125
10.1009
10.5257
10.8317
10.9225
10.9660
10.4671
10.0966
9.9291
10.9429
9.9749
9.1190
8.3203
7.8788
6.9911
6.8443
6.4586
6.2589
6.3139
6.2094
5.6552
5.2158
4.6530
3.8675
3.2661
2.7862
2.4420
2.1352
1.3047
0.7924
0.6577
0.6679
0.5214
1.0137
-0.3432
0.2273
1.5343
0.8819
2.0302
0.8215
0.3412
0.8004
-0.3193
1.9942
3.9295
-0.9042
-5.7968
-0.2906
-6.0186
-2.1273
-6.8391
-7.0838
-5.4505
-10.6773
-6.8749
-4.7864
-5.8696
-5.1480
-8.0037
-8.1077
-8.1324
-8.4444
-9.0098
-9.4167
-7.7551
-5.5489
-0.9896
1.6149
2.3704
3.3835
3.2561
0.9987
-1.5776
-1.1006
2.4586
1.2436
2.5853
2.9302
2.9854
2.5405
1.6261
2.4363
