-0.0001
-0.0003
0.0012
-0.0001
-0.0003
0.0001
0.0024
0.0038
0.0023
0.0012
-0.0001
-0.0002
-0.0015
-0.0018
-0.0039
-0.0042
-0.0072
-0.0083
-0.0089
-0.0065
-0.0068
-0.0059
-0.0018
0.0047
0.0052
0.0073
0.0099
0.0106
0.0120
0.0135
0.0122
0.0125
0.0121
0.0087
0.0018
-0.0016
0.0124
0.0713
0.0492
0.0808
-0.0367
-0.0195
0.0258
0.0737
0.2875
0.1780
0.0064
0.0646
0.0763
0.0045
0.0155
-0.0142
0.0053
0.0228
0.0271
0.0483
0.0229
0.0155
0.0335
0.0209
0.0040
0.0118
0.0091
0.0174
0.0123
0.0244
0.0243
0.0348
0.0280
0.0197
0.0318
0.0181
-0.0002
0.0031
0.0061
0.0017
-0.0031
-0.0079
-0.0111
-0.0049
-0.0127
-0.0172
-0.0215
-0.0088
-0.0125
-0.0122
-0.0015
-0.0104
-0.0111
-0.0081
-0.0143
-0.0102
-0.0129
-0.0082
-0.0076
-0.0100
-0.0191
-0.0071
-0.0057
-0.0020
-0.0129
-0.0113
-0.0031
-0.0112
0.0102
0.0088
-0.0725
0.0063
-0.0350
-0.0300
-0.0066
-0.0039
0.0086
0.0160
-0.0110
0.0059
-0.0141
0.0308
0.0223
0.0001
-0.0017
-0.0059
0.0225
0.0437
0.0285
0.0160
-0.0121
0.0075
-0.0226
0.0042
0.0374
-0.0064
-0.0732
0.0015
0.0221
0.0899
0.0108
-0.0266
-0.0427
0.0125
0.0475
-0.0026
-0.0368
-0.0154
-0.0131
0.0251
0.0027
-0.0024
-0.0193
0.0225
-0.0216
0.0082
0.0060
-0.0147
0.0007
-0.0214
0.0366
-0.0071
0.0039
0.0058
-0.0203
-0.0361
-0.0389
-0.0356
-0.0150
0.0072
-0.0092
0.0064
0.0035
0.0067
0.0039
-0.0026
-0.0015
0.0027
0.0106
-0.0076
-0.0049
-0.0021
-0.0023
-0.0049
-0.0035
-0.0009
0.0061
0.0002
-0.0059
0.0013
0.0037
0.0001
0.0065
0.0096
-0.0014
-0.0066
-0.0082
-0.0091
-0.0106
-0.0037
-0.0060
-0.0053
-0.0047
-0.0034
-0.0061
-0.0099
-0.0101
-0.0024
0.0025
-0.0007
-0.0059
-0.0091
-0.0042
-0.0043
-0.0077
-0.0035
-0.0014
0.0012
-0.0006
0.0008
-0.0004
0.0007
0.0016
-0.0012
0.0008
0.0032
0.0038
0.0072
0.0046
0.0010
-0.0007
0.0051
0.0026
0.0053
0.0010
0.0414
0.0317
0.0562
0.1006
0.1071
0.0929
0.0747
0.0897
0.2284
0.0514
0.1173
-0.0741
-0.0501
-0.0095
-0.0339
-0.0304
0.0167
0.0085
0.0809
0.0070
0.0250
0.0009
-0.0052
-0.0058
-0.0131
-0.0119
-0.0054
0.0176
0.0173
0.0641
0.0080
0.0175
0.0072
-0.0053
-0.0048
-0.0066
-0.0108
-0.0058
-0.0002
-0.0064
-0.0031
-0.0006
-0.0063
-0.0079
-0.0103
-0.0083
-0.0056
-0.0043
-0.0059
-0.0047
-0.0037
-0.0045
-0.0133
-0.0169
-0.0132
-0.0050
-0.0047
-0.0067
-0.0048
-0.0065
-0.0041
-0.0086
-0.0072
-0.0093
-0.0120
-0.0121
-0.0033
0.0042
0.0100
0.0013
0.0025
-0.0068
-0.0038
0.0191
0.0032
0.0073
0.0041
-0.0175
0.0027
0.0009
-0.0016
-0.0060
-0.0147
-0.0082
-0.0053
-0.0084
-0.0040
-0.0034
-0.0058
-0.0067
0.0032
0.0228
0.0208
0.0406
0.0292
0.0206
0.0472
0.0452
-0.0215
-0.0685
-0.0967
0.0292
-0.1173
-0.0019
-0.1381
-0.1920
0.0512
-0.0268
-0.1495
-0.0729
-0.2222
-0.2530
-0.2554
-0.1656
-0.1413
0.0010
0.0760
-0.0259
-0.0901
-0.1569
-0.1553
-0.0196
-0.0152
-0.0373
0.0771
0.0224
0.0519
-0.0452
-0.0466
-0.0723
-0.0525
-0.0486
-0.0288
-0.0222
0.0114
-0.0035
-0.0028
0.3103
-0.0380
0.0169
-0.0195
-0.0072
-0.0145
-0.0027
0.0163
-0.0309
