3.2210
3.2990
3.4540
3.5550
3.6600
3.7790
3.8720
3.9850
4.0670
4.1130
4.2070
4.2720
4.3340
4.3270
4.3560
4.3690
4.3260
4.2320
4.2540
4.3130
4.3730
4.3220
4.4550
4.4940
4.2530
3.8510
3.6780
3.6610
3.8920
3.9710
4.1240
4.2040
4.2450
4.3180
4.4080
4.4850
4.5660
4.6490
4.6980
4.7320
4.7740
4.8250
4.8920
4.9480
4.9990
5.0310
5.0410
5.0610
5.0900
5.1350
5.2040
5.3070
5.4060
5.5150
5.6500
5.7870
5.8870
5.9890
6.1370
6.2020
6.1880
6.1970
6.2960
6.4300
6.5820
6.7060
6.8410
6.9570
7.0140
7.0790
7.1430
7.1820
7.1970
7.2140
7.2290
7.2490
7.2450
7.2300
7.2070
7.1980
7.2230
7.2840
7.3620
7.4570
7.5440
7.6250
7.6740
7.6640
7.6170
7.5450
7.4630
7.3710
7.2870
7.2100
7.1310
7.0550
7.0240
7.0080
6.9990
7.0050
7.0100
6.9750
6.9260
6.8890
6.8770
6.8850
6.9370
7.0460
7.1660
7.2620
7.2900
7.3050
7.3160
7.3190
7.2930
7.1800
6.9450
7.0020
7.0630
6.6360
6.2740
6.3050
6.2540
6.2200
6.0820
5.9950
6.0390
6.0830
6.1450
6.1460
6.1780
6.2850
6.4050
6.4900
6.5110
6.4770
6.5010
6.6070
6.6650
6.7170
6.8860
6.9820
6.7300
6.7990
6.7870
6.5440
6.5450
5.9440
6.4050
6.5180
6.6630
6.8030
6.8040
7.1330
7.2250
7.4760
7.8040
7.6300
7.4110
7.1840
7.1740
6.9770
7.0190
7.1060
6.9910
6.6650
6.4340
6.0610
6.0730
6.2410
5.9860
5.9770
5.7840
5.8440
5.8470
5.9230
5.9270
5.9980
6.0490
5.6720
5.4740
4.8680
4.5640
4.2260
3.7410
3.8630
4.2020
4.4760
4.8480
5.4870
5.2130
5.0270
6.0930
6.9390
7.0360
6.8690
6.5000
6.2900
6.7500
7.8790
7.9050
6.9930
6.4800
7.5000
7.4900
7.3670
8.1710
9.1500
9.3020
9.9070
10.0880
9.4100
9.4780
9.1330
9.1150
9.6940
9.7600
9.5850
9.5040
9.3620
9.3090
9.5390
10.0410
10.7410
10.6410
10.5530
10.3960
10.0410
9.7290
9.9480
10.0150
10.0590
9.9700
9.8530
9.8520
9.8900
9.9130
9.7090
9.4700
9.3040
9.0630
9.0280
8.9700
9.0930
9.1490
8.9510
8.8760
8.9100
8.5300
8.3070
8.2560
8.0310
8.1180
8.2900
8.2320
8.0720
8.2160
8.0970
8.0150
7.9300
7.7880
7.6360
7.6040
7.4520
7.3690
7.2290
7.2450
7.1580
7.1500
7.0560
6.9850
6.9120
6.7850
6.5840
6.3190
6.0890
5.8920
5.7640
5.6310
5.5770
5.4980
5.4300
5.3990
5.2990
5.1970
5.1560
5.2060
5.2540
5.3040
5.3050
5.3020
5.3400
5.3760
5.4080
5.4220
5.3640
5.3470
5.3770
5.3860
5.3550
5.3370
5.2890
5.1430
5.0000
4.9550
4.9370
4.9200
4.8790
4.8070
4.7680
4.5630
4.5870
4.5250
4.3980
4.2740
4.1880
4.1500
4.1420
4.1260
4.0650
3.9680
3.8420
3.7230
3.6250
3.5520
3.4920
3.4580
3.4520
3.4350
3.4490
3.4800
3.5250
3.5550
3.5500
3.5540
3.5650
3.5650
3.5520
3.5680
3.6210
3.6640
3.6910
3.7010
3.7000
3.6890
3.6800
3.6520
3.5920
3.5540
3.5270
3.4890
3.4780
3.5910
3.6720
3.6860
3.7870
3.8720
3.9600
4.0670
4.1520
4.2190
4.2730
4.3360
4.4020
4.4570
4.4930
4.5080
4.5420
4.5450
4.5310
4.5670
4.6550
4.7260
4.7480
4.7250
4.6810
4.6300
