1487.2000
1462.1000
1487.7000
1475.8000
1466.9000
1484.9000
1496.2000
1499.3000
1503.4000
1506.1000
1508.8000
1503.8000
1522.8000
1507.2000
1513.8000
1544.5000
1557.9000
1566.2000
1572.9000
1567.7000
1576.5000
1576.8000
1575.7000
1571.8000
1569.7000
1568.8000
1565.3000
1572.3000
1584.1000
1584.3000
1583.9000
1581.7000
1581.6000
1583.7000
1584.8000
1586.6000
1580.6000
1575.9000
1571.7000
1540.3000
1516.0000
1504.6000
1493.1000
1489.9000
1478.5000
1464.6000
1446.0000
1434.2000
1431.6000
1426.9000
1422.6000
1426.1000
1423.3000
1418.7000
1417.6000
1416.9000
1418.3000
1414.2000
1414.6000
1414.2000
1415.3000
1418.9000
1422.9000
1443.2000
1462.8000
1472.4000
1481.7000
1487.9000
1497.9000
1509.2000
1525.6000
1539.4000
1547.3000
1556.0000
1565.9000
1562.3000
1567.9000
1578.1000
1588.7000
1599.0000
1602.6000
1609.4000
1612.9000
1616.6000
1625.2000
1634.0000
1642.9000
1622.2000
1605.0000
1604.2000
1610.7000
1626.3000
1627.3000
1623.9000
1612.4000
1603.9000
1606.7000
1611.8000
1615.0000
1616.7000
1608.2000
1601.8000
1598.6000
1598.8000
1598.6000
1591.1000
1583.2000
1570.6000
1561.7000
1556.0000
1550.2000
1572.2000
1590.3000
1590.2000
1586.3000
1575.7000
1581.0000
1583.3000
1586.1000
1591.1000
1585.0000
1584.7000
1585.3000
1575.8000
1575.2000
1577.5000
1575.9000
1571.0000
1565.4000
1562.5000
1554.0000
1548.0000
1540.7000
1532.5000
1530.0000
1503.1000
1479.1000
1469.1000
1461.9000
1458.1000
1458.2000
1445.8000
1409.8000
1403.6000
1415.7000
1433.2000
1424.7000
1442.7000
1435.2000
1427.5000
1418.2000
1404.9000
1417.8000
1413.6000
1391.8000
1376.5000
1377.1000
1378.7000
1377.5000
1419.7000
1434.5000
1442.5000
1459.8000
1464.4000
1456.4000
1482.8000
1513.0000
1535.1000
1540.2000
1517.8000
1547.7000
1538.7000
1563.3000
1569.4000
1574.4000
1587.2000
1583.5000
1568.9000
1537.4000
1534.2000
1553.0000
1566.1000
1628.9000
1600.2000
1588.7000
1561.0000
1531.1000
1525.3000
1500.3000
1468.8000
1462.8000
1456.8000
1400.2000
1375.8000
1384.3000
1392.3000
1400.6000
1382.3000
1332.1000
1271.5000
1307.9000
1394.2000
1470.1000
1410.8000
1399.1000
1407.0000
1361.3000
1342.8000
1396.8000
1361.1000
1337.1000
1362.5000
1364.3000
1397.4000
1427.8000
1426.4000
1433.5000
1456.4000
1476.8000
1477.1000
1481.4000
1487.2000
1480.5000
1455.7000
1460.7000
1465.1000
1469.9000
1484.4000
1495.6000
1480.0000
1482.1000
1449.0000
1420.8000
1420.1000
1413.0000
1421.4000
1426.5000
1419.7000
1394.7000
1382.6000
1389.9000
1388.3000
1382.0000
1383.8000
1361.9000
1344.9000
1326.9000
1320.4000
1343.8000
1353.9000
1365.0000
1390.7000
1378.3000
1360.9000
1358.4000
1383.7000
1400.6000
1412.1000
1433.9000
1447.2000
1450.9000
1455.1000
1457.5000
1476.3000
1481.8000
1500.3000
1517.0000
1512.1000
1506.5000
1515.5000
1519.5000
1526.0000
1525.0000
1530.6000
1532.9000
1538.0000
1553.8000
1561.8000
1565.5000
1546.9000
1511.5000
1493.5000
1485.6000
1489.9000
1480.1000
1468.0000
1456.2000
1446.0000
1445.9000
1443.0000
1436.1000
1456.2000
1462.7000
1453.8000
1443.4000
1432.5000
1434.8000
1446.0000
1458.4000
1466.9000
1462.5000
1463.4000
1465.8000
1491.8000
1530.1000
1540.5000
1545.1000
1539.5000
1549.9000
1568.0000
1592.8000
1614.3000
1619.7000
1622.8000
1633.3000
1627.8000
1635.9000
1653.3000
1665.3000
1674.5000
1674.2000
1674.9000
1674.2000
1675.5000
1679.4000
1677.3000
1675.4000
1648.4000
1616.4000
1606.2000
1599.5000
1602.2000
1593.7000
1577.0000
1554.7000
1535.3000
1526.2000
1518.1000
1503.1000
1515.3000
1518.9000
1508.7000
1500.0000
1489.1000
1486.7000
1482.6000
1483.5000
1480.4000
1471.9000
1471.1000
1469.6000
1486.9000
1509.5000
1517.4000
1522.3000
1517.9000
1521.7000
1529.0000
1542.6000
1553.6000
1557.6000
1562.4000
1571.9000
1554.2000
1548.3000
1555.8000
1560.8000
1572.7000
1575.3000
1579.1000
1572.9000
1568.1000
1572.2000
1575.8000
1579.0000
1562.3000
1540.1000
