4.3101
4.4343
4.6807
4.8408
5.0076
5.1967
5.3444
5.5232
5.6525
5.7260
5.8747
5.9781
6.0766
6.0663
6.1120
6.1327
6.0638
5.9156
5.9503
6.0434
6.1391
6.0582
6.2689
6.3314
5.9479
5.3110
5.0364
5.0091
5.3762
5.5007
5.7434
5.8702
5.9360
6.0515
6.1942
6.3171
6.4458
6.5762
6.6544
6.7078
6.7747
6.8562
6.9630
7.0507
7.1325
7.1832
7.1995
7.2298
7.2766
7.3485
7.4577
7.6215
7.7773
7.9502
8.1654
8.3818
8.5418
8.7032
8.9373
9.0408
9.0188
9.0338
9.1898
9.4033
9.6439
9.8416
10.0555
10.2386
10.3301
10.4326
10.5346
10.5961
10.6192
10.6467
10.6715
10.7029
10.6958
10.6725
10.6356
10.6221
10.6609
10.7579
10.8810
11.0321
11.1701
11.2998
11.3769
11.3616
11.2862
11.1729
11.0414
10.8958
10.7631
10.6407
10.5155
10.3940
10.3457
10.3197
10.3056
10.3150
10.3239
10.2677
10.1892
10.1312
10.1115
10.1248
10.2074
10.3804
10.5711
10.7237
10.7668
10.7911
10.8095
10.8131
10.7720
10.5935
10.2203
10.3103
10.4078
9.7295
9.1560
9.2046
9.1233
9.0689
8.8512
8.7130
8.7827
8.8522
8.9512
8.9521
9.0026
9.1731
9.3636
9.4974
9.5317
9.4774
9.5160
9.6842
9.7765
9.8590
10.1258
10.2788
9.8782
9.9886
9.9694
9.5832
9.5856
8.6321
9.3630
9.5426
9.7724
9.9943
9.9958
10.5191
10.6647
11.0633
11.5831
11.3069
10.9595
10.5993
10.5828
10.2707
10.3369
10.4759
10.2926
9.7753
9.4093
8.8168
8.8371
9.1029
8.6980
8.6833
8.3779
8.4732
8.4777
8.5983
8.6041
8.7167
8.7991
8.2001
7.8859
6.9238
6.4414
5.9062
5.1356
5.3294
5.8671
6.3019
6.8922
7.9073
7.4713
7.1773
8.8682
10.2107
10.3648
10.0992
9.5147
9.1811
9.9106
11.7018
11.7429
10.2964
9.4827
11.1012
11.0843
10.8895
12.1659
13.7193
13.9603
14.9201
15.2079
14.1313
14.2392
13.6918
13.6634
14.5822
14.6876
14.4097
14.2802
14.0551
13.9716
14.3368
15.1331
16.2433
16.0853
15.9458
15.6957
15.1329
14.6374
14.9856
15.0912
15.1607
15.0200
14.8345
14.8336
14.8928
14.9293
14.6062
14.2269
13.9628
13.5804
13.5254
13.4329
13.6292
13.7173
13.4039
13.2849
13.3381
12.7358
12.3817
12.3009
11.9427
12.0813
12.3542
12.2618
12.0085
12.2371
12.0486
11.9172
11.7823
11.5578
11.3160
11.2656
11.0239
10.8935
10.6706
10.6969
10.5578
10.5450
10.3961
10.2835
10.1672
9.9664
9.6476
9.2263
8.8613
8.5492
8.3466
8.1344
8.0501
7.9247
7.8164
7.7663
7.6083
7.4470
7.3806
7.4612
7.5376
7.6158
7.6183
7.6129
7.6731
7.7299
7.7812
7.8036
7.7110
7.6846
7.7312
7.7468
7.6974
7.6692
7.5921
7.3607
7.1333
7.0622
7.0337
7.0068
6.9411
6.8276
6.7660
6.4403
6.4791
6.3799
6.1783
5.9814
5.8446
5.7856
5.7728
5.7465
5.6501
5.4960
5.2958
5.1079
4.9520
4.8354
4.7405
4.6866
4.6776
4.6506
4.6727
4.7217
4.7933
4.8414
4.8325
4.8386
4.8565
4.8574
4.8360
4.8610
4.9460
5.0135
5.0573
5.0721
5.0715
5.0530
5.0394
4.9941
4.8997
4.8387
4.7968
4.7364
4.7181
4.8972
5.0272
5.0489
5.2084
5.3435
5.4839
5.6526
5.7875
5.8940
5.9805
6.0800
6.1856
6.2714
6.3290
6.3528
6.4071
6.4115
6.3896
6.4461
6.5865
6.6994
6.7341
6.6968
6.6283
6.5464
