-15.6034
-15.5878
-15.5669
-15.5446
-15.4966
-15.4514
-15.4037
-15.3606
-15.3381
-15.3116
-15.2837
-15.2465
-15.2196
-15.1903
-15.1662
-15.1547
-15.1048
-15.0319
-14.9969
-14.9815
-14.9624
-15.1614
-15.1500
-15.1188
-15.2013
-15.0741
-14.7026
-14.2296
-13.7233
-13.2853
-12.7808
-12.3721
-11.9903
-11.6209
-11.2984
-11.0178
-10.7574
-10.4897
-10.2252
-9.9733
-9.7314
-9.5071
-9.3071
-9.1320
-8.9717
-8.8267
-8.6975
-8.5835
-8.4875
-8.4155
-8.3736
-8.3665
-8.4002
-8.4731
-8.5923
-8.7697
-9.0005
-9.2242
-9.5441
-9.9506
-10.2956
-10.7123
-11.2219
-11.7481
-12.2334
-12.6701
-13.0455
-13.4131
-13.7708
-14.0541
-14.3041
-14.5562
-14.7615
-14.9313
-15.0803
-15.2179
-15.3484
-15.4869
-15.6250
-15.7501
-15.8624
-15.9509
-16.0159
-16.0548
-16.0852
-16.1067
-16.1398
-16.1915
-16.2555
-16.3203
-16.3965
-16.4740
-16.5284
-16.5723
-16.6198
-16.6480
-16.6492
-16.6498
-16.6499
-16.6574
-16.6745
-16.6952
-16.7389
-16.7711
-16.7788
-16.8093
-16.7973
-16.7305
-16.6161
-16.5039
-16.4503
-16.4552
-16.4832
-16.5056
-16.5219
-16.5197
-16.4191
-16.1212
-15.8453
-15.6134
-15.2013
-14.7665
-14.3231
-13.8585
-13.3534
-12.8389
-12.3674
-11.9686
-11.6030
-11.2822
-10.9631
-10.6517
-10.3663
-10.1143
-9.8852
-9.6793
-9.5213
-9.4053
-9.3057
-9.2289
-9.1663
-9.1204
-9.1535
-9.2313
-9.2929
-9.4122
-9.4395
-9.7079
-9.9360
-10.2104
-10.5616
-10.8320
-11.0634
-11.2848
-11.5099
-11.8012
-12.0381
-12.2295
-12.7730
-13.1935
-13.5375
-13.8537
-13.8830
-14.1430
-14.2360
-14.4974
-14.7273
-14.7715
-14.7301
-14.7700
-14.9891
-15.0654
-15.1922
-15.2342
-15.2625
-15.2299
-15.1585
-15.1652
-15.1666
-15.2227
-15.2654
-15.2940
-15.2676
-15.1941
-15.1882
-15.1488
-15.1041
-15.1275
-15.2805
-15.4558
-15.6394
-15.7549
-15.8260
-15.9856
-16.5292
-16.6718
-16.3301
-15.9405
-15.9727
-16.1903
-16.5832
-16.6814
-16.9235
-17.0728
-17.2160
-17.3396
-17.2776
-17.2088
-17.2924
-17.3110
-17.2607
-17.3315
-17.2546
-17.3230
-17.2701
-17.1274
-17.0035
-16.9355
-16.8840
-16.8295
-16.7584
-16.6555
-16.5103
-16.3506
-16.2316
-16.1490
-16.0551
-16.0770
-16.2171
-16.3295
-16.4337
-16.5059
-16.6135
-16.7544
-16.8953
-16.9686
-17.0014
-17.0993
-17.2622
-17.3930
-17.4709
-17.5798
-17.5934
-17.5497
-17.5052
-17.4862
-17.4249
-17.3821
-17.4115
-17.4597
-17.5568
-17.6647
-17.7169
-17.7444
-17.8420
-17.9427
-17.9465
-17.9947
-17.8757
-17.9498
-17.9552
-17.9122
-17.9061
-17.9228
-17.9443
-17.9847
-18.0351
-18.0804
-18.0931
-18.0894
-18.0653
-18.0394
-18.0552
-18.1029
-18.1346
-18.1604
-18.2141
-18.2514
-18.2585
-18.2550
-18.2332
-18.2016
-18.1675
-18.1365
-18.1089
-18.1101
-18.1286
-18.1365
-18.1221
-18.0794
-18.0272
-17.9895
-17.9469
-17.9128
-17.8927
-17.8793
-17.8949
-17.9232
-17.9401
-17.9486
-17.9585
-17.9594
-17.9705
-17.9912
-18.0143
-18.0050
-17.9935
-18.0024
-18.0233
-17.9816
-17.8918
-17.7561
-17.6382
-17.5279
-17.4284
-17.3297
-17.2431
-17.1767
-17.1216
-17.0508
-16.9563
-16.8341
-16.7110
-16.5972
-16.4826
-16.3566
-16.2394
-16.1796
-16.1480
-16.1302
-16.1305
-16.1498
-16.1865
-16.2430
-16.3068
-16.3465
-16.3809
-16.4023
-16.4195
-16.4510
-16.4891
-16.5050
-16.5156
-16.5607
-16.6428
-16.6936
-16.7183
-16.7456
-16.7868
-16.8409
-16.9032
-16.9497
-16.9053
-16.9150
-16.9873
-16.9490
-16.9524
-16.9490
-16.9663
-17.0471
-17.1191
-17.1577
-17.1409
-17.1641
-17.2104
-17.1309
-17.0656
-17.0896
-17.1907
-17.2685
-17.2790
-17.2443
-17.2169
-17.1914
-17.1787
-17.1581
-17.1311
