1.0214
1.0772
1.1368
1.1346
1.0963
1.1557
1.1829
1.2100
1.3001
1.4067
1.4821
1.5223
1.5107
1.5615
1.5914
1.5722
1.4691
1.2622
1.0415
0.8645
0.7150
0.5010
0.2895
0.1454
-0.0085
-0.2329
-0.4352
-0.6099
-0.7954
-0.9069
-1.0154
-1.1280
-1.2068
-1.3293
-1.3838
-1.4664
-1.5268
-1.5398
-1.5441
-1.5268
-1.4774
-1.3948
-1.3537
-1.3648
-1.4257
-1.4923
-1.5814
-1.6705
-1.7356
-1.7991
-1.8739
-1.9904
-2.1458
-2.3261
-2.5400
-2.7954
-3.0834
-3.3422
-3.7000
-4.0757
-4.2421
-4.5172
-4.8695
-4.9461
-4.9880
-4.9655
-5.1563
-5.2974
-5.3738
-5.4266
-5.3989
-5.2678
-5.1375
-4.9938
-4.8599
-4.6941
-4.5041
-4.3044
-4.1481
-4.0286
-3.9311
-3.8817
-3.8287
-3.7833
-3.7287
-3.6853
-3.6512
-3.6112
-3.5987
-3.6204
-3.6865
-3.7338
-3.7768
-3.7757
-3.7202
-3.6424
-3.5522
-3.4582
-3.3998
-3.3950
-3.3738
-3.3588
-3.3982
-3.5068
-3.6637
-3.8294
-3.9478
-4.0710
-4.1959
-4.3629
-4.5203
-4.6384
-4.7210
-4.8122
-4.8639
-4.6961
-4.2893
-4.1490
-4.1902
-3.8832
-3.5291
-3.3531
-3.3164
-3.5194
-3.4682
-3.4145
-3.4611
-3.4879
-3.5559
-3.6973
-3.9082
-4.1759
-4.4642
-4.6750
-4.7200
-4.7006
-4.6999
-4.8349
-4.8960
-4.9409
-4.8695
-4.9609
-5.2934
-5.4554
-5.2693
-5.0607
-5.2619
-5.0607
-6.3142
-6.7260
-7.0720
-7.2819
-7.0407
-7.2500
-7.6510
-8.1542
-8.0989
-7.6826
-8.0031
-7.7184
-7.8113
-7.8023
-7.4554
-7.3087
-7.2345
-7.0878
-6.6396
-6.1460
-6.2933
-7.0922
-6.7524
-6.7230
-6.3087
-6.3385
-6.2580
-5.6920
-5.7011
-5.9566
-6.2634
-5.9417
-5.7394
-5.2356
-4.2332
-4.1787
-3.6179
-4.2791
-5.0831
-5.8824
-6.7504
-7.7838
-7.4126
-7.1771
-8.8586
-10.2067
-10.3365
-10.0312
-9.4579
-9.1597
-9.7751
-11.2122
-10.6669
-8.7285
-6.9106
-7.4648
-7.6660
-8.0369
-10.3418
-12.0446
-12.3506
-13.2626
-14.0158
-12.7090
-12.9008
-12.3035
-12.3360
-13.2283
-13.1804
-12.8518
-12.6188
-12.3466
-12.2677
-12.8724
-13.7663
-14.8517
-14.8380
-14.7053
-14.3134
-13.4448
-12.5346
-12.8489
-12.6136
-12.4248
-11.8245
-11.1081
-10.8806
-10.7418
-10.6030
-10.0481
-9.3854
-9.2253
-9.0120
-8.8979
-9.0929
-9.2338
-9.4738
-9.1643
-8.8232
-8.5054
-7.5012
-6.8245
-6.4754
-6.3254
-6.3594
-6.2642
-5.8722
-5.5020
-5.7397
-5.6371
-5.5818
-5.3265
-5.3648
-5.5577
-5.5560
-5.1501
-4.7238
-4.7187
-4.6399
-4.7111
-4.7565
-4.6246
-4.3895
-4.4595
-4.4621
-4.3186
-4.0163
-3.5075
-3.0388
-2.7604
-2.5388
-2.3392
-2.3589
-2.5431
-2.6493
-2.8185
-2.9123
-2.7385
-2.3419
-1.9960
-1.8894
-1.9881
-2.0910
-2.1460
-2.2557
-2.3318
-2.4085
-2.4453
-2.2527
-2.0087
-1.8929
-1.9187
-1.9741
-2.1022
-2.2057
-2.2225
-2.2394
-2.3284
-2.3991
-2.3915
-2.2977
-2.2699
-2.1168
-2.2521
-2.3864
-2.4673
-2.5053
-2.5052
-2.5330
-2.6184
-2.6973
-2.7530
-2.7517
-2.7237
-2.7493
-2.7739
-2.7682
-2.7755
-2.7996
-2.8211
-2.8536
-2.8830
-2.9523
-3.0567
-3.1663
-3.2340
-3.3113
-3.4057
-3.5091
-3.6067
-3.7430
-3.9322
-4.0818
-4.1794
-4.2347
-4.2825
-4.3383
-4.4233
-4.4911
-4.5129
-4.5625
-4.6115
-4.6275
-4.6630
-4.8787
-5.0260
-5.0460
-5.1880
-5.2966
-5.4040
-5.5297
-5.6218
-5.6769
-5.7098
-5.7600
-5.7948
-5.7961
-5.7934
-5.7778
-5.7755
-5.7229
-5.6306
-5.6010
-5.6473
-5.6673
-5.6265
-5.5289
-5.4397
-5.3230
