4.1873
4.3014
4.5406
4.7059
4.8861
5.0666
5.2119
5.3891
5.5009
5.5506
5.6846
5.7810
5.8858
5.8619
5.9012
5.9277
5.8832
5.7794
5.8585
5.9813
6.0973
6.0374
6.2623
6.3297
5.9479
5.3059
5.0176
4.9719
5.3171
5.4254
5.6529
5.7608
5.8120
5.9037
6.0376
6.1446
6.2624
6.3934
6.4728
6.5317
6.6116
6.7128
6.8301
6.9173
6.9885
7.0265
7.0236
7.0342
7.0666
7.1249
7.2185
7.3570
7.4754
7.6023
7.7603
7.9019
7.9658
8.0359
8.1355
8.0700
7.9589
7.8233
7.7937
7.9974
8.2537
8.4971
8.6328
8.7617
8.8224
8.9101
9.0460
9.1939
9.2937
9.4029
9.5006
9.6186
9.7012
9.7659
9.7934
9.8285
9.9097
10.0332
10.1851
10.3631
10.5293
10.6820
10.7751
10.7724
10.6971
10.5701
10.4078
10.2360
10.0787
9.9483
9.8354
9.7349
9.7168
9.7230
9.7287
9.7403
9.7571
9.7028
9.6058
9.5049
9.4245
9.3727
9.4131
9.5488
9.7027
9.7960
9.7719
9.7434
9.7241
9.6832
9.6114
9.4958
9.2766
9.4387
9.5271
8.9210
8.4485
8.5721
8.4992
8.3581
8.1435
8.0160
8.0720
8.1360
8.2146
8.1530
8.1100
8.1675
8.2310
8.2671
8.2810
8.2295
8.2744
8.3909
8.4622
8.5316
8.8781
9.0024
8.3402
8.3672
8.4631
8.1380
8.0122
6.9931
6.9135
6.7692
6.7444
6.8454
7.0954
7.6216
7.4295
7.4770
8.2811
8.2961
7.4874
7.2643
7.1400
6.6792
7.1602
7.5053
7.3213
6.7319
6.6671
6.3217
6.2040
5.7064
5.4827
5.4955
5.5127
5.6230
5.7192
6.4446
6.4443
6.3639
6.1801
5.6514
5.4080
4.5308
4.8551
4.1739
3.6449
3.1766
2.9301
2.2608
1.3910
1.3918
0.9345
0.0436
-0.4127
-0.2836
-0.7659
-1.1696
-1.0381
-0.6267
-1.6332
-3.3493
-4.9106
-5.4616
-6.4934
-8.2167
-8.0059
-7.3478
-6.4076
-6.5687
-6.5080
-6.8345
-5.9022
-6.1786
-6.0269
-6.0074
-5.8749
-6.1362
-6.4809
-6.5170
-6.6852
-6.7161
-6.6865
-6.3122
-6.2848
-6.5781
-6.2104
-6.1664
-6.4407
-6.9455
-7.5589
-7.7119
-8.2849
-8.6875
-9.2619
-9.8323
-10.0821
-10.3155
-10.5099
-10.6008
-10.6920
-10.4811
-10.1593
-10.1864
-9.8875
-10.0247
-9.9202
-9.7817
-9.9317
-10.2745
-10.2924
-10.3311
-10.4585
-10.1300
-10.2721
-10.6483
-10.7642
-10.6739
-10.8075
-10.6485
-10.5292
-10.5095
-10.2373
-9.8572
-9.8002
-9.7470
-9.8161
-9.5705
-9.6382
-9.4484
-9.4113
-9.3108
-9.2996
-9.1370
-8.9118
-8.6271
-8.3062
-8.1375
-7.9909
-7.8770
-7.7281
-7.7027
-7.5655
-7.3911
-7.3005
-7.0670
-6.8540
-6.8538
-7.0841
-7.2686
-7.3777
-7.3543
-7.3201
-7.3669
-7.3935
-7.4236
-7.4226
-7.3130
-7.3469
-7.4656
-7.5119
-7.4545
-7.4108
-7.2953
-7.0224
-6.7782
-6.6977
-6.6371
-6.5833
-6.5161
-6.4294
-6.3739
-6.0825
-6.0751
-5.9168
-5.6642
-5.4315
-5.2804
-5.2017
-5.1448
-5.0741
-4.9341
-4.7576
-4.5418
-4.3049
-4.1021
-3.9647
-3.8431
-3.7585
-3.7311
-3.6722
-3.6773
-3.6848
-3.6922
-3.6625
-3.5909
-3.5281
-3.4622
-3.3587
-3.2216
-3.1016
-3.0001
-2.9109
-2.8476
-2.7918
-2.7166
-2.5908
-2.4146
-2.1843
-1.9081
-1.6114
-1.3203
-1.0098
-0.7186
-0.4248
-0.1072
0.1688
0.4604
0.7066
0.9325
1.1720
1.3748
1.5851
1.7789
1.9465
2.1638
2.3947
2.5482
2.6410
2.7738
2.8906
3.0206
3.1908
3.3898
3.5726
3.7001
3.7787
3.7872
3.8107
