4.2680
4.4370
4.3870
4.4800
4.6490
4.5800
4.5570
4.5090
4.3370
4.3590
4.3850
4.4420
4.4300
4.3610
4.2300
4.1180
4.0710
3.9320
3.8470
3.6630
3.5850
3.5800
3.5520
3.5560
3.5390
3.6940
3.7940
4.2670
4.5530
4.6900
4.8620
5.1700
5.4830
5.5100
5.4280
5.3230
5.2400
5.3000
5.3600
5.5240
5.9110
6.5020
6.5790
6.5900
7.0770
6.5190
6.5740
6.1100
6.2220
5.9620
5.6020
5.1800
5.9590
6.2320
5.1560
5.3480
5.7660
6.2300
5.8390
5.5470
5.7750
5.5780
5.4150
5.2400
5.1940
5.6320
6.2530
5.7390
5.3130
5.2330
5.1310
5.2500
5.4340
5.7420
5.7400
5.5530
5.6520
5.9130
5.8470
5.8740
5.8530
5.8220
5.9250
5.9050
5.8470
5.6600
5.5340
5.4380
5.3200
5.2140
5.1370
5.0680
4.9790
4.9530
4.9080
4.9440
4.9640
4.9760
4.9290
4.8930
4.9140
4.9280
4.9230
4.8960
4.8700
4.8710
4.7140
4.6420
4.5460
4.4390
4.3380
4.2670
4.1760
4.1070
3.9870
3.9230
3.9640
3.9600
3.9950
3.9700
3.9800
4.0280
4.0850
4.1250
4.1660
4.2060
4.2700
4.3360
4.3110
4.3630
4.4230
4.4410
4.4520
4.4750
4.5170
4.5750
4.6430
4.7360
4.8270
4.9200
5.0010
5.0530
5.0940
5.1000
5.0730
4.9940
4.8810
4.7330
4.6300
4.5580
4.4550
4.3610
4.2900
4.2360
4.1790
4.1110
4.0530
3.9710
3.9150
3.8420
3.7140
3.5470
3.4950
3.5520
3.5840
3.7070
3.8130
3.9030
4.0110
4.1040
4.1770
4.2220
4.3100
4.3510
4.3290
4.2380
4.1760
4.1630
4.2060
4.1550
4.1540
4.1900
4.2370
4.2730
4.3160
4.3680
4.3510
4.3530
4.4090
4.4210
4.4930
4.5430
4.5770
4.6100
4.6930
4.7980
4.8740
4.9160
4.9570
5.0220
5.0670
5.1340
5.1590
5.1770
5.1900
5.1820
5.1680
5.1350
5.0520
5.0210
4.8870
4.8790
4.8570
4.8430
4.8080
4.8150
4.8000
4.7830
4.7780
4.8110
4.8640
4.9260
4.9600
4.9310
4.8740
4.8430
4.8160
4.8150
4.8520
4.8690
4.8680
4.9000
4.9370
4.9420
4.9540
4.9970
5.0650
5.1280
5.1750
5.2130
5.2340
5.2600
5.2490
5.3070
5.3240
5.3290
5.3200
5.2900
5.2920
5.2890
5.2450
5.2030
5.2110
5.1960
5.1560
5.0980
4.9660
4.8980
4.9360
5.0060
5.0530
5.1210
5.1440
5.1190
5.0610
5.0170
5.0080
5.0190
5.0490
5.0900
5.1340
5.1510
5.1210
4.9710
4.9080
4.9190
4.9950
5.0970
5.2380
5.2170
5.1210
5.0540
5.0420
5.0690
5.0630
5.0660
5.0880
5.0790
5.0710
5.1030
5.1200
5.1720
5.2100
5.2640
5.3640
5.5730
5.8300
6.0500
6.2490
6.2160
5.9510
5.6240
5.2070
4.7740
4.2970
4.1280
3.7820
3.7270
3.9030
3.9360
3.9490
4.0000
4.2370
4.4010
4.5030
4.7000
4.8380
4.8370
4.7520
4.6440
4.7400
4.8600
5.0570
5.2830
5.4220
5.5490
5.6880
5.8850
6.0220
6.1360
6.2370
6.3220
6.3860
6.4390
6.4410
6.4480
6.4760
6.4630
6.4620
6.4380
6.4310
6.3370
6.2730
6.1080
5.9650
5.8530
5.8020
5.6970
5.6560
5.5580
5.4490
5.4900
5.5780
5.8080
5.8530
5.9770
5.9940
6.0560
6.1910
6.3160
6.3220
6.1420
6.0670
5.8710
5.9160
6.0240
6.0270
6.0270
5.9430
5.8820
5.8270
5.7410
5.7330
5.7610
5.7890
5.7570
5.8090
