1126.8000
1087.7000
1071.1000
1074.4000
1097.9000
1075.0000
1137.3000
1093.7000
1127.7000
1104.3000
1116.3000
1119.8000
1109.6000
1112.5000
1132.5000
1147.8000
1186.7000
1193.8000
1193.6000
1184.7000
1183.7000
1178.9000
1179.3000
1192.5000
1179.1000
1165.6000
1161.0000
1143.9000
1145.2000
1146.8000
1137.8000
1119.1000
1095.8000
1100.9000
1101.4000
1111.2000
1119.8000
1122.5000
1119.9000
1105.8000
1079.8000
1046.3000
1062.1000
1064.5000
1008.3000
1036.8000
1049.8000
1056.6000
1047.2000
1053.0000
1034.2000
1032.8000
962.5200
953.4500
986.9500
972.5000
949.1400
923.5900
929.4600
915.5000
889.7700
881.0000
882.1500
896.5100
883.3100
858.2300
834.6300
847.1300
860.7700
856.8300
861.7400
861.2900
867.9100
864.3400
866.1300
874.4800
880.8900
875.8600
879.1300
878.1800
879.0600
883.6600
882.5100
874.1500
863.8400
858.8500
852.2800
810.4200
776.3200
764.3600
756.8000
759.6100
753.4400
741.3700
717.5900
707.8900
712.3300
712.1200
714.6500
716.8100
705.8700
699.9200
698.2200
701.6100
703.7100
702.4000
699.6600
692.5100
692.2100
693.2600
694.7400
727.9200
758.7800
764.7100
767.2800
761.2800
768.8100
780.6800
806.2900
816.0100
813.8200
815.9000
817.5200
813.9100
821.5400
824.6300
826.2800
823.9200
822.9900
823.1200
820.7200
824.1700
823.8000
822.1800
817.9800
796.0700
777.9500
768.2800
761.6700
760.2600
750.0200
738.7000
717.9800
708.8200
699.2700
689.8800
681.3000
664.0700
640.0500
626.8000
618.4100
615.1600
608.4400
598.4900
586.4300
580.7900
580.8100
578.4400
571.8400
596.0800
608.0700
611.3900
615.2900
614.1100
623.9200
633.5500
650.2900
654.9900
653.3800
653.3800
650.5800
646.2900
642.6000
644.6600
647.8500
657.8300
664.6100
668.5100
666.4700
676.6700
682.2400
685.3800
688.2700
659.7700
634.1100
625.0600
627.0600
639.2300
635.1200
625.6500
602.5000
593.2800
593.0200
591.7400
590.4000
598.3200
595.7200
593.6800
591.4400
590.6100
593.1700
590.9400
592.5000
587.8400
586.0800
587.1900
585.5200
620.0400
650.3900
656.8800
658.4000
651.8000
655.4900
664.1000
685.9400
697.1800
697.2500
700.9900
702.9800
698.7000
706.6900
713.1900
715.7200
716.8200
720.5900
724.2000
727.6700
732.2100
732.7400
734.4000
739.4000
705.6800
680.7700
670.2900
664.0700
663.0700
651.1000
629.8000
600.9900
581.6600
573.8500
561.7200
553.5400
547.5200
532.4000
516.4100
502.6300
492.1300
484.1400
475.7800
468.8400
455.9200
440.8900
435.4500
428.7800
452.7800
476.1500
486.5000
495.7200
497.2100
506.8900
517.6500
536.6300
553.3000
557.4100
561.9900
563.0100
552.7000
550.9900
549.6900
549.6200
551.8000
550.9600
557.0200
553.2700
553.9000
552.6800
554.0000
550.6500
515.8100
490.1200
479.0700
478.0800
487.9100
484.6700
472.2500
445.5900
433.0600
433.6500
432.4100
435.4800
442.6200
440.9100
432.8600
422.7600
414.6900
405.3500
391.8900
388.7000
376.0300
374.2400
381.7600
388.9800
423.4600
459.7300
482.8600
482.9000
469.6700
476.6500
477.9500
489.3700
489.0500
474.7400
468.5300
466.0800
453.2600
451.3100
444.3600
448.3300
442.2900
435.6100
425.7000
416.8100
412.3400
412.0700
404.4900
403.6800
380.9500
360.3300
353.5100
351.9400
349.7100
342.0000
330.2600
312.3600
294.6300
282.0400
269.6900
255.4700
255.6500
239.8900
226.9400
209.1900
201.7900
193.2500
185.6500
185.4600
185.9300
184.8800
184.1000
185.2500
197.7800
209.2700
212.2200
219.4700
213.2500
213.9100
223.2500
235.4600
237.4200
238.3300
241.4100
244.5300
246.9000
248.6800
246.1700
247.0800
243.1600
250.6900
253.3400
251.7600
258.5400
262.9900
261.6600
265.2400
229.6200
194.2300
