5.9728
6.2411
6.1611
6.3083
6.5771
6.4678
6.4301
6.3545
6.0822
6.1173
6.1578
6.2486
6.2286
6.1203
5.9121
5.7347
5.6601
5.4383
5.3041
5.0128
4.8891
4.8811
4.8362
4.8420
4.8154
5.0622
5.2203
5.9706
6.4249
6.6420
6.9143
7.4033
7.8999
7.9425
7.8128
7.6469
7.5149
7.6094
7.7051
7.9657
8.5797
9.5177
9.6391
9.6568
10.4290
9.5442
9.6314
8.8946
9.0721
8.6606
8.0894
7.4187
8.6559
9.0886
7.3819
7.6862
8.3486
9.0861
8.4653
8.0023
8.3629
8.0506
7.7917
7.5151
7.4412
8.1374
9.1217
8.3061
7.6303
7.5027
7.3423
7.5302
7.8231
8.3106
8.3073
8.0114
8.1686
8.5818
8.4776
8.5203
8.4876
8.4376
8.6010
8.5691
8.4782
8.1807
7.9816
7.8285
7.6419
7.4732
7.3508
7.2410
7.1012
7.0599
6.9870
7.0455
7.0759
7.0963
7.0218
6.9641
6.9970
7.0200
7.0121
6.9686
6.9278
6.9283
6.6792
6.5660
6.4138
6.2440
6.0841
5.9699
5.8269
5.7161
5.5257
5.4240
5.4897
5.4833
5.5392
5.4991
5.5155
5.5918
5.6816
5.7448
5.8108
5.8736
5.9748
6.0800
6.0397
6.1224
6.2179
6.2466
6.2641
6.3010
6.3681
6.4596
6.5670
6.7150
6.8594
7.0074
7.1359
7.2174
7.2826
7.2927
7.2502
7.1247
6.9457
6.7097
6.5474
6.4324
6.2693
6.1202
6.0071
5.9211
5.8310
5.7226
5.6304
5.5014
5.4121
5.2964
5.0925
4.8289
4.7461
4.8364
4.8876
5.0815
5.2509
5.3936
5.5646
5.7123
5.8272
5.8987
6.0387
6.1045
6.0694
5.9246
5.8269
5.8063
5.8746
5.7937
5.7910
5.8477
5.9228
5.9802
6.0482
6.1316
6.1044
6.1074
6.1967
6.2155
6.3286
6.4092
6.4622
6.5142
6.6466
6.8130
6.9346
6.9998
7.0650
7.1681
7.2400
7.3462
7.3867
7.4144
7.4354
7.4227
7.4005
7.3481
7.2161
7.1675
6.9549
6.9423
6.9067
6.8845
6.8291
6.8406
6.8171
6.7889
6.7814
6.8335
6.9183
7.0166
7.0699
7.0235
6.9332
6.8842
6.8416
6.8409
6.8986
6.9256
6.9248
6.9755
7.0336
7.0419
7.0613
7.1286
7.2371
7.3370
7.4116
7.4725
7.5054
7.5457
7.5296
7.6215
7.6477
7.6557
7.6422
7.5946
7.5979
7.5926
7.5229
7.4560
7.4683
7.4440
7.3811
7.2896
7.0796
6.9721
7.0329
7.1439
7.2171
7.3264
7.3626
7.3221
7.2303
7.1600
7.1466
7.1643
7.2111
7.2770
7.3468
7.3738
7.3252
7.0880
6.9875
7.0045
7.1255
7.2882
7.5115
7.4780
7.3253
7.2201
7.2009
7.2433
7.2330
7.2381
7.2728
7.2594
7.2461
7.2979
7.3236
7.4073
7.4676
7.5524
7.7120
8.0432
8.4502
8.7996
9.1153
9.0632
8.6432
8.1237
7.4630
6.7753
6.0181
5.7498
5.2010
5.1135
5.3929
5.4460
5.4656
5.5473
5.9234
6.1833
6.3448
6.6574
6.8763
6.8746
6.7406
6.5695
6.7211
6.9118
7.2241
7.5827
7.8031
8.0044
8.2254
8.5376
8.7548
8.9364
9.0964
9.2314
9.3334
9.4174
9.4196
9.4314
9.4753
9.4558
9.4541
9.4152
9.4048
9.2548
9.1530
8.8924
8.6657
8.4867
8.4059
8.2398
8.1754
8.0186
7.8460
7.9117
8.0511
8.4155
8.4867
8.6836
8.7105
8.8101
9.0231
9.2212
9.2317
8.9465
8.8275
8.5155
8.5865
8.7594
8.7633
8.7642
8.6306
8.5328
8.4457
8.3091
8.2964
8.3410
8.3856
8.3351
8.4172
