-2.1034
-2.1506
-2.2048
-2.2268
-2.2519
-2.3269
-2.3954
-2.4919
-2.5911
-2.6459
-2.6770
-2.6921
-2.7216
-2.7710
-2.8186
-2.8399
-2.8504
-2.8702
-2.8578
-2.8330
-2.7805
-2.7219
-2.6682
-2.6486
-2.6279
-2.5856
-2.5226
-2.4670
-2.4897
-2.4280
-2.3528
-2.3138
-2.2568
-2.2099
-2.1647
-2.1910
-2.2272
-2.2575
-2.2688
-2.2790
-2.3146
-2.3653
-2.3825
-2.4656
-2.5042
-2.6220
-2.7012
-2.7348
-2.7670
-2.8129
-2.8234
-2.8327
-2.8115
-2.8046
-2.8668
-2.7974
-2.7158
-2.7385
-2.8044
-2.8357
-2.8655
-2.8581
-2.8847
-2.9164
-2.9307
-2.9453
-2.9673
-2.9851
-2.9920
-2.9841
-2.9669
-2.9551
-2.9512
-2.9304
-2.9133
-2.9002
-2.8841
-2.8626
-2.8512
-2.8402
-2.8363
-2.8450
-2.8641
-2.8865
-2.9014
-2.9112
-2.9158
-2.8976
-2.8807
-2.8753
-2.8729
-2.8759
-2.8742
-2.8711
-2.8654
-2.8682
-2.8810
-2.8933
-2.9065
-2.9175
-2.9255
-2.9372
-2.9551
-2.9692
-2.9808
-2.9899
-2.9703
-2.9408
-2.9466
-2.9543
-2.9624
-2.9884
-3.0160
-3.0147
-3.0080
-3.0197
-3.0201
-3.0382
-3.0730
-3.0842
-3.0715
-3.0691
-3.0726
-3.0303
-2.9885
-2.9393
-2.8985
-2.8730
-2.8414
-2.8165
-2.8049
-2.7832
-2.7658
-2.7424
-2.7133
-2.6797
-2.6554
-2.6587
-2.6861
-2.7336
-2.7966
-2.8596
-2.9191
-2.9734
-2.9977
-2.9921
-2.9697
-2.9252
-2.8763
-2.8507
-2.8368
-2.8261
-2.8373
-2.8665
-2.9063
-2.9565
-3.0097
-3.0620
-3.1111
-3.1625
-3.2254
-3.2974
-3.3462
-3.4127
-3.4421
-3.4513
-3.4884
-3.5112
-3.5227
-3.5316
-3.5347
-3.5339
-3.5218
-3.5165
-3.5118
-3.5073
-3.5087
-3.5082
-3.5096
-3.5159
-3.5160
-3.5130
-3.5125
-3.5146
-3.5159
-3.5182
-3.5265
-3.5350
-3.5378
-3.5395
-3.5357
-3.5310
-3.5275
-3.5271
-3.5271
-3.5252
-3.5346
-3.5445
-3.5590
-3.5767
-3.5913
-3.6015
-3.6065
-3.6073
-3.6075
-3.6110
-3.6165
-3.6137
-3.6071
-3.5823
-3.5699
-3.5268
-3.4816
-3.4353
-3.3803
-3.3194
-3.2608
-3.2000
-3.1400
-3.0810
-3.0223
-2.9635
-2.9087
-2.8588
-2.8147
-2.7833
-2.7637
-2.7514
-2.7472
-2.7524
-2.7625
-2.7761
-2.7977
-2.8142
-2.8284
-2.8514
-2.8724
-2.8767
-2.8681
-2.8517
-2.8393
-2.8267
-2.8150
-2.8025
-2.7853
-2.7782
-2.7817
-2.7944
-2.8194
-2.8501
-2.8854
-2.9227
-2.9594
-2.9897
-3.0223
-3.0646
-3.1203
-3.1790
-3.2358
-3.2563
-3.2867
-3.3102
-3.3360
-3.3732
-3.4101
-3.4350
-3.4538
-3.4693
-3.4834
-3.4969
-3.5073
-3.5091
-3.5045
-3.5069
-3.5007
-3.4879
-3.4702
-3.4457
-3.4271
-3.4175
-3.4152
-3.4087
-3.3936
-3.3804
-3.3777
-3.3778
-3.3731
-3.3576
-3.3326
-3.2976
-3.2665
-3.2380
-3.2009
-3.1535
-3.0967
-3.0390
-2.9837
-2.9317
-2.8979
-2.8681
-2.8445
-2.8228
-2.8171
-2.8505
-2.8758
-2.9063
-2.9018
-2.9020
-2.8854
-2.8183
-2.7218
-2.6083
-2.5395
-2.4834
-2.3717
-2.2393
-2.1127
-1.9888
-1.8594
-1.7103
-1.5978
-1.4595
-1.3099
-1.1397
-0.9760
-0.8960
-0.9360
-1.0404
-1.1123
-1.2315
-1.3838
-1.4894
-1.6092
-1.7044
-1.8291
-1.9237
-1.9774
-2.0231
-2.0855
-2.1433
-2.1987
-2.2528
-2.3085
-2.3585
-2.4009
-2.4402
-2.4662
-2.4912
-2.5025
-2.5342
-2.5759
-2.6174
-2.6543
-2.6383
-2.7276
-2.7263
-2.7837
-2.8207
-2.8300
-2.8335
-2.8490
-2.8802
-2.9011
-2.9211
-2.9329
-2.9442
-2.9460
-2.9421
-2.9422
-2.9315
-2.9049
-2.8795
-2.8335
-2.7808
-2.7372
-2.7005
-2.6681
