-4.9521
-5.1205
-4.9441
-5.0436
-5.1692
-4.8136
-4.7236
-4.5344
-4.3642
-4.5096
-4.7349
-4.9779
-5.0451
-4.9127
-4.5552
-4.2902
-4.2824
-4.2011
-4.1860
-4.0381
-4.0333
-4.1888
-4.3497
-4.5403
-4.6664
-4.9582
-5.1052
-5.9316
-6.3724
-6.5389
-6.7760
-7.2510
-7.7239
-7.7429
-7.6137
-7.4884
-7.4038
-7.5482
-7.6879
-7.9635
-8.5783
-9.5172
-9.6378
-9.6178
-10.4109
-9.5381
-9.6156
-8.8562
-9.0029
-8.5677
-8.0435
-7.4181
-8.6127
-8.9264
-7.3177
-7.5837
-8.2120
-8.9944
-8.3536
-7.8956
-8.3084
-8.0098
-7.6972
-7.4134
-7.3162
-7.9826
-8.8802
-8.0126
-7.3500
-7.2703
-7.1286
-7.3151
-7.5744
-7.9910
-7.9508
-7.5793
-7.6312
-7.9946
-7.8431
-7.9691
-7.9654
-7.9109
-8.0619
-7.9644
-7.8689
-7.6378
-7.4921
-7.3929
-7.2950
-7.1770
-7.0816
-7.0021
-6.8948
-6.8671
-6.7946
-6.8367
-6.8374
-6.8345
-6.7890
-6.7749
-6.8478
-6.8779
-6.8766
-6.8435
-6.8039
-6.8156
-6.6268
-6.5485
-6.4083
-6.2436
-6.0837
-5.9675
-5.8246
-5.7132
-5.5241
-5.4239
-5.4896
-5.4830
-5.5392
-5.4979
-5.5094
-5.5796
-5.6651
-5.7214
-5.7800
-5.8362
-5.9321
-6.0308
-5.9693
-6.0265
-6.0977
-6.0964
-6.0825
-6.0938
-6.1421
-6.2171
-6.2988
-6.4073
-6.5121
-6.6326
-6.7662
-6.8769
-6.9863
-7.0542
-7.0481
-6.9641
-6.8087
-6.5910
-6.4468
-6.3354
-6.1793
-6.0398
-5.9394
-5.8560
-5.7704
-5.6629
-5.5814
-5.4603
-5.3711
-5.2601
-5.0485
-4.7651
-4.6598
-4.7014
-4.7140
-4.8873
-5.0383
-5.1908
-5.4023
-5.5793
-5.7283
-5.8262
-5.9890
-6.0639
-6.0252
-5.8809
-5.7641
-5.7340
-5.8026
-5.7028
-5.6765
-5.7145
-5.7669
-5.7987
-5.8666
-5.9878
-5.9947
-6.0224
-6.1344
-6.1628
-6.2877
-6.3756
-6.4279
-6.4818
-6.6182
-6.7885
-6.9117
-6.9773
-7.0387
-7.1448
-7.2240
-7.3349
-7.3753
-7.4010
-7.4212
-7.4102
-7.3848
-7.3278
-7.1847
-7.1215
-6.8828
-6.8619
-6.8259
-6.8082
-6.7560
-6.7752
-6.7636
-6.7484
-6.7557
-6.8244
-6.9183
-7.0039
-7.0377
-6.9879
-6.9074
-6.8739
-6.8415
-6.8356
-6.8807
-6.8849
-6.8465
-6.8552
-6.8675
-6.8374
-6.8292
-6.8914
-7.0344
-7.1825
-7.3111
-7.4073
-7.4699
-7.5240
-7.5128
-7.6101
-7.6387
-7.6507
-7.6404
-7.5936
-7.5978
-7.5925
-7.5229
-7.4531
-7.4587
-7.4348
-7.3751
-7.2880
-7.0793
-6.9650
-7.0166
-7.1097
-7.1703
-7.2627
-7.2723
-7.1936
-7.0943
-7.0546
-7.0605
-7.0939
-7.1450
-7.1812
-7.1802
-7.1391
-7.0880
-6.8832
-6.8123
-6.8545
-6.9902
-7.1491
-7.3601
-7.2896
-7.0822
-6.9424
-6.8668
-6.8415
-6.7561
-6.7163
-6.7158
-6.6933
-6.6844
-6.7022
-6.6998
-6.7887
-6.8791
-7.0169
-7.2190
-7.6424
-8.0947
-8.4726
-8.7995
-8.7002
-8.1943
-7.4926
-6.7214
-6.0770
-5.4169
-4.9627
-4.5865
-4.6644
-4.7462
-4.9806
-5.0740
-5.2710
-5.7502
-6.0133
-6.1290
-6.4170
-6.6753
-6.6984
-6.5495
-6.3676
-6.5209
-6.7256
-6.9914
-7.2559
-7.4302
-7.6608
-7.9088
-8.2767
-8.5347
-8.7525
-8.9406
-9.1150
-9.2585
-9.3669
-9.3899
-9.4124
-9.4589
-9.4429
-9.4426
-9.4055
-9.3968
-9.2495
-9.1503
-8.8912
-8.6656
-8.4854
-8.4044
-8.2387
-8.1753
-8.0173
-7.8446
-7.9070
-8.0466
-8.4150
-8.4851
-8.6807
-8.6928
-8.7837
-8.9963
-9.1991
-9.2121
-8.9149
-8.8052
-8.4983
-8.5803
-8.7593
-8.7580
-8.7578
-8.6233
-8.5236
-8.4380
-8.3051
-8.2864
-8.3199
-8.3486
-8.2830
-8.3375
