3.3394
3.5681
3.6763
3.7889
4.0667
4.3200
4.3628
4.4518
4.2364
4.1334
3.9369
3.7769
3.6528
3.6502
3.7688
3.8054
3.7011
3.4534
3.2575
2.9701
2.7632
2.5057
2.1139
1.6825
1.1888
1.0206
1.0902
0.6816
0.8201
1.1660
1.3759
1.4937
1.6581
1.7696
1.7528
1.5487
1.2873
0.9635
0.5144
0.1874
0.1572
0.0973
-0.1534
-0.8670
-0.6141
-0.3422
-0.5515
-0.8251
-1.1182
-1.2649
-0.8602
0.0971
0.8635
1.7094
0.9714
1.2511
1.5043
1.2874
1.3703
1.3022
0.9526
0.8095
1.2097
1.2316
1.3584
1.5793
2.0852
2.1883
2.0492
1.8528
1.7583
1.7871
1.9571
2.2825
2.4074
2.5953
2.9139
3.1197
3.2179
3.0148
2.9312
2.9345
2.9970
3.1619
3.1558
2.9304
2.7520
2.5748
2.2762
2.0834
1.9711
1.8443
1.6996
1.6387
1.6285
1.7026
1.8218
1.9098
1.7932
1.6124
1.4373
1.4052
1.3719
1.3145
1.3042
1.2441
0.8351
0.4795
0.2674
0.0662
-0.0724
-0.1694
-0.1667
-0.1824
-0.1307
-0.0231
-0.0286
-0.0550
-0.0147
-0.1146
-0.2589
-0.3690
-0.4318
-0.5179
-0.5977
-0.6623
-0.7134
-0.7724
-0.9193
-1.0793
-1.2164
-1.3615
-1.4976
-1.6025
-1.6813
-1.7530
-1.8576
-2.0094
-2.1548
-2.2610
-2.2671
-2.1906
-2.0559
-1.8495
-1.7000
-1.5041
-1.3731
-1.2567
-1.1431
-1.1129
-1.0586
-0.9883
-0.8990
-0.8759
-0.8388
-0.8241
-0.7412
-0.6709
-0.6645
-0.6194
-0.6675
-0.7824
-0.9011
-1.1349
-1.2909
-1.3914
-1.4789
-1.4652
-1.3344
-1.2256
-1.0690
-0.9219
-0.7731
-0.7031
-0.7315
-0.7183
-0.8528
-0.9134
-0.9167
-1.0222
-1.1459
-1.2414
-1.3500
-1.4622
-1.4710
-1.3204
-1.1519
-1.0158
-0.8761
-0.8081
-0.7189
-0.6548
-0.6643
-0.6485
-0.6134
-0.5773
-0.5627
-0.5611
-0.6096
-0.5765
-0.4810
-0.4081
-0.4118
-0.4454
-0.4598
-0.4305
-0.4811
-0.5455
-0.6722
-0.8103
-0.9987
-1.0534
-1.0530
-1.0224
-0.9964
-0.9441
-0.8516
-0.7405
-0.5898
-0.3529
0.0092
0.4216
0.6743
0.7060
0.5968
0.3752
0.0383
-0.2695
-0.4970
-0.7492
-1.0389
-1.2904
-1.5192
-1.6849
-1.7953
-1.8237
-1.7007
-1.4976
-1.2163
-0.9847
-0.7294
-0.5719
-0.5032
-0.4173
-0.3696
-0.2744
-0.1658
-0.1258
-0.0499
0.0535
0.0082
-0.2087
-0.3786
-0.3704
-0.2981
-0.1527
0.0695
0.3139
0.4789
0.6982
0.8204
0.9641
1.1499
1.3654
1.3958
1.2240
1.1061
1.0019
0.9737
1.1773
1.5554
1.8455
1.8492
1.6917
1.5548
1.4415
1.3819
1.4172
1.5006
1.6678
1.8713
1.9829
2.1680
2.3788
2.5830
2.6982
2.7913
2.8105
2.7972
2.8877
2.9578
2.9633
2.9057
2.7931
2.7129
2.5073
2.4250
2.3767
2.3786
2.5393
2.7492
3.1392
3.2433
2.9956
2.6219
2.9037
2.4525
2.0955
2.5606
2.2027
2.0314
1.7290
1.4220
1.4398
1.6407
1.7729
1.6506
1.5464
1.5938
1.6162
1.6284
1.5934
1.8187
2.2020
2.3834
2.3198
2.2603
2.0945
1.9506
1.8036
1.6763
1.4612
1.1802
0.9746
0.7462
0.5979
0.5578
0.4933
0.4669
0.4285
0.3881
0.3125
0.2204
0.1419
-0.0438
-0.1471
-0.1620
-0.1341
-0.0501
-0.1449
-0.1495
-0.2724
-0.2665
-0.0897
-0.1667
-0.2248
-0.5555
-0.6823
-0.6946
-0.6390
-0.6004
-0.7518
-0.6262
-0.5411
-0.3244
0.0372
0.3043
0.3373
0.3557
0.3970
0.3590
0.2578
0.4076
0.5919
0.7868
0.9304
1.1552
