2.7740
2.5860
2.6320
2.6080
2.6290
2.7280
2.8190
3.0780
3.1590
3.1970
3.1680
3.1400
3.0530
3.0600
2.9660
2.9430
2.9890
3.1450
3.1630
3.1830
3.3390
3.2390
3.1510
3.4470
3.3560
3.9540
3.5390
4.2280
4.1310
4.0580
3.9930
4.0590
4.2740
4.4690
4.8160
4.9110
4.8200
4.7550
4.6120
3.7210
4.3170
4.3610
4.7980
5.1560
3.8840
5.4830
5.0760
5.3130
4.8400
5.0240
5.3920
5.5390
5.4890
5.4940
5.6350
5.6060
5.6400
5.7290
5.9540
5.8010
5.6680
5.5060
5.3650
5.4420
5.4650
5.5280
5.7390
5.7560
5.6970
5.5750
5.4510
5.4260
5.4230
5.4690
5.4680
5.4430
5.4410
5.4660
5.4990
5.5580
5.6280
5.6750
5.6870
5.7050
5.6840
5.7110
5.7480
5.8540
5.9730
6.0280
6.0320
6.0470
6.1110
6.1330
6.2270
6.3640
6.4470
6.4380
6.4260
6.2080
6.3760
5.9330
5.6400
5.4910
4.8830
5.8310
6.0790
6.3790
6.7460
6.9330
7.4750
7.5120
7.6780
7.0470
7.2050
7.9120
7.0930
6.6090
6.6460
6.7620
6.9160
6.8350
6.6450
6.8650
7.1500
6.9710
6.7420
6.7210
6.2590
5.9870
6.2020
6.0340
6.1390
6.4050
6.5300
6.4410
6.4640
6.3920
6.2610
6.1790
6.2960
6.4900
6.5650
6.5190
6.5340
6.4950
6.4900
6.7730
6.4570
6.6400
6.5150
6.3210
6.2160
6.2510
6.4260
6.3810
6.3550
6.2250
5.9650
5.8070
5.7860
5.8300
5.7800
5.5740
5.4600
5.2840
5.0170
4.7430
4.5870
4.4460
4.2720
4.1820
4.2000
4.1150
3.8030
3.7100
3.8490
4.0170
4.1040
4.2970
4.3350
4.2010
3.7370
3.8110
3.3970
3.4690
3.5280
3.7700
3.3700
3.2420
2.8320
2.8070
3.0660
3.3090
3.4980
3.5610
3.6390
3.7110
3.8960
3.7750
3.5940
3.5460
3.7070
3.9340
3.9900
4.0800
4.2630
4.4180
4.2550
4.1630
3.7080
3.3150
3.4880
3.7130
3.8070
3.8850
4.0060
4.1850
4.2880
4.4200
4.4860
4.5660
4.6480
4.7530
4.8250
4.9030
4.9430
5.0160
5.0660
5.1590
5.2630
5.3690
5.4900
5.5820
5.6440
5.7180
5.7750
5.8470
5.8410
5.8440
5.8370
5.8520
5.8640
5.8280
5.7700
5.7950
5.8500
5.8100
5.6610
5.6490
5.4440
5.2060
5.0540
4.7690
4.4860
4.5260
4.5550
4.4240
4.1920
4.2950
4.4190
4.3360
4.4130
4.4790
4.3260
4.3360
4.2390
4.1730
4.1470
4.0720
4.0140
4.0680
4.0950
4.1200
4.1050
4.1240
4.0950
4.0700
3.9470
3.9850
3.9690
3.8290
3.7510
3.7520
3.6790
3.5370
3.4410
3.3430
3.2260
3.1070
2.9980
2.9660
2.9000
2.8750
2.8700
2.8560
2.8290
2.8350
2.8570
2.8470
2.8360
2.8390
2.8250
2.8160
2.8080
2.7880
2.7430
2.6380
2.5480
2.5080
2.4660
2.4250
2.4000
2.4010
2.4070
2.4190
2.4470
2.4900
2.5390
2.5970
2.6540
2.7050
2.7850
2.8680
2.9470
3.0280
3.1130
3.1960
3.2790
3.3470
3.3940
3.4500
3.5000
3.5570
3.6210
3.7240
3.8310
3.9640
4.1550
4.3770
4.5580
4.7380
4.8880
4.9920
5.0850
5.1430
5.1780
5.2020
5.2090
5.1950
5.2150
5.2340
5.2940
5.2280
5.2120
5.1580
5.0980
4.9950
4.9340
4.9210
4.9200
4.9640
5.0140
5.0700
5.1350
5.2880
5.4410
5.5580
5.6660
5.7250
5.7620
5.8110
5.7910
5.7750
5.8180
5.7510
5.7550
