1085.8000
1087.2000
1113.1000
1119.9000
1147.6000
1139.8000
1137.2000
1125.1000
1113.2000
1127.3000
1133.5000
1138.4000
1139.0000
1123.5000
1137.6000
1159.4000
1169.4000
1173.9000
1161.7000
1162.9000
1155.1000
1173.6000
1195.3000
1191.3000
1208.3000
1178.3000
1211.0000
1183.6000
1210.8000
1238.6000
1249.2000
1240.9000
1242.8000
1215.0000
1179.4000
1176.6000
1176.5000
1176.1000
1195.3000
1236.7000
1203.0000
1201.8000
1186.7000
1178.1000
1281.5000
1165.2000
1170.7000
1151.4000
1177.2000
1152.0000
1128.7000
1113.8000
1101.2000
1082.6000
1062.6000
1053.3000
1043.9000
1023.5000
1000.6000
1011.6000
1016.4000
1026.0000
1020.5000
999.3700
989.0100
977.3600
961.9600
960.8900
968.3100
974.0600
982.4300
986.8900
983.1200
981.0000
979.9100
982.7800
987.1700
988.9200
987.7100
984.6100
981.8100
984.9100
995.6400
1000.6000
1004.1000
1006.9000
1006.0000
968.0400
937.9500
916.8400
899.5300
895.2900
875.4300
852.0700
820.5400
793.2400
776.6500
762.7100
752.4200
749.0700
718.9000
722.2100
719.7100
712.4300
750.7300
699.6900
690.4800
677.6100
648.2800
625.2500
600.9000
627.8900
622.9400
644.4400
632.3600
579.5100
606.3200
633.2500
644.0100
646.4000
655.0400
659.6800
667.4500
646.2400
646.9100
659.0700
666.9300
669.9400
683.7200
690.6300
684.0100
697.1000
699.8100
684.0400
672.2700
642.2800
612.3900
595.9600
585.6800
594.9100
583.5000
563.7500
544.0200
529.0400
520.1600
518.2100
509.3000
464.6300
474.4300
452.8300
420.0200
414.4800
406.2200
383.9000
374.7500
365.6500
366.3300
367.1400
376.6300
401.5000
411.8900
413.1700
425.1000
430.7800
441.9900
464.9300
455.9200
463.6200
454.4300
443.4700
448.0800
444.2800
449.0100
454.9900
462.9800
473.3700
470.3300
484.3800
480.6000
482.6100
493.1000
501.1200
517.3500
460.9700
422.1300
397.7900
401.2600
403.0600
394.4000
371.9100
343.8400
313.3000
313.5600
313.4600
314.8300
335.8600
353.8500
364.6200
372.8200
362.9600
360.6000
356.0100
359.9100
353.3500
344.6500
342.7800
341.2800
376.8300
407.6000
416.2900
427.9900
430.1100
440.2600
454.9100
483.4700
504.7700
512.7800
520.3900
529.7000
526.7100
536.8600
543.9000
554.9000
566.0200
572.8400
578.5500
579.1300
586.4800
594.0900
597.3200
603.2100
584.9300
567.1700
565.2400
568.2800
575.8500
575.9000
568.9400
563.8200
560.1800
563.5800
567.9100
565.4100
574.1400
575.0400
568.8500
562.2000
564.6600
573.9200
561.7800
574.0700
586.1300
589.7500
605.8400
620.8200
637.8200
649.5900
664.0200
686.4600
681.9200
687.2000
712.9000
733.7900
750.9100
771.7900
778.4300
798.4300
794.0900
796.3100
805.7500
817.3600
824.7800
834.7900
836.1900
835.3600
839.3100
849.2300
855.0100
869.0800
844.8300
820.1800
821.5800
829.7400
838.2000
841.0900
838.4900
825.3600
821.4900
827.0200
827.3100
830.9500
847.3900
854.5800
855.7300
859.0000
863.0900
869.5500
874.2500
888.1300
891.3500
890.0700
893.0600
896.6600
929.4100
962.0000
975.9100
985.7200
985.9300
1001.6000
1022.3000
1049.5000
1067.9000
1076.0000
1084.9000
1096.3000
1090.3000
1093.8000
1100.3000
1102.8000
1105.4000
1103.3000
1105.6000
1102.9000
1105.0000
1108.0000
1106.9000
1104.4000
1079.5000
1055.5000
1042.6000
1033.8000
1031.2000
1019.1000
998.9100
977.2600
956.8100
945.2700
934.0600
924.1600
924.7200
919.4500
908.7000
896.0300
893.7600
886.1500
879.3300
875.8800
868.9900
863.3500
864.1200
860.7400
881.2200
909.4800
917.5500
926.5300
936.3000
949.0100
965.3600
988.0400
1001.2000
1012.9000
1015.8000
1024.0000
1005.4000
1002.5000
1011.5000
1015.6000
1034.7000
1028.3000
1026.3000
1023.2000
1023.7000
1023.9000
1032.7000
1034.8000
995.7700
957.3100
