3.6017
3.3036
3.3755
3.3376
3.3717
3.5293
3.6728
4.0835
4.2129
4.2727
4.2267
4.1827
4.0435
4.0550
3.9069
3.8695
3.9421
4.1904
4.2190
4.2503
4.4986
4.3393
4.2003
4.6693
4.5251
5.4733
4.8162
5.9090
5.7556
5.6391
5.5358
5.6403
5.9825
6.2916
6.8413
6.9920
6.8480
6.7446
6.5179
5.1042
6.0503
6.1201
6.8136
7.3810
5.3636
7.8995
7.2545
7.6308
6.8792
7.1723
7.7564
7.9889
7.9095
7.9184
8.1413
8.0946
8.1491
8.2910
8.6478
8.4046
8.1933
7.9361
7.7135
7.8345
7.8711
7.9721
8.3059
8.3339
8.2399
8.0463
7.8489
7.8095
7.8046
7.8781
7.8757
7.8375
7.8336
7.8726
7.9259
8.0186
8.1306
8.2055
8.2239
8.2529
8.2194
8.2621
8.3204
8.4885
8.6782
8.7651
8.7712
8.7946
8.8967
8.9317
9.0813
9.2986
9.4295
9.4154
9.3972
9.0505
9.3175
8.6146
8.1497
7.9123
6.9478
8.4520
8.8459
9.3213
9.9051
10.2007
11.0613
11.1191
11.3835
10.3822
10.6328
11.7542
10.4543
9.6862
9.7453
9.9296
10.1744
10.0463
9.7445
10.0937
10.5455
10.2615
9.8984
9.8643
9.1310
8.7003
9.0415
8.7740
8.9416
9.3629
9.5610
9.4199
9.4563
9.3426
9.1340
9.0047
9.1905
9.4982
9.6168
9.5443
9.5681
9.5053
9.4979
9.9474
9.4452
9.7356
9.5385
9.2303
9.0632
9.1194
9.3960
9.3257
9.2832
9.0769
8.6658
8.4151
8.3816
8.4501
8.3707
8.0452
7.8634
7.5837
7.1603
6.7264
6.4790
6.2542
5.9779
5.8355
5.8651
5.7293
5.2341
5.0863
5.3067
5.5733
5.7118
6.0176
6.0788
5.8652
5.1295
5.2474
4.5895
4.7045
4.7981
5.1823
4.5465
4.3434
3.6941
3.6545
4.0651
4.4503
4.7506
4.8501
4.9740
5.0891
5.3815
5.1905
4.9028
4.8260
5.0823
5.4426
5.5311
5.6745
5.9648
6.2105
5.9522
5.8053
5.0842
4.4601
4.7352
5.0908
5.2406
5.3649
5.5559
5.8406
6.0039
6.2134
6.3182
6.4449
6.5751
6.7416
6.8555
6.9800
7.0427
7.1587
7.2379
7.3865
7.5514
7.7196
7.9118
8.0568
8.1552
8.2738
8.3640
8.4781
8.4683
8.4729
8.4625
8.4856
8.5054
8.4478
8.3558
8.3956
8.4825
8.4188
8.1821
8.1632
7.8390
7.4600
7.2201
6.7675
6.3176
6.3817
6.4269
6.2200
5.8512
6.0155
6.2118
6.0802
6.2020
6.3076
6.0648
6.0803
5.9266
5.8213
5.7795
5.6615
5.5698
5.6554
5.6978
5.7378
5.7135
5.7431
5.6979
5.6574
5.4629
5.5227
5.4983
5.2761
5.1523
5.1540
5.0370
4.8117
4.6603
4.5038
4.3191
4.1294
3.9570
3.9055
3.8008
3.7621
3.7541
3.7316
3.6887
3.6985
3.7339
3.7176
3.7004
3.7052
3.6819
3.6679
3.6549
3.6232
3.5523
3.3857
3.2437
3.1790
3.1123
3.0475
3.0088
3.0096
3.0191
3.0384
3.0833
3.1507
3.2292
3.3212
3.4106
3.4923
3.6183
3.7503
3.8759
4.0047
4.1396
4.2712
4.4021
4.5107
4.5860
4.6740
4.7532
4.8433
4.9461
5.1087
5.2786
5.4904
5.7930
6.1448
6.4322
6.7187
6.9560
7.1209
7.2685
7.3602
7.4157
7.4547
7.4647
7.4428
7.4744
7.5050
7.5999
7.4958
7.4706
7.3849
7.2900
7.1262
7.0298
7.0081
7.0064
7.0773
7.1560
7.2443
7.3483
7.5908
7.8336
8.0186
8.1911
8.2835
8.3434
8.4202
8.3883
8.3638
8.4325
8.3248
8.3324
