-8.0032
-8.0133
-8.0166
-8.0228
-8.0317
-8.0307
-8.0315
-8.0146
-8.0184
-8.0479
-8.1074
-8.1437
-8.1651
-8.1648
-8.1869
-8.2144
-8.2344
-8.2493
-8.2379
-8.1778
-8.1148
-8.0884
-8.0629
-8.0495
-8.0261
-8.0017
-8.0715
-8.1015
-8.1053
-8.0866
-8.0491
-8.0566
-8.1008
-8.1419
-8.1399
-8.1488
-8.1626
-8.1678
-8.1660
-8.2024
-8.2718
-8.3494
-8.4142
-8.4780
-8.4551
-8.5810
-8.6410
-8.7230
-8.7810
-8.8216
-8.8361
-8.8500
-8.8616
-8.8725
-8.8912
-8.9040
-8.9199
-8.9247
-8.9216
-8.9216
-8.9192
-8.9197
-8.9241
-8.9284
-8.9232
-8.9143
-8.8606
-8.9016
-8.8829
-8.8679
-8.8537
-8.8423
-8.8316
-8.8186
-8.8068
-8.7892
-8.7670
-8.7431
-8.7170
-8.6917
-8.6634
-8.6337
-8.6056
-8.5764
-8.5501
-8.5407
-8.5418
-8.5203
-8.4854
-8.4581
-8.4357
-8.4223
-8.4027
-8.3794
-8.3673
-8.3655
-8.3534
-8.3369
-8.3131
-8.2925
-8.2595
-8.2506
-8.2357
-8.2246
-8.2234
-8.2324
-8.2458
-8.2220
-8.1754
-8.1390
-7.9721
-7.8777
-7.9064
-7.8253
-7.7008
-7.4987
-7.6594
-7.7719
-7.7087
-7.5809
-7.4589
-7.4975
-7.3819
-7.3157
-7.2860
-7.0635
-6.9449
-6.9495
-7.1125
-7.1777
-6.9267
-6.9401
-7.0313
-6.9397
-6.8939
-6.7792
-6.6957
-6.6986
-6.6932
-6.7024
-6.7476
-6.7587
-6.6930
-6.7440
-6.8367
-6.8808
-6.8768
-6.9196
-6.9801
-6.9466
-6.8537
-6.8456
-6.8524
-6.8815
-6.8804
-6.8799
-6.8836
-6.8727
-6.8668
-6.8899
-6.8756
-6.8905
-6.8873
-6.9311
-6.9406
-6.8872
-6.8503
-6.8735
-6.8868
-6.8924
-6.9111
-6.9457
-6.9776
-6.9679
-6.9307
-6.8762
-6.8040
-6.7383
-6.7101
-6.7307
-6.7168
-6.7531
-6.7796
-6.5080
-6.3829
-6.3221
-6.2934
-6.0484
-5.8304
-5.6027
-5.5496
-5.4089
-5.3347
-5.4217
-5.5544
-5.6758
-5.9139
-6.5605
-6.7026
-6.1534
-5.9326
-6.0816
-6.1954
-6.1340
-6.1092
-6.1607
-6.3451
-6.6358
-6.7603
-6.8511
-6.9430
-6.9059
-6.6567
-6.4367
-6.2710
-6.1352
-6.0568
-5.9912
-5.8861
-5.7949
-5.7786
-5.7642
-5.7481
-5.7353
-5.7704
-5.8572
-5.9446
-6.0205
-6.0853
-6.1284
-6.1563
-6.1776
-6.2004
-6.2572
-6.3399
-6.4510
-6.5880
-6.7260
-6.8679
-7.0219
-7.2052
-7.4087
-7.6175
-7.8280
-8.0362
-8.2552
-8.4344
-8.5885
-8.7273
-8.8449
-8.9485
-9.0508
-9.1314
-9.1981
-9.2536
-9.3021
-9.3489
-9.4048
-9.4583
-9.5022
-9.5145
-9.5073
-9.4819
-9.4574
-9.4467
-9.4356
-9.4283
-9.4259
-9.4264
-9.4239
-9.4180
-9.4133
-9.4115
-9.4098
-9.4095
-9.4113
-9.4128
-9.4117
-9.4067
-9.3986
-9.3948
-9.3925
-9.3902
-9.3877
-9.3787
-9.3547
-9.3279
-9.3206
-9.3375
-9.3604
-9.3731
-9.3794
-9.3820
-9.3781
-9.3715
-9.3648
-9.3575
-9.3502
-9.3446
-9.3386
-9.3333
-9.3275
-9.3184
-9.3059
-9.2919
-9.2776
-9.2645
-9.2540
-9.1903
-9.0985
-8.9961
-8.9046
-8.8129
-8.7211
-8.6295
-8.5337
-8.4296
-8.3220
-8.2067
-8.0799
-7.9396
-7.7935
-7.6639
-7.5604
-7.4791
-7.4122
-7.3536
-7.3123
-7.2875
-7.2622
-7.2200
-7.1611
-7.0850
-7.0027
-6.9299
-6.8727
-6.8218
-6.7795
-6.7410
-6.7437
-6.7950
-6.8347
-6.8738
-6.9274
-6.9914
-7.0737
-7.1469
-7.2181
-7.2841
-7.3515
-7.4193
-7.5829
-7.6093
-7.6373
-7.7182
-7.8218
-7.8910
-7.9558
-8.0555
-8.1898
-8.3307
-8.4363
-8.5114
-8.5629
-8.5986
-8.5988
-8.5676
-8.5160
-8.4738
-8.4408
-8.4134
-8.4458
-8.4847
-8.4820
-8.4915
-8.5375
-8.5735
