-3.3001
-3.0709
-3.1692
-3.2144
-3.2682
-3.4717
-3.6192
-4.0386
-4.2035
-4.2700
-4.2034
-4.1573
-4.0387
-4.0543
-3.9067
-3.8688
-3.9346
-4.1731
-4.1814
-4.1883
-4.4321
-4.2633
-4.1176
-4.6004
-4.2803
-5.2313
-4.5729
-5.7408
-5.4519
-5.0158
-4.8245
-5.0931
-5.2449
-5.8285
-6.6059
-6.6933
-6.5151
-6.4057
-6.1690
-4.9854
-5.6954
-5.7099
-6.3457
-6.9116
-4.1438
-7.3181
-7.1361
-7.5748
-6.7496
-6.9753
-7.5689
-7.7564
-7.6891
-7.6856
-7.7969
-7.8379
-8.0148
-8.1883
-8.5440
-8.3727
-8.1777
-7.9273
-7.6987
-7.7989
-7.8441
-7.9609
-8.2991
-8.3313
-8.2399
-8.0424
-7.8276
-7.7624
-7.7637
-7.8383
-7.8326
-7.8082
-7.8154
-7.8590
-7.9192
-8.0132
-8.1258
-8.1976
-8.2065
-8.2271
-8.1953
-8.2414
-8.3110
-8.4829
-8.6649
-8.7439
-8.7451
-8.7594
-8.8569
-8.8887
-9.0250
-9.2208
-9.3224
-9.2873
-9.2263
-8.9270
-9.1051
-8.5329
-8.1430
-7.7715
-6.0496
-8.2424
-8.5904
-9.1080
-9.8330
-10.1895
-11.0226
-10.9968
-11.1856
-10.1720
-10.2580
-10.9472
-9.7453
-9.2981
-9.3198
-9.2766
-9.4156
-9.3321
-9.0222
-9.2691
-9.4395
-8.9176
-8.8033
-9.1322
-8.7787
-8.3163
-8.3629
-8.3970
-8.7209
-9.0564
-9.2149
-8.9833
-9.0733
-9.0747
-8.9662
-8.9375
-9.1690
-9.4939
-9.6108
-9.5442
-9.5623
-9.4985
-9.4932
-9.9445
-9.4314
-9.6805
-9.5031
-9.1784
-9.0035
-9.0782
-9.3014
-9.1815
-9.0363
-8.7924
-8.3832
-8.1099
-8.0799
-8.1263
-7.9955
-7.6457
-7.3558
-6.7916
-6.4110
-6.0028
-5.9588
-5.8211
-5.4723
-5.3059
-5.2775
-5.1043
-4.6057
-4.1406
-4.0546
-4.1462
-4.3486
-4.3930
-4.4051
-3.8403
-2.8746
-2.9587
-2.3355
-2.1003
-1.6374
-1.5352
-1.1576
-0.4650
0.1263
0.3251
0.8209
1.9221
2.9005
3.8975
4.7792
4.8752
4.1026
3.8191
3.4092
3.1166
2.8300
2.4717
2.2637
2.0268
1.9632
1.9669
1.6567
1.5315
1.4169
1.3573
1.2059
1.0176
0.9688
1.0021
0.9319
0.7390
0.6690
0.4537
0.3869
0.1917
0.1492
0.1785
0.0656
-0.1377
-0.2898
-0.3867
-0.4829
-0.5580
-0.5895
-0.5940
-0.6387
-0.7061
-0.7507
-0.8708
-0.9602
-1.0351
-1.1515
-1.3043
-1.5046
-1.6763
-1.9082
-2.0949
-2.3211
-2.4612
-2.5290
-2.4713
-2.4501
-2.4637
-2.4508
-2.4364
-2.4053
-2.3234
-2.2081
-2.1592
-2.0534
-1.9917
-1.8836
-1.7891
-1.7278
-1.7879
-1.9383
-1.9432
-1.9804
-2.0905
-2.1990
-2.2900
-2.3565
-2.3977
-2.4139
-2.5354
-2.6066
-2.6966
-2.6667
-2.6515
-2.5713
-2.5079
-2.4247
-2.3417
-2.2760
-2.2559
-2.2777
-2.3766
-2.4375
-2.4918
-2.6226
-2.7203
-2.7721
-2.8154
-2.8671
-2.9301
-2.9531
-2.9893
-3.0097
-2.9965
-2.9601
-2.9426
-2.9319
-2.9137
-2.9189
-2.9444
-2.9624
-3.0029
-3.0251
-3.0526
-3.0732
-3.0007
-2.9413
-2.9626
-2.9784
-2.9637
-2.9578
-2.9895
-3.0148
-3.0383
-3.0797
-3.1384
-3.2098
-3.2966
-3.3917
-3.4843
-3.6161
-3.7502
-3.8752
-4.0000
-4.1281
-4.2525
-4.3833
-4.4954
-4.5772
-4.6711
-4.7531
-4.8430
-4.9447
-5.1074
-5.2772
-5.4894
-5.7923
-6.1442
-6.4308
-6.7152
-6.9494
-7.1014
-7.2367
-7.3065
-7.3288
-7.3258
-7.2903
-7.2076
-7.1857
-7.1640
-7.1095
-6.8936
-6.7481
-6.4780
-6.2070
-5.8747
-5.5633
-5.3458
-5.1220
-5.0611
-4.9032
-4.8559
-4.7394
-4.6911
-4.6975
-4.6060
-4.6374
-4.6188
-4.4401
-4.2200
-4.0333
-3.7493
-3.5229
-3.3302
-3.1235
