-1.4429
-1.2180
-1.1620
-0.8983
-0.8286
-0.6350
-0.6251
-0.6036
-0.2808
0.1529
0.4423
0.4604
0.1975
0.0723
0.0324
-0.0709
-0.2428
-0.3804
-0.5618
-0.7234
-0.7707
-0.8085
-0.8294
-0.7992
-1.4683
-1.6096
-1.5114
-1.3997
-1.8449
-2.5771
-2.7146
-2.4235
-2.8777
-2.3692
-1.7792
-2.0216
-2.1092
-2.1109
-2.1041
-1.0951
-2.0416
-2.2027
-2.4811
-2.5902
-3.4055
-2.9746
-1.3054
-0.9227
-1.3292
-1.6694
-1.6951
-1.9134
-1.8544
-1.9060
-2.3430
-2.0220
-1.4733
-1.3007
-1.3355
-0.7318
-0.5051
-0.3737
-0.4776
-0.7461
-0.6512
-0.4223
-0.3367
-0.2095
0.0017
0.2492
0.5781
0.8567
0.7985
0.7910
0.8232
0.6779
0.5348
0.4626
0.3267
0.2950
0.2783
0.3602
0.5352
0.6515
0.6284
0.5839
0.3955
0.3079
0.4808
0.6098
0.6769
0.7863
0.8403
0.8754
1.0102
1.2000
1.4173
1.5477
1.7842
1.4899
1.9779
1.1837
0.3304
-1.4858
-3.4167
-1.8705
-2.1107
-1.9828
-1.1927
-0.4779
0.9241
1.6447
2.1133
2.0788
2.7982
4.2800
3.7845
2.7146
2.8484
3.5416
3.8554
3.7202
3.6818
3.9958
4.7013
5.0770
4.5255
3.7292
2.5119
2.5562
3.4366
2.5444
1.9746
2.3757
2.5490
2.8347
2.6640
2.2214
1.7430
1.0981
0.6288
0.2862
0.3394
-0.0608
-0.3342
-0.3575
-0.2980
0.2421
0.5102
1.0347
0.8217
0.9778
1.0385
0.8660
1.3298
1.6336
2.1266
2.2545
2.1948
2.2458
2.2287
2.3168
2.4778
2.5035
2.7794
3.3742
3.1888
3.0348
2.5436
2.2870
2.4060
2.4291
2.5588
2.6022
2.4866
2.9540
3.4237
3.7244
3.7034
4.1126
4.1889
4.4331
4.2483
4.3337
3.9508
4.2096
4.5100
4.9497
4.3966
4.3185
3.6920
3.6401
3.9814
4.0138
3.7624
2.8868
1.3783
-1.4600
-3.4827
-3.5151
-3.5235
-3.6847
-4.2216
-4.8490
-5.0467
-5.3002
-5.6325
-5.8909
-5.7169
-5.5996
-4.8828
-4.2486
-4.5791
-4.9881
-5.1502
-5.2705
-5.4772
-5.7936
-5.9665
-6.1968
-6.3063
-6.4421
-6.5734
-6.7392
-6.8552
-6.9786
-7.0367
-7.1482
-7.2218
-7.3654
-7.5283
-7.6967
-7.8859
-8.0258
-8.1206
-8.2278
-8.3087
-8.4147
-8.3897
-8.3719
-8.3277
-8.3184
-8.2886
-8.1839
-8.0269
-8.0268
-8.0967
-8.0479
-7.8067
-7.7826
-7.4461
-7.0510
-6.8076
-6.3561
-5.9191
-6.0053
-6.0900
-5.8924
-5.5397
-5.7433
-5.9667
-5.8114
-5.8914
-6.0009
-5.7323
-5.7097
-5.5035
-5.3519
-5.2773
-5.1287
-5.0195
-5.0553
-5.0666
-5.0646
-5.0531
-5.0944
-5.0847
-5.0712
-4.8953
-5.0016
-5.0051
-4.7695
-4.6215
-4.5734
-4.4080
-4.1162
-3.8524
-3.5894
-3.3121
-3.0208
-2.7272
-2.5822
-2.3928
-2.2842
-2.2439
-2.2240
-2.2010
-2.2407
-2.3122
-2.3089
-2.2744
-2.2492
-2.1864
-2.1062
-2.0512
-1.9517
-1.7817
-1.5679
-1.3676
-1.1529
-0.9031
-0.7098
-0.5518
-0.3468
-0.1603
-0.0186
0.1499
0.2778
0.3531
0.4029
0.3579
0.2357
0.1254
0.0305
-0.0740
-0.1956
-0.3085
-0.4002
-0.4061
-0.3714
-0.2848
-0.1646
-0.0238
0.0605
0.1185
0.1126
0.1208
0.1065
0.0950
0.0882
0.1349
0.2159
0.3040
0.5260
0.6789
0.8873
1.1319
1.3800
1.6038
1.8560
2.0574
2.2368
2.6857
2.9437
3.2051
3.5457
3.8232
4.0336
4.2974
4.5317
4.7808
4.9472
5.2121
5.3758
5.6156
5.9677
6.2689
6.5638
6.7519
6.8762
7.0639
7.2864
7.3551
7.4763
7.6614
7.6297
7.7248
