4.1080
4.3200
4.5600
4.8610
5.1330
5.3830
5.5680
5.8100
5.9710
6.1370
6.2240
6.2880
6.3160
6.3910
6.3440
6.3020
6.3600
6.3490
6.2970
6.1230
5.6600
5.4960
4.9980
4.5690
4.2700
4.3600
4.5690
4.6370
4.7760
4.9670
5.0330
5.1010
5.2160
5.3510
5.4780
5.5920
5.7230
5.8740
5.9910
6.0860
6.2220
6.3670
6.5000
6.6090
6.7390
6.8410
6.9160
7.0040
7.1110
7.1870
7.2370
7.2630
7.2810
7.2970
7.3050
7.3130
7.3120
7.3400
7.3240
7.2980
7.1240
7.1570
7.2940
7.4820
7.4450
7.4920
7.5250
7.5680
7.5980
7.6580
7.7260
7.8140
7.9230
8.0330
8.1410
8.2420
8.2930
8.3280
8.3580
8.3730
8.3650
8.3160
8.2660
8.2320
8.2350
8.2960
8.3770
8.4410
8.4680
8.4370
8.4000
8.3300
8.2580
8.1950
8.1570
8.1750
8.2130
8.2910
8.3780
8.3950
8.3540
8.2980
8.3200
8.2700
8.1060
8.0100
7.9400
7.8620
7.6590
7.3270
6.9030
6.6660
6.9240
6.1330
6.0140
6.0090
5.6040
5.7850
5.7300
6.0390
6.7440
6.7210
7.1540
7.2600
7.0800
7.1030
7.8450
7.8310
8.2290
8.4080
8.4750
8.2430
8.1330
8.3670
8.6710
8.8260
8.9680
9.0330
9.0440
8.9590
8.8370
8.7310
8.7570
8.8920
8.5800
8.6310
8.6710
8.6110
8.7240
8.3960
8.2860
8.4370
8.1320
7.8620
7.7850
7.6590
7.7930
7.4170
7.3490
7.6930
7.9570
7.5410
7.4800
7.6420
7.1400
7.2860
7.0320
6.4400
6.0540
4.9790
5.0350
4.0070
4.5030
4.7260
4.1060
4.3950
4.4360
4.8010
4.2840
3.8940
2.2020
1.9500
2.2810
4.1580
2.4760
2.9690
2.4100
2.5900
2.1950
2.0750
2.8370
2.7700
2.6540
2.8600
2.9770
3.0920
3.0030
3.0810
3.3150
3.9420
4.5620
5.1100
5.4520
5.8050
6.0520
6.1900
6.4180
6.1050
5.7620
5.4650
5.1660
4.6740
4.1910
3.7770
3.9260
3.9690
4.1030
4.1660
4.1770
4.1700
4.0670
3.9110
3.6770
3.5920
3.7390
3.8620
4.0320
4.2470
4.4680
4.6110
4.6240
4.6590
4.7160
4.7610
4.7750
4.8050
4.8010
4.7610
4.7550
4.7840
4.8140
4.8760
4.9320
4.9280
4.8820
4.7810
4.6300
4.5170
4.3270
4.2280
4.1450
4.1190
4.1550
4.1200
4.1000
4.0040
4.0390
4.2260
4.3460
4.2550
4.1940
4.1930
4.1800
3.9650
3.5240
3.2200
3.0990
2.8810
2.6290
2.4350
2.2510
2.1080
1.9650
1.7730
1.5770
1.4690
1.4230
1.3620
1.2380
1.1170
1.0070
0.9290
0.9150
0.9660
0.9580
0.9050
0.8160
0.7510
0.7360
0.8000
0.9300
1.0860
1.1960
1.2760
1.3720
1.5160
1.6620
1.7950
1.9260
2.0510
2.1460
2.2160
2.3080
2.4000
2.4310
2.4840
2.5820
2.6730
2.7470
2.8410
2.9700
2.9190
2.5850
2.3900
2.2820
2.3100
2.4810
2.4890
2.4070
2.4000
2.4460
2.4130
2.3230
2.2330
2.2100
2.2770
2.3800
2.4770
2.6960
3.0020
3.3040
3.4600
3.5040
3.6410
4.0370
4.3260
4.2180
4.1100
4.2660
4.2920
4.0960
4.1760
4.5560
4.9850
5.2020
5.4020
5.4720
5.3470
5.1440
5.0400
4.9540
4.8510
4.8470
4.9000
4.8250
4.9290
4.9990
5.0790
5.0810
5.0190
4.9330
4.8260
4.6760
4.5580
4.5650
4.6560
4.7390
4.8640
5.0670
5.2030
5.3090
5.3430
5.3820
5.4340
5.5900
5.7610
5.9190
