1980.7000
1998.6000
1988.2000
2036.4000
2041.8000
2059.8000
2059.4000
2047.6000
2054.0000
2051.3000
2074.8000
2076.9000
2066.1000
2051.7000
2063.8000
2084.9000
2119.8000
2140.5000
2141.6000
2137.3000
2148.8000
2157.2000
2174.1000
2195.1000
2196.3000
2196.6000
2201.2000
2203.7000
2210.2000
2221.1000
2227.5000
2223.9000
2220.3000
2219.4000
2218.5000
2221.3000
2226.3000
2228.4000
2226.1000
2195.5000
2169.0000
2153.7000
2146.4000
2150.9000
2137.9000
2119.4000
2095.5000
2074.0000
2069.9000
2067.3000
2060.7000
2061.6000
2052.4000
2044.8000
2039.7000
2035.4000
2033.4000
2025.4000
2019.3000
2009.8000
2001.2000
1996.1000
1990.6000
1998.1000
2006.8000
2008.1000
2010.4000
2010.4000
2014.4000
2019.4000
2027.6000
2033.3000
2033.0000
2033.8000
2034.3000
2032.7000
2038.5000
2042.3000
2044.4000
2048.2000
2047.5000
2054.8000
2056.6000
2057.0000
2056.4000
2055.2000
2053.0000
2001.1000
1955.6000
1934.0000
1919.6000
1922.0000
1907.0000
1883.8000
1847.4000
1816.5000
1802.7000
1790.4000
1778.4000
1772.9000
1752.8000
1734.1000
1725.4000
1720.9000
1721.5000
1723.6000
1711.6000
1677.5000
1660.8000
1658.6000
1710.0000
1753.0000
1745.4000
1763.8000
1780.7000
1747.8000
1751.8000
1725.5000
1747.3000
1741.1000
1673.1000
1664.7000
1663.2000
1640.2000
1657.3000
1656.5000
1635.3000
1608.2000
1584.5000
1503.9000
1493.1000
1488.7000
1468.3000
1457.0000
1430.7000
1394.6000
1351.3000
1318.2000
1308.5000
1311.1000
1283.0000
1261.2000
1241.0000
1223.5000
1194.2000
1175.4000
1130.5000
1096.9000
1076.6000
1065.9000
1027.0000
1036.0000
1022.0000
993.9700
980.6300
963.0900
899.7300
906.5100
892.9400
869.6300
882.8800
898.4700
890.7200
897.3800
879.5900
883.3900
876.6500
866.8500
855.8900
835.7100
939.5900
762.3100
763.9900
723.0500
831.2000
735.3500
734.1100
818.3200
820.4000
739.5200
747.2200
706.6100
723.0400
698.6600
648.1400
611.5000
583.0100
610.9100
607.9600
608.5700
601.3300
583.2500
574.5700
589.0000
601.2500
622.2500
617.5700
615.4900
612.3900
610.9400
620.4800
652.1500
679.5100
696.1900
710.5100
727.5200
744.0300
796.7000
834.8900
841.6300
848.2200
845.6300
858.7800
897.3500
911.6500
944.1000
962.7700
969.6300
989.9700
992.3400
997.9900
1005.5000
1013.9000
1015.7000
1002.3000
996.1600
985.3600
979.8900
978.4600
973.4700
975.1600
964.7700
942.9700
930.6900
929.4900
932.5100
929.6400
923.8300
912.6400
907.1300
912.8600
908.5500
898.0500
896.0500
888.3500
883.0000
888.9100
889.5400
904.8200
908.1900
907.5700
899.8200
892.1200
897.8200
906.2300
955.3200
995.2500
1013.9000
1011.1000
1007.7000
1016.0000
1026.6000
1036.7000
1050.0000
1069.7000
1090.2000
1095.7000
1080.5000
1067.4000
1075.8000
1077.8000
1085.8000
1092.3000
1095.5000
1087.0000
1085.1000
1085.5000
1083.9000
1083.0000
1053.6000
1022.8000
1008.7000
1008.7000
1019.8000
1017.0000
1004.5000
984.9300
971.1500
968.7400
970.2300
964.6300
980.1300
982.3500
975.2000
971.8400
968.5500
973.2900
978.6900
986.8500
990.0000
989.7000
997.2400
1002.5000
1035.2000
1065.5000
1074.3000
1078.8000
1070.7000
1075.1000
1083.9000
1102.2000
1117.8000
1120.4000
1125.6000
1137.8000
1137.5000
1147.2000
1161.8000
1169.1000
1176.6000
1175.9000
1176.7000
1172.4000
1174.9000
1181.0000
1184.3000
1188.0000
1168.7000
1150.8000
1146.3000
1147.0000
1154.9000
1148.6000
1135.7000
1120.3000
1106.3000
1101.1000
1099.8000
1099.1000
1112.2000
1115.3000
1114.9000
1120.4000
1123.7000
1133.8000
1139.7000
1153.1000
1165.0000
1175.7000
1183.9000
1191.8000
1222.1000
1258.9000
1283.0000
1302.3000
1314.7000
1338.3000
1359.0000
1386.3000
1411.1000
1430.6000
1449.6000
1474.6000
1472.7000
1478.9000
1493.3000
1505.2000
1522.8000
1530.1000
1539.5000
1538.9000
1542.3000
1550.7000
1557.8000
1559.3000
1525.8000
1490.2000
