5.7188
6.0552
6.4352
6.9130
7.3455
7.7422
8.0349
8.4184
8.6741
8.9375
9.0767
9.1783
9.2221
9.3417
9.2662
9.2000
9.2924
9.2744
9.1911
8.9155
8.1806
7.9216
7.1303
6.4491
5.9751
6.1179
6.4493
6.5577
6.7779
7.0817
7.1863
7.2948
7.4764
7.6907
7.8930
8.0732
8.2811
8.5212
8.7056
8.8569
9.0724
9.3033
9.5138
9.6864
9.8925
10.0556
10.1744
10.3145
10.4828
10.6035
10.6832
10.7239
10.7533
10.7788
10.7906
10.8044
10.8027
10.8466
10.8215
10.7795
10.5048
10.5572
10.7744
11.0719
11.0132
11.0880
11.1403
11.2080
11.2558
11.3508
11.4592
11.5990
11.7725
11.9470
12.1180
12.2780
12.3585
12.4145
12.4620
12.4862
12.4727
12.3963
12.3161
12.2621
12.2676
12.3645
12.4917
12.5946
12.6365
12.5878
12.5285
12.4182
12.3040
12.2040
12.1429
12.1721
12.2324
12.3557
12.4946
12.5203
12.4560
12.3671
12.4019
12.3233
12.0631
11.9097
11.7986
11.6745
11.3528
10.8266
10.1528
9.7773
10.1875
8.9321
8.7426
8.7351
8.0915
8.3797
8.2921
8.7820
9.9009
9.8645
10.5519
10.7197
10.4343
10.4715
11.6476
11.6260
12.2577
12.5416
12.6473
12.2790
12.1056
12.4764
12.9588
13.2055
13.4298
13.5330
13.5503
13.4157
13.2216
13.0549
13.0956
13.3095
12.8145
12.8958
12.9593
12.8644
13.0427
12.5231
12.3485
12.5878
12.1044
11.6749
11.5535
11.3531
11.5658
10.9690
10.8613
11.4070
11.8253
11.1653
11.0684
11.3262
10.5289
10.7612
10.3583
9.4180
8.8060
7.1004
7.1894
5.5575
6.3454
6.6997
5.7152
6.1738
6.2389
6.8183
5.9970
5.3795
2.6935
2.2938
2.8187
5.7976
3.1286
3.9112
3.0245
3.3098
2.6835
2.4916
3.7016
3.5953
3.4118
3.7384
3.9243
4.1065
3.9643
4.0892
4.4608
5.4549
6.4384
7.3081
7.8512
8.4105
8.8034
9.0223
9.3842
8.8865
8.3429
7.8716
7.3973
6.6158
5.8501
5.1935
5.4294
5.4983
5.7097
5.8102
5.8271
5.8173
5.6532
5.4056
5.0348
4.8990
5.1328
5.3287
5.5979
5.9394
6.2900
6.5168
6.5369
6.5923
6.6838
6.7551
6.7772
6.8243
6.8178
6.7551
6.7443
6.7917
6.8383
6.9370
7.0258
7.0188
6.9460
6.7858
6.5464
6.3673
6.0663
5.9084
5.7776
5.7354
5.7924
5.7368
5.7063
5.5526
5.6084
5.9055
6.0958
5.9509
5.8550
5.8534
5.8330
5.4919
4.7923
4.3086
4.1169
3.7719
3.3719
3.0636
2.7721
2.5449
2.3180
2.0128
1.7017
1.5302
1.4571
1.3605
1.1642
0.9719
0.7978
0.6735
0.6521
0.7322
0.7197
0.6363
0.4945
0.3915
0.3671
0.4690
0.6754
0.9224
1.0978
1.2251
1.3770
1.6047
1.8369
2.0474
2.2555
2.4542
2.6055
2.7165
2.8624
3.0076
3.0578
3.1409
3.2965
3.4407
3.5588
3.7078
3.9124
3.8314
3.3015
2.9925
2.8202
2.8655
3.1373
3.1489
3.0195
3.0086
3.0818
3.0294
2.8863
2.7430
2.7069
2.8130
2.9763
3.1307
3.4773
3.9627
4.4432
4.6903
4.7605
4.9778
5.6050
6.0638
5.8930
5.7219
5.9689
6.0104
5.7000
5.8266
6.4287
7.1094
7.4536
7.7711
7.8826
7.6844
7.3624
7.1965
7.0613
6.8980
6.8907
6.9745
6.8554
7.0212
7.1314
7.2588
7.2628
7.1632
7.0276
6.8581
6.6195
6.4317
6.4441
6.5875
6.7199
6.9173
7.2405
7.4557
7.6238
7.6781
7.7407
7.8220
8.0693
8.3407
8.5921
