-14.4494
-14.4406
-14.4314
-14.4050
-14.3651
-14.2781
-14.1815
-14.0986
-14.0649
-14.0560
-14.0705
-14.1087
-14.1671
-14.2234
-14.2437
-14.2393
-14.2792
-14.3434
-14.4857
-14.8301
-15.1797
-15.1543
-15.0432
-14.7692
-14.3986
-13.9336
-13.4589
-13.0028
-12.4931
-12.0549
-11.6934
-11.3267
-10.9658
-10.6525
-10.4054
-10.2022
-10.0172
-9.8561
-9.7106
-9.5759
-9.4588
-9.3561
-9.2766
-9.2267
-9.2081
-9.2137
-9.2382
-9.2927
-9.3932
-9.5334
-9.7071
-9.8980
-10.0902
-10.2882
-10.4788
-10.6521
-10.8278
-11.0312
-11.2696
-11.5498
-11.8895
-12.2323
-12.5692
-12.9143
-13.2712
-13.6194
-13.9182
-14.1923
-14.4377
-14.6374
-14.8011
-14.9243
-15.0135
-15.0743
-15.1175
-15.1339
-15.1357
-15.1375
-15.1346
-15.1254
-15.1166
-15.1245
-15.1423
-15.1567
-15.1420
-15.0888
-15.0112
-14.9374
-14.8723
-14.8185
-14.7706
-14.7329
-14.6940
-14.6580
-14.6103
-14.5435
-14.4686
-14.4047
-14.3563
-14.3180
-14.2907
-14.2648
-14.2527
-14.2280
-14.2072
-14.2072
-14.1647
-14.1042
-14.0650
-14.0711
-14.1776
-14.1186
-13.9178
-13.9528
-13.8785
-13.9214
-13.7681
-13.4990
-13.2113
-12.7923
-12.1597
-11.6629
-11.1271
-10.7960
-10.4474
-10.0411
-9.5699
-9.2093
-8.9479
-8.8387
-8.5117
-8.0888
-7.8261
-7.6202
-7.5371
-7.4971
-7.2831
-7.0964
-7.0921
-7.3201
-7.1369
-7.1965
-7.0697
-7.1326
-7.0629
-6.7967
-7.1397
-7.2718
-7.2057
-7.1546
-7.2051
-7.2964
-7.6753
-7.8088
-7.9353
-8.0721
-8.3228
-8.5678
-8.7806
-8.9840
-9.3566
-9.6011
-9.7124
-9.7101
-9.7796
-9.9446
-9.9070
-9.9110
-9.7436
-9.7481
-9.9056
-8.9399
-9.0590
-8.5942
-8.3923
-8.8074
-8.9406
-8.8532
-8.6711
-8.3544
-7.9660
-7.8948
-8.4985
-8.8281
-8.4726
-8.4033
-8.0660
-8.3551
-8.4866
-8.3143
-8.4113
-8.5042
-8.5962
-8.7594
-8.8545
-8.8893
-8.9357
-9.0810
-9.3840
-9.5347
-9.4819
-9.7137
-9.8378
-10.5303
-10.8741
-11.1967
-11.4973
-11.7157
-11.9273
-12.1536
-12.3863
-12.4123
-12.2576
-12.0912
-11.9180
-11.6006
-11.3226
-11.0476
-10.7310
-10.4490
-10.1784
-9.8430
-9.4624
-9.1061
-8.7817
-8.5120
-8.2928
-8.0980
-7.9326
-7.7907
-7.6682
-7.5896
-7.5352
-7.4922
-7.4887
-7.5434
-7.6124
-7.6561
-7.7012
-7.7549
-7.8210
-7.9148
-8.0870
-8.3103
-8.6182
-8.9417
-9.2990
-9.7101
-10.0798
-10.4072
-10.7377
-11.0841
-11.4682
-11.8909
-12.2692
-12.6387
-12.9846
-13.1652
-13.2431
-13.2542
-13.2507
-13.1783
-13.0908
-13.0820
-13.2372
-13.4407
-13.6042
-13.6615
-13.6413
-13.6136
-13.5090
-13.4618
-13.3638
-13.1701
-12.7411
-12.2767
-11.8773
-11.6271
-11.6385
-11.7316
-11.7871
-11.8907
-12.0153
-12.0351
-11.9348
-11.7950
-11.6214
-11.4259
-11.2350
-11.0642
-10.9452
-10.9152
-10.8507
-10.7372
-10.6625
-10.6565
-10.6698
-10.7265
-10.8004
-10.8460
-10.8775
-10.9198
-10.9409
-10.9201
-10.8494
-10.8099
-10.8286
-10.8065
-10.7179
-10.5945
-10.5472
-10.7584
-10.8459
-10.4111
-9.8353
-9.1497
-8.4931
-7.9563
-7.3948
-6.7588
-6.2015
-5.6690
-5.1701
-4.7474
-4.3822
-4.1691
-4.1239
-4.2126
-4.4955
-5.0685
-5.4909
-5.5978
-5.4627
-5.2468
-5.2472
-5.0786
-4.8540
-4.9907
-5.5705
-5.7985
-6.0597
-6.6248
-7.5778
-8.4656
-9.2753
-9.6562
-9.8640
-10.3882
-10.9249
-11.3983
-11.8756
-12.4094
-12.9387
-13.3458
-13.6038
-13.8253
-13.9843
-14.1287
-14.2897
-14.4867
-14.6294
-14.7423
-14.8791
-14.9729
-15.0209
-14.9902
-14.9608
-14.9570
-14.8764
-14.8206
-14.8131
-14.8879
-14.9404
-14.9380
-14.8802
-14.8227
-14.7613
