-0.7290
-0.7349
-0.8326
-0.8834
-0.8829
-0.9893
-1.0892
-1.3288
-1.4313
-1.5637
-1.6486
-1.9127
-1.9666
-2.0415
-2.2046
-2.3090
-2.4014
-2.5205
-2.6787
-2.7834
-2.6604
-2.6400
-2.5043
-2.3547
-2.2844
-2.3934
-2.5450
-2.5781
-2.7432
-2.9615
-3.1885
-3.4428
-3.7068
-3.8931
-4.0219
-4.1468
-4.2882
-4.4396
-4.5236
-4.6413
-4.8748
-5.0455
-5.1742
-5.3222
-5.4578
-5.4884
-5.4729
-5.5220
-5.5771
-5.5426
-5.4621
-5.3979
-5.3670
-5.4081
-5.4609
-5.5355
-5.6378
-5.8052
-5.9022
-6.0414
-6.1612
-6.4260
-6.6904
-6.8775
-6.9216
-6.9496
-7.0227
-7.0198
-7.0022
-7.0854
-7.1444
-7.2053
-7.3003
-7.3518
-7.3821
-7.3328
-7.2357
-7.1477
-7.0838
-7.0553
-6.9990
-6.8257
-6.6042
-6.3561
-6.0963
-5.9250
-5.8578
-5.8336
-5.8237
-5.7630
-5.6560
-5.4836
-5.2483
-4.9039
-4.6172
-4.4724
-4.3914
-4.3254
-4.2356
-4.2679
-4.1565
-4.0554
-3.7612
-3.5309
-3.3748
-2.9568
-3.2260
-4.0147
-4.1671
-3.7649
-1.6913
-0.9305
-2.5276
-1.7981
-1.5946
-2.3820
-1.9986
-2.3392
-1.8439
-2.0455
-3.2327
-3.1147
-2.9358
-2.9997
-2.0141
-1.6287
-1.6697
-2.2148
-2.6287
-3.8380
-3.6690
-3.1955
-3.6932
-3.6795
-4.1287
-3.8097
-3.8824
-4.0074
-3.4414
-2.9346
-3.1287
-3.2364
-3.3008
-3.4384
-3.6739
-3.4651
-4.3886
-4.6165
-4.6216
-4.2777
-4.4907
-3.8633
-4.4446
-5.1284
-5.0096
-4.9732
-6.4017
-6.4456
-6.1163
-7.1089
-7.0615
-6.6851
-6.9468
-6.3168
-6.2804
-6.2028
-6.8002
-5.9358
-5.4220
-5.0534
-2.3387
-4.2822
-3.6864
-4.8062
-1.7594
-4.1287
-3.9001
-1.6808
-1.4606
-3.3425
-1.5463
-1.8804
-1.7826
-2.6320
-1.3958
-1.6375
-1.8886
-0.6376
0.0576
1.1572
1.5520
1.7086
1.9827
2.6123
3.2517
3.8112
3.9270
4.0771
4.3038
4.9607
5.5336
5.7552
5.6322
5.2716
5.5134
5.5141
4.9885
4.2772
3.7490
3.2668
3.0862
2.7976
2.5090
2.4034
2.3175
2.3615
2.3594
2.3607
2.3511
2.4020
2.4186
2.3854
2.3078
2.2211
2.2732
2.4240
2.6596
2.9045
3.0768
3.1553
3.1262
3.0625
2.9934
2.8488
2.6081
2.3786
2.1832
2.0058
1.8044
1.6744
1.5603
1.4035
1.2027
0.9683
0.6563
0.3582
0.0817
-0.1609
-0.3057
-0.4830
-0.6804
-0.8362
-1.0124
-1.2006
-1.4513
-1.8012
-2.1426
-2.4439
-2.5669
-2.6382
-2.8191
-3.1733
-3.2819
-3.4587
-3.8400
-4.0843
-4.0921
-3.7717
-3.3711
-3.0626
-2.7719
-2.5398
-2.2992
-2.0116
-1.6617
-1.3605
-1.1328
-0.9259
-0.8115
-0.7053
-0.6463
-0.6368
-0.6467
-0.6458
-0.5868
-0.4758
-0.3026
-0.1266
0.0624
0.2774
0.5615
0.8549
1.0429
1.1706
1.3063
1.4974
1.6406
1.7462
1.8439
2.0128
2.1633
2.2845
2.4385
2.5940
2.6507
2.7417
2.8995
3.0403
3.1692
3.3492
3.6029
3.5940
3.1513
2.8926
2.7532
2.8398
3.1359
3.1471
3.0047
2.9336
2.9114
2.7548
2.5078
2.2121
1.7730
1.2284
0.5990
-0.2831
-1.1648
-1.9251
-2.2138
-2.2053
-2.1558
-2.0654
-2.3062
-2.1264
-1.7003
-1.7876
-2.2914
-2.2386
-2.1908
-2.4521
-2.8055
-2.9788
-3.0305
-2.9440
-2.5631
-2.4209
-2.3719
-2.4376
-2.5239
-2.7365
-3.0249
-3.3149
-3.3749
-3.5631
-3.7957
-4.0439
-4.2656
-4.4274
-4.5386
-4.6305
-4.7694
-4.9080
-5.0756
-5.3100
-5.4807
-5.7607
-6.2375
-6.6108
-6.9464
-7.1086
-7.2362
-7.3764
-7.6283
-7.8889
-8.1413
