5.6722
6.0105
6.3811
6.8563
7.2922
7.6787
7.9608
8.3129
8.5551
8.7997
8.9257
8.9767
9.0100
9.1159
9.0001
8.9056
8.9768
8.9254
8.7920
8.4699
7.7359
7.4687
6.6760
6.0039
5.5212
5.6303
5.9259
6.0296
6.1979
6.4328
6.4402
6.4312
6.4927
6.6326
6.7914
6.9268
7.0843
7.2733
7.4380
7.5434
7.6515
7.8163
7.9837
8.0932
8.2507
8.4257
8.5771
8.7118
8.8761
9.0395
9.1813
9.2663
9.3182
9.3238
9.3068
9.2786
9.2148
9.1624
9.0703
8.9275
8.5083
8.3762
8.4454
8.6767
8.5663
8.6399
8.6481
8.7374
8.8125
8.8678
8.9594
9.0896
9.2356
9.4170
9.6099
9.8478
10.0189
10.1504
10.2529
10.3018
10.3239
10.3479
10.3957
10.4861
10.6456
10.8525
11.0331
11.1621
11.2145
11.1910
11.1791
11.1419
11.1285
11.1753
11.2308
11.3207
11.4170
11.5738
11.7548
11.7704
11.7421
11.6832
11.8178
11.8066
11.5814
11.5369
11.3490
10.9625
10.5604
10.1509
10.0110
9.7329
9.8690
8.7493
8.5959
8.4041
7.8408
8.0466
8.0845
8.5404
9.3582
9.3598
10.1353
10.2914
10.2380
10.3441
11.5273
11.4131
11.9725
11.9399
12.1034
11.8559
11.5285
11.9214
12.2835
12.6440
12.8564
12.9261
13.1060
13.0909
12.8461
12.6474
12.6728
12.8577
12.2766
12.4215
12.1936
12.0076
12.1965
11.7698
11.5030
11.9803
11.2589
10.4882
10.4110
10.2059
9.6325
8.8754
8.9754
8.9210
9.4853
8.9427
8.6169
9.4011
8.4507
8.7937
7.8136
7.3120
6.9388
4.9878
6.7983
3.5424
5.1647
4.6675
5.4376
4.5902
4.8696
6.6079
5.8164
4.2151
2.2054
1.3136
2.1834
5.1657
2.8000
3.5519
2.3624
3.2478
2.6829
2.2066
3.3605
3.1633
2.7766
2.6743
2.1970
1.5290
0.5427
-0.3145
-1.1732
-2.2689
-3.2913
-4.5040
-5.4698
-6.5533
-6.8632
-7.1412
-7.9485
-7.7895
-7.4531
-7.1617
-6.7227
-5.9951
-5.2847
-4.6039
-4.9100
-4.9653
-5.1994
-5.3090
-5.3317
-5.2982
-5.1097
-4.8508
-4.4747
-4.3666
-4.6020
-4.7454
-4.9258
-5.1808
-5.4861
-5.7020
-5.7409
-5.8378
-5.9760
-6.1250
-6.2552
-6.3963
-6.4588
-6.4505
-6.4985
-6.5821
-6.6580
-6.7935
-6.9221
-6.9517
-6.9149
-6.7763
-6.5459
-6.3653
-6.0586
-5.8886
-5.7374
-5.6741
-5.7033
-5.6098
-5.5186
-5.2524
-5.1830
-5.3761
-5.5290
-5.3341
-5.1317
-4.9186
-4.8222
-4.2659
-2.8671
-1.3722
-0.4515
-0.0421
-0.0754
0.0784
0.0366
0.1606
0.2945
0.0700
-0.3671
-0.7004
-0.9166
-0.9968
-0.8348
-0.6687
-0.4677
-0.2192
0.0839
0.3450
0.4166
0.4224
0.3911
0.3705
0.3618
0.3781
0.3753
0.3465
0.3429
0.3613
0.4353
0.5769
0.8262
1.0691
1.2989
1.4043
1.4523
1.4697
1.4989
1.5221
1.5245
1.5326
1.5685
1.6111
1.6190
1.5906
1.5250
1.3277
0.9845
0.7669
0.6114
0.3831
0.0943
-0.1046
-0.2983
-0.6674
-1.0107
-1.2603
-1.4289
-1.6218
-2.0454
-2.5306
-2.9153
-3.1179
-3.2764
-3.4636
-3.8524
-4.1395
-4.2444
-4.5291
-5.1086
-5.6788
-5.6424
-5.4354
-5.5116
-5.5780
-5.2622
-5.2855
-5.7842
-6.4553
-6.8097
-7.1919
-7.4542
-7.2931
-6.9699
-6.7711
-6.5949
-6.3319
-6.1913
-6.1364
-5.9671
-6.0500
-6.0373
-6.0280
-5.8781
-5.6311
-5.3655
-5.0588
-4.5903
-4.1568
-3.9704
-3.8985
-3.8884
-3.8293
-3.6768
-3.4475
-3.1417
-2.9018
-2.7488
-2.6023
-2.6311
-2.7080
-2.7466
