-0.0000
-0.0046
-0.0047
-0.0041
-0.0051
-0.0034
-0.0032
-0.0020
-0.0010
0.0003
-0.0007
-0.0014
0.0004
-0.0004
-0.0018
-0.0003
-0.0007
-0.0013
-0.0006
0.0004
0.0001
-0.0000
0.0011
0.0010
0.0021
0.0057
0.0067
0.0068
0.0089
0.0112
0.0111
0.0134
0.0179
0.0238
0.0272
0.0288
0.0321
0.0355
0.0374
0.0397
0.0406
0.0424
0.0442
0.0433
0.0420
0.0410
0.0390
0.0382
0.0368
0.0358
0.0327
0.0314
0.0279
0.0251
0.0226
0.0204
0.0193
0.0199
0.0176
0.0158
0.0127
0.0084
0.0021
-0.0048
0.0056
0.0032
0.0044
0.0027
0.0028
0.0029
0.0034
0.0019
0.0014
0.0010
0.0013
0.0007
-0.0001
-0.0024
-0.0043
-0.0050
-0.0040
-0.0018
0.0004
0.0020
0.0021
0.0009
-0.0007
-0.0022
-0.0016
-0.0001
0.0012
0.0032
0.0047
0.0056
0.0046
0.0043
0.0033
0.0025
0.0019
0.0024
0.0032
0.0047
0.0072
0.0066
0.0089
0.0070
0.0020
0.0044
0.0048
0.0102
0.0160
-0.0031
-0.0130
0.0083
-0.0304
0.0029
-0.0034
0.0014
0.0174
-0.0136
-0.0023
0.0036
0.0136
0.0111
0.0126
0.0132
-0.0008
0.0018
0.0055
0.0108
0.0070
0.0183
0.0187
0.0150
0.0133
0.0072
0.0171
0.0168
0.0257
0.0095
0.0183
0.0115
0.0146
0.0103
0.0082
0.0195
-0.0002
0.0122
0.0080
0.0062
0.0031
0.0163
0.0016
0.0095
0.0151
0.0068
-0.0011
0.0020
0.0032
0.0036
0.0321
0.0196
0.0084
0.0117
0.0031
0.0236
0.0325
0.0341
-0.0051
0.0298
-0.0006
0.0199
-0.0188
-0.0081
0.0260
0.0236
0.0785
0.0071
0.0145
-0.0112
-0.0192
-0.0074
0.0397
-0.0077
0.0209
-0.0501
0.0091
-0.0086
-0.0044
0.0016
0.0076
0.0142
0.0033
0.0136
0.0031
0.0149
-0.0038
0.0130
0.0070
-0.0133
0.0024
0.0024
-0.0004
-0.0048
-0.0095
-0.0027
-0.0012
-0.0077
-0.0095
-0.0106
-0.0053
0.0019
0.0024
-0.0039
0.0012
0.0072
0.0120
0.0135
0.0167
0.0177
0.0181
0.0216
0.0327
0.0388
0.0490
0.0583
0.0584
0.0568
0.0549
0.0537
0.0548
0.0545
0.0546
0.0592
0.0670
0.0709
0.0696
0.0693
0.0710
0.0693
0.0672
0.0632
0.0595
0.0537
0.0472
0.0386
0.0273
0.0182
0.0137
0.0104
0.0057
-0.0039
-0.0055
-0.0055
-0.0060
-0.0044
-0.0026
-0.0048
-0.0055
-0.0026
-0.0017
-0.0025
-0.0013
0.0075
0.0167
0.0129
0.0072
-0.0006
0.0007
-0.0028
-0.0051
-0.0022
-0.0092
-0.0143
-0.0155
-0.0137
-0.0119
-0.0052
0.0016
-0.0001
0.0010
0.0025
0.0017
-0.0026
-0.0040
-0.0048
-0.0053
-0.0062
-0.0057
-0.0053
-0.0027
-0.0019
-0.0039
-0.0044
-0.0022
-0.0015
-0.0008
-0.0002
-0.0007
-0.0019
-0.0020
-0.0022
-0.0029
-0.0036
-0.0047
-0.0030
-0.0025
-0.0031
-0.0042
-0.0050
-0.0042
-0.0034
-0.0020
-0.0023
-0.0009
0.0028
0.0084
0.0086
0.0086
0.0117
0.0162
0.0197
0.0260
0.0399
0.0618
0.0867
0.0929
0.0539
0.0054
-0.0184
-0.0129
-0.0083
-0.0061
0.0026
0.0099
-0.0098
-0.0180
-0.0152
-0.0185
-0.0195
-0.0119
-0.0017
0.0010
-0.0051
-0.0065
-0.0066
-0.0061
-0.0060
-0.0048
-0.0037
-0.0024
-0.0013
-0.0035
-0.0066
-0.0048
-0.0035
-0.0016
-0.0001
0.0050
0.0051
0.0044
0.0053
0.0069
0.0033
0.0003
-0.0004
-0.0026
0.0015
0.0041
0.0028
0.0028
0.0030
0.0029
0.0033
0.0010
0.0010
0.0033
