6.1930
6.2870
6.4730
6.7480
7.0020
7.2410
7.4580
7.5550
7.5520
7.6510
7.7010
7.7450
7.7670
7.7530
7.7370
7.6200
7.4120
7.1750
7.0660
6.9050
6.5560
6.1400
6.1540
6.0970
5.9690
5.9960
6.0990
6.1170
6.0060
5.9110
5.7940
5.6920
5.6460
5.5760
5.4810
5.3820
5.2770
5.2050
5.1560
5.1330
5.0860
5.0090
4.9450
4.8900
4.8540
4.8210
4.8160
4.8370
4.8950
4.9570
5.0000
5.0430
5.0940
5.1420
5.2140
5.3190
5.4250
5.5500
5.5830
5.5290
5.3500
5.2220
5.2180
5.1510
5.0740
5.1470
5.2710
5.5120
5.6760
5.7800
5.8140
5.7860
5.8110
5.7630
5.7040
5.6940
5.6840
5.6880
5.6870
5.7230
5.8690
5.9660
5.8640
5.8130
5.7450
5.5090
5.4260
5.4890
5.7100
5.7470
5.6210
5.4810
5.1420
2.4650
4.2750
4.8160
3.5570
3.2480
3.2530
3.4540
4.0180
4.7560
5.1460
5.2830
5.3870
5.5550
5.8560
6.2460
6.6610
6.9800
7.1580
7.2890
7.3890
7.5830
7.3790
7.3660
7.3660
7.3810
7.3730
7.3880
7.3960
7.3830
7.3540
7.3220
7.3120
7.2900
7.2590
7.2360
7.1990
7.1400
7.0430
6.8930
6.7180
6.5480
6.3950
6.2590
6.1790
6.1180
6.0580
5.9950
5.9460
5.8770
5.8200
5.7980
5.7900
5.7850
5.7820
5.7670
5.7220
5.6780
5.6200
5.5550
5.4730
5.3910
5.3190
5.2760
5.2700
5.2810
5.2980
5.3250
5.3170
5.3260
5.4090
5.4520
5.4430
5.4250
5.4010
5.3960
5.3900
5.4020
5.4200
5.4350
5.4490
5.4760
5.4970
5.4940
5.4890
5.4750
5.4670
5.4540
5.4310
5.4090
5.3810
5.2880
5.2010
5.1190
5.0840
5.0680
5.1000
5.1160
5.1770
5.2170
5.2590
5.3080
5.3570
5.3970
5.4010
5.3750
5.3560
5.3790
5.4240
5.4370
5.4320
5.4700
5.5330
5.5890
5.6290
5.6560
5.6620
5.6020
5.4310
5.1390
4.8460
4.7530
4.6380
4.4990
4.3940
4.3760
4.3690
4.3540
4.3340
4.2970
4.2980
4.3270
4.3890
4.4660
4.5450
4.6030
4.6590
4.7280
4.8170
4.8940
4.9780
5.0290
5.0580
5.0730
5.1000
5.1440
5.2150
5.3080
5.4150
5.5140
5.6360
5.7220
5.8160
5.8890
5.9330
5.9830
6.0300
6.0480
6.0910
6.1480
6.1690
6.1030
6.0530
6.0220
5.9300
5.8260
5.9210
6.0690
6.1610
6.2710
6.3110
6.3150
6.2640
6.1840
6.0980
6.0550
6.0540
6.0710
6.0950
6.1300
6.1620
6.1580
6.1630
6.1730
6.1340
6.1820
6.2420
6.3090
6.4030
6.4760
6.5430
6.6560
6.7780
6.8210
6.8360
6.8400
6.8220
6.8270
6.9490
7.1230
7.2860
7.3260
7.2720
7.1790
7.0970
6.9950
6.9330
6.9830
7.1670
7.3280
7.3620
7.2240
6.8340
6.2570
5.8170
5.3440
4.7540
4.0380
4.4450
4.0980
3.9210
3.6930
3.5560
3.3950
3.6070
3.9310
4.2410
4.9690
6.9670
7.4080
8.0490
8.2130
8.4260
8.7970
8.9580
9.0910
9.1680
9.5050
9.9020
10.3430
10.7540
11.0920
11.3340
11.4480
11.3210
11.1940
11.1320
10.8020
10.3690
10.0470
9.9840
10.0160
10.0090
10.0070
10.0240
10.0840
10.0980
9.9940
9.7690
9.5340
9.1300
8.9250
8.7200
8.4590
8.1730
7.9150
7.7080
7.6580
7.3630
7.0090
6.8910
6.7950
6.7120
6.6740
6.5990
6.5250
6.4890
6.4090
6.2920
6.1690
6.0440
5.9700
5.9650
5.8210
5.6830
