992.4300
1006.7000
1029.3000
984.5000
992.7800
978.8100
980.4200
986.0100
980.3300
989.6100
987.7400
983.7500
989.6800
982.3700
994.3000
1023.6000
1033.0000
1045.3000
1049.7000
1055.1000
1056.7000
1071.7000
1078.8000
1075.4000
1082.6000
1075.7000
1076.5000
1069.9000
1066.9000
1063.9000
1063.5000
1060.5000
1061.0000
1059.4000
1059.5000
1065.8000
1067.1000
1070.8000
1075.5000
1053.0000
1034.7000
1029.0000
1022.6000
1020.6000
1010.7000
997.5500
976.8800
961.3700
956.8300
951.7100
948.5000
946.7600
940.9100
938.0500
936.3600
939.0600
947.1200
954.8400
964.2400
971.7100
983.6200
998.3400
1012.0000
1032.1000
1046.1000
1058.0000
1075.2000
1092.2000
1109.2000
1120.2000
1133.3000
1149.3000
1158.5000
1170.3000
1188.0000
1209.2000
1229.7000
1245.7000
1262.1000
1273.3000
1279.8000
1292.8000
1310.5000
1327.0000
1344.2000
1367.0000
1384.1000
1364.2000
1333.5000
1332.5000
1338.9000
1355.1000
1368.0000
1433.4000
1460.4000
1471.2000
1473.7000
1475.7000
1477.3000
1489.5000
1492.5000
1496.4000
1504.5000
1513.3000
1527.4000
1540.0000
1555.8000
1570.5000
1587.2000
1607.7000
1624.0000
1665.6000
1701.1000
1717.9000
1732.6000
1741.5000
1758.1000
1780.9000
1809.4000
1832.9000
1846.4000
1864.7000
1885.3000
1893.0000
1911.3000
1928.5000
1940.3000
1952.4000
1962.9000
1973.6000
1982.3000
1992.9000
2002.7000
2011.1000
2023.4000
2014.2000
2001.8000
1998.8000
2002.2000
2012.6000
2017.8000
2015.7000
2010.5000
2007.6000
2014.1000
2018.7000
2021.3000
2008.7000
1987.8000
1974.1000
1964.3000
1964.4000
1956.6000
1943.4000
1929.1000
1915.1000
1911.0000
1909.1000
1906.8000
1919.2000
1928.5000
1927.6000
1929.2000
1923.1000
1921.2000
1920.3000
1925.1000
1926.2000
1929.2000
1935.7000
1943.7000
1941.3000
1947.2000
1953.9000
1959.9000
1968.7000
1976.9000
1986.5000
1989.1000
1995.8000
2000.7000
2006.1000
2012.9000
1978.2000
1942.4000
1935.4000
1933.7000
1945.0000
1942.9000
1931.6000
1905.1000
1888.7000
1887.4000
1883.5000
1881.7000
1887.3000
1874.9000
1861.5000
1854.3000
1849.1000
1846.0000
1843.8000
1844.0000
1837.6000
1834.0000
1833.8000
1830.3000
1858.1000
1883.8000
1887.6000
1888.9000
1881.9000
1886.6000
1897.7000
1916.4000
1926.2000
1922.2000
1922.3000
1922.5000
1903.4000
1898.6000
1894.9000
1890.1000
1884.4000
1877.1000
1868.9000
1856.5000
1852.3000
1849.2000
1842.2000
1837.3000
1805.2000
1772.8000
1753.4000
1735.6000
1725.7000
1705.6000
1683.0000
1651.9000
1627.2000
1613.7000
1601.7000
1589.6000
1577.6000
1553.0000
1535.1000
1522.4000
1512.9000
1502.4000
1488.7000
1474.9000
1458.8000
1449.4000
1444.6000
1434.5000
1450.2000
1466.1000
1469.6000
1473.0000
1470.0000
1474.5000
1481.4000
1497.6000
1500.4000
1497.7000
1500.8000
1499.0000
1483.7000
1476.5000
1478.0000
1475.5000
1474.4000
1469.8000
1465.4000
1452.2000
1444.6000
1449.0000
1447.8000
1445.3000
1400.4000
1355.0000
1334.1000
1323.1000
1322.3000
1304.7000
1281.0000
1249.6000
1220.8000
1209.9000
1201.3000
1184.3000
1188.3000
1174.6000
1156.9000
1140.0000
1123.5000
1119.0000
1118.9000
1117.6000
1108.5000
1091.5000
1078.6000
1068.6000
1086.5000
1105.4000
1111.7000
1118.7000
1112.6000
1111.7000
1136.2000
1202.1000
1207.3000
1205.2000
1194.1000
1194.5000
1183.5000
1182.0000
1188.7000
1190.8000
1198.7000
1228.3000
1255.1000
1274.9000
1287.5000
1316.3000
1337.2000
1373.8000
1370.1000
1351.3000
1365.4000
1371.4000
1381.8000
1395.2000
1398.4000
1387.2000
1388.7000
1403.4000
1425.9000
1433.8000
1471.4000
1503.4000
1515.2000
1522.8000
1525.5000
1530.8000
1533.8000
1543.7000
1548.4000
1557.2000
1572.0000
1589.2000
1613.9000
1644.6000
1658.0000
1676.7000
1688.9000
1712.9000
1728.4000
1755.7000
1781.4000
1796.5000
1809.1000
1826.0000
1816.8000
1822.2000
1833.9000
1851.3000
1871.8000
1875.4000
1878.9000
1879.6000
1880.6000
1891.4000
1896.9000
1894.2000
1865.4000
1827.5000
