9.0271
9.1759
9.4704
9.9070
10.3104
10.6897
11.0349
11.1873
11.1834
11.3401
11.4202
11.4903
11.5246
11.5019
11.4766
11.2917
10.9609
10.5851
10.4124
10.1574
9.6029
8.9434
8.9651
8.8746
8.6714
8.7146
8.8776
8.9069
8.7293
8.5795
8.3941
8.2320
8.1587
8.0474
7.8965
7.7400
7.5739
7.4590
7.3811
7.3450
7.2697
7.1483
7.0471
6.9595
6.9015
6.8492
6.8423
6.8757
6.9675
7.0663
7.1332
7.2019
7.2829
7.3588
7.4733
7.6394
7.8086
8.0062
8.0590
7.9736
7.6888
7.4857
7.4797
7.3737
7.2515
7.3676
7.5634
7.9459
8.2058
8.3711
8.4261
8.3806
8.4212
8.3449
8.2515
8.2350
8.2184
8.2262
8.2240
8.2818
8.5124
8.6670
8.5041
8.4240
8.3163
7.9421
7.8095
7.9090
8.2599
8.3192
8.1195
7.8963
7.3596
3.1119
5.9827
6.8421
4.8444
4.3530
4.3624
4.6806
5.5762
6.7466
7.3652
7.5835
7.7486
8.0152
8.4918
9.1112
9.7701
10.2757
10.5582
10.7663
10.9250
11.2321
10.9094
10.8875
10.8876
10.9121
10.8992
10.9238
10.9361
10.9147
10.8695
10.8179
10.8028
10.7674
10.7185
10.6818
10.6237
10.5293
10.3760
10.1378
9.8594
9.5904
9.3470
9.1315
9.0040
8.9082
8.8125
8.7134
8.6343
8.5252
8.4348
8.4008
8.3866
8.3787
8.3740
8.3510
8.2796
8.2094
8.1170
8.0139
7.8838
7.7549
7.6401
7.5720
7.5617
7.5803
7.6073
7.6501
7.6364
7.6515
7.7834
7.8506
7.8368
7.8082
7.7698
7.7621
7.7521
7.7724
7.8005
7.8239
7.8464
7.8884
7.9228
7.9179
7.9099
7.8869
7.8742
7.8547
7.8181
7.7820
7.7381
7.5902
7.4530
7.3233
7.2675
7.2424
7.2920
7.3172
7.4153
7.4775
7.5442
7.6225
7.7003
7.7631
7.7703
7.7295
7.6992
7.7350
7.8071
7.8271
7.8199
7.8796
7.9792
8.0691
8.1321
8.1747
8.1843
8.0896
7.8170
7.3549
6.8900
6.7416
6.5591
6.3390
6.1717
6.1434
6.1330
6.1087
6.0770
6.0180
6.0205
6.0665
6.1636
6.2868
6.4114
6.5031
6.5919
6.7018
6.8428
6.9655
7.0984
7.1805
7.2258
7.2496
7.2927
7.3626
7.4744
7.6225
7.7925
7.9501
8.1431
8.2788
8.4282
8.5443
8.6140
8.6942
8.7681
8.7967
8.8650
8.9559
8.9881
8.8836
8.8044
8.7555
8.6100
8.4451
8.5958
8.8298
8.9761
9.1500
9.2145
9.2206
9.1387
9.0127
8.8765
8.8084
8.8055
8.8327
8.8709
8.9272
8.9776
8.9705
8.9786
8.9954
8.9333
9.0096
9.1038
9.2109
9.3598
9.4753
9.5816
9.7619
9.9558
10.0233
10.0464
10.0532
10.0243
10.0321
10.2262
10.5032
10.7613
10.8243
10.7383
10.5917
10.4607
10.2992
10.2008
10.2805
10.5716
10.8278
10.8812
10.6629
10.0445
9.1284
8.4305
7.6793
6.7439
5.6080
6.2534
5.7017
5.4223
5.0595
4.8430
4.5862
4.9228
5.4374
5.9293
7.0848
10.2553
10.9550
11.9718
12.2319
12.5703
13.1588
13.4145
13.6248
13.7474
14.2815
14.9115
15.6124
16.2647
16.8003
17.1842
17.3662
17.1646
16.9629
16.8642
16.3396
15.6536
15.1426
15.0419
15.0929
15.0816
15.0783
15.1063
15.2009
15.2237
15.0585
14.7008
14.3286
13.6874
13.3619
13.0371
12.6231
12.1692
11.7589
11.4309
11.3511
10.8827
10.3213
10.1338
9.9823
9.8497
9.7900
9.6705
9.5536
9.4964
9.3695
9.1838
8.9895
8.7903
8.6729
8.6649
8.4371
8.2169
