-10.7999
-10.8944
-10.9553
-10.9988
-11.0257
-11.0249
-11.0336
-11.0758
-11.1253
-11.1941
-11.2559
-11.2971
-11.3174
-11.3343
-11.3542
-11.3978
-11.4553
-11.4768
-11.3393
-11.1332
-11.0014
-10.7436
-10.4176
-10.0971
-9.7530
-9.2979
-8.8432
-8.4525
-8.0818
-7.7348
-7.3961
-7.0077
-6.5865
-6.1939
-5.8499
-5.5363
-5.2274
-4.9090
-4.6014
-4.3152
-4.0602
-3.8310
-3.6181
-3.4165
-3.2228
-3.0338
-2.8521
-2.6843
-2.5431
-2.4328
-2.3445
-2.2818
-2.2561
-2.2697
-2.3162
-2.4383
-2.6834
-3.0800
-3.4488
-3.8335
-4.1430
-4.4259
-4.7738
-5.1858
-5.6730
-6.1826
-6.7006
-7.1599
-7.5109
-7.7802
-8.0542
-8.3801
-8.6365
-8.8732
-9.1100
-9.3217
-9.5566
-9.7554
-9.8263
-9.8200
-9.8086
-9.8208
-9.8619
-9.8989
-9.8940
-9.9265
-9.9241
-9.8371
-9.6819
-9.5602
-9.4909
-9.4536
-9.4895
-11.5012
-11.6783
-11.1587
-10.3714
-10.2108
-10.2672
-10.3104
-10.6095
-10.8518
-10.7635
-10.6656
-10.7941
-10.9974
-11.1603
-11.3538
-11.5210
-11.6699
-11.8709
-12.0406
-12.1698
-12.1648
-12.3042
-12.3697
-12.4220
-12.4694
-12.5088
-12.5461
-12.5747
-12.5937
-12.6098
-12.6223
-12.6428
-12.6669
-12.6880
-12.7172
-12.7522
-12.7854
-12.8146
-12.8371
-12.8481
-12.8499
-12.8467
-12.8319
-12.8174
-12.8116
-12.8085
-12.8086
-12.8075
-12.7945
-12.7732
-12.7500
-12.7349
-12.7208
-12.7294
-12.7499
-12.7743
-12.7864
-12.8044
-12.8234
-12.8422
-12.8623
-12.8760
-12.8961
-12.9013
-12.9119
-12.9234
-12.9410
-12.9537
-12.9646
-12.9825
-13.0038
-13.0056
-13.0062
-12.9996
-12.9874
-12.9741
-12.9567
-12.9348
-12.9067
-12.8723
-12.8345
-12.7932
-12.7536
-12.7210
-12.6945
-12.6713
-12.6504
-12.6257
-12.5901
-12.5424
-12.4875
-12.4434
-12.4105
-12.3838
-12.3625
-12.3360
-12.3082
-12.2673
-12.2342
-12.2076
-12.1803
-12.1593
-12.1461
-12.1285
-12.1128
-12.0997
-12.0914
-12.0876
-12.0859
-12.0866
-12.0868
-12.0896
-12.0937
-12.0973
-12.0988
-12.0778
-12.0494
-12.1036
-12.0021
-11.9529
-11.7697
-11.5416
-11.2684
-10.9304
-10.5598
-10.1780
-9.7793
-9.3727
-9.0067
-8.6870
-8.4271
-8.2068
-7.9928
-7.7944
-7.6133
-7.4671
-7.3318
-7.2101
-7.0691
-6.9109
-6.7003
-6.4328
-6.1639
-5.9102
-5.7009
-5.5441
-5.4090
-5.2783
-5.1858
-5.1132
-5.1107
-5.1313
-5.1747
-5.2554
-5.3680
-5.4994
-5.6245
-5.7475
-5.9055
-6.1235
-6.4069
-6.6585
-6.9264
-7.2267
-7.5784
-7.9240
-8.3013
-8.6259
-8.8457
-9.0507
-9.2471
-9.4073
-9.5495
-9.6599
-9.7267
-9.7330
-9.7464
-9.7589
-9.7666
-9.7675
-9.7592
-9.7457
-9.7437
-9.7423
-9.7095
-9.6693
-9.6202
-9.5702
-9.5320
-9.4824
-9.4097
-9.3279
-9.2526
-9.1832
-9.0811
-8.9939
-8.9013
-8.7938
-8.6799
-8.5393
-8.4278
-8.3885
-8.4208
-8.4394
-8.4492
-8.4085
-8.3348
-8.1965
-8.0661
-8.0303
-8.0584
-8.1457
-8.2264
-8.2243
-8.1698
-8.0144
-7.9024
-7.8425
-7.3543
-6.9474
-6.4742
-6.1452
-5.8610
-5.6988
-5.6695
-5.8042
-6.2146
-7.6659
-8.2291
-8.7885
-9.1365
-9.7919
-10.4267
-10.8186
-11.1004
-11.3390
-11.5442
-11.7407
-11.9828
-12.2348
-12.4260
-12.5871
-12.7227
-12.7920
-12.8445
-12.9064
-12.9478
-12.9615
-12.9817
-13.0200
-13.0659
-13.1157
-13.1794
-13.2678
-13.3279
-13.3912
-13.4714
-13.5302
-13.5637
-13.5826
-13.5895
-13.6081
-13.6209
-13.6378
-13.6774
-13.6958
-13.7198
-13.7317
-13.7042
-13.6529
-13.5921
-13.5429
-13.5031
-13.4668
-13.4524
-13.4466
-13.4523
-13.4595
-13.4692
-13.4791
-13.4881
-13.4917
-13.4817
-13.5100
