-2.7358
-2.8455
-3.0907
-3.2888
-3.4405
-3.5897
-3.7433
-3.8251
-3.8551
-3.8333
-3.8106
-3.7403
-3.6542
-3.5630
-3.4839
-3.3776
-3.1993
-2.9783
-2.6726
-2.3007
-2.0428
-1.7476
-1.6149
-1.4911
-1.2718
-1.1100
-0.9363
-0.7502
-0.5524
-0.4015
-0.3159
-0.2324
-0.1187
0.0566
0.1347
0.1161
0.1008
0.0201
-0.0115
-0.0128
-0.0240
0.0074
0.0073
-0.0140
-0.0232
0.0103
0.0146
0.0167
-0.0099
-0.0375
-0.0681
-0.1575
-0.3102
-0.5006
-0.6644
-0.9310
-1.3808
-1.9549
-2.2388
-2.6000
-2.6967
-2.6694
-2.7353
-2.8149
-2.9082
-3.0280
-3.1934
-3.4610
-3.5819
-3.4323
-3.3179
-3.1297
-2.9825
-2.8497
-2.7472
-2.6534
-2.5086
-2.3543
-2.1374
-1.9420
-1.8250
-1.7257
-1.5789
-1.4954
-1.3941
-1.2669
-1.1639
-1.1338
-1.1834
-1.0496
-0.7620
-0.5247
-0.1739
2.9207
4.1453
1.9963
1.0683
-0.3017
-1.2767
-2.2754
-3.4192
-4.5325
-4.8403
-4.8793
-4.9056
-4.8054
-5.0153
-5.3050
-5.5757
-5.8618
-6.1340
-6.5026
-6.9246
-7.5165
-7.5660
-7.8351
-8.1181
-8.4000
-8.6131
-8.8165
-9.0081
-9.1088
-9.1652
-9.1891
-9.2368
-9.2925
-9.3025
-9.3150
-9.3140
-9.2817
-9.2359
-9.1576
-9.0263
-8.8822
-8.7348
-8.5730
-8.4988
-8.4548
-8.3922
-8.2926
-8.2032
-8.0712
-7.9309
-7.8559
-7.8209
-7.8353
-7.8470
-7.8692
-7.8360
-7.7913
-7.7361
-7.6728
-7.5751
-7.4777
-7.3852
-7.3350
-7.3416
-7.3762
-7.4170
-7.4856
-7.4991
-7.5465
-7.7065
-7.8043
-7.8113
-7.7982
-7.7673
-7.7621
-7.7515
-7.7694
-7.7932
-7.8042
-7.7997
-7.7988
-7.7754
-7.7132
-7.6618
-7.5998
-7.5501
-7.4842
-7.3764
-7.2685
-7.1676
-6.9764
-6.7831
-6.5881
-6.4795
-6.4005
-6.3779
-6.3295
-6.3451
-6.3872
-6.4043
-6.4103
-6.4273
-6.4342
-6.3975
-6.3346
-6.3072
-6.3413
-6.4114
-6.4242
-6.3689
-6.3510
-6.3762
-6.4146
-6.4408
-6.4556
-6.4130
-6.2355
-5.9571
-5.4769
-5.0633
-4.8080
-4.6013
-4.3730
-4.1696
-4.1218
-4.1734
-4.2064
-4.1834
-4.1806
-4.2554
-4.4287
-4.5969
-4.7138
-4.7983
-4.8625
-4.9543
-5.0446
-5.1580
-5.2021
-5.2149
-5.1018
-4.8804
-4.6679
-4.5314
-4.4851
-4.5036
-4.5331
-4.5138
-4.4853
-4.4456
-4.4675
-4.4982
-4.5413
-4.6255
-4.7413
-4.8301
-4.8347
-4.8427
-4.8831
-4.9388
-4.9926
-4.9796
-4.9437
-4.8361
-4.8635
-4.9175
-5.0039
-5.0155
-4.9620
-4.8288
-4.7884
-4.6906
-4.5085
-4.4140
-4.3721
-4.3702
-4.3706
-4.3836
-4.4370
-4.4330
-4.3621
-4.3625
-4.3236
-4.0423
-3.9548
-3.9295
-3.8524
-3.8726
-3.8377
-3.6997
-3.6461
-3.6368
-3.4954
-3.2689
-3.0797
-2.7838
-2.4957
-2.3903
-2.2941
-2.2540
-2.1686
-2.0864
-1.9265
-1.6520
-1.3879
-1.1174
-0.8127
-0.6916
-0.6581
-0.5727
-0.3585
-0.0187
0.3882
1.0982
1.5183
1.5998
2.9963
5.8901
5.2321
5.2047
4.8475
4.7522
4.5854
4.7100
4.5932
4.1955
3.4015
4.6075
4.9940
4.4740
3.0959
2.3941
2.0607
1.7700
1.2544
0.5396
0.2110
-0.1302
-0.6926
-1.2142
-1.5518
-1.9842
-2.3500
-2.3468
-2.1694
-2.4480
-2.3500
-1.9622
-1.9205
-2.0259
-2.2307
-2.3049
-2.4720
-2.7493
-2.9931
-3.1659
-3.3781
-3.6003
-3.6661
-3.6131
-3.5799
-3.5499
-3.5436
-3.3708
-3.2584
-3.3361
-3.4775
-3.4681
-3.1767
-3.4476
-3.6699
-3.9031
-4.1435
-4.3404
-4.5720
-4.9440
-5.1864
-5.2128
-5.0928
-4.9665
-4.8929
-4.8204
-4.6129
-4.2836
