8.6025
8.7236
8.9518
9.3452
9.7194
10.0690
10.3806
10.5130
10.4980
10.6725
10.7657
10.8645
10.9299
10.9361
10.9351
10.7747
10.4836
10.1575
10.0636
9.8934
9.3831
8.7710
8.8185
8.7485
8.5777
8.6436
8.8281
8.8753
8.7118
8.5701
8.3882
8.2287
8.1578
8.0472
7.8953
7.7392
7.5732
7.4589
7.3811
7.3450
7.2697
7.1483
7.0471
6.9595
6.9015
6.8492
6.8423
6.8757
6.9675
7.0662
7.1329
7.2001
7.2763
7.3417
7.4437
7.5825
7.6856
7.7639
7.7418
7.5378
7.2004
6.9936
6.9616
6.8153
6.6428
6.7166
6.8562
7.1526
7.3828
7.6350
7.7454
7.7743
7.8753
7.8432
7.7808
7.7958
7.8262
7.8821
7.9414
8.0508
8.3144
8.4934
8.3563
8.2902
8.1986
7.8404
7.7223
7.8273
8.1747
8.2527
8.0837
7.8788
7.3576
1.0738
-4.3138
-6.5444
-4.7251
-4.3425
-4.1714
-4.0903
-4.4049
-4.9973
-5.5513
-5.8053
-5.9979
-6.4150
-6.8525
-7.4075
-8.0229
-8.4397
-8.5936
-8.5807
-8.4502
-8.3465
-7.8595
-7.5597
-7.2551
-6.9652
-6.6789
-6.4497
-6.2011
-6.0134
-5.8434
-5.7086
-5.6018
-5.4393
-5.3245
-5.2280
-5.1100
-4.9715
-4.7285
-4.3489
-3.9665
-3.6170
-3.3272
-3.1445
-2.9734
-2.8059
-2.6892
-2.6750
-2.6941
-2.7452
-2.8717
-2.9764
-3.0280
-2.9682
-2.9237
-2.7955
-2.6739
-2.5865
-2.4572
-2.3132
-2.1844
-2.0550
-1.9571
-1.8798
-1.8115
-1.7472
-1.6909
-1.5782
-1.4412
-1.2637
-1.0914
-0.8516
-0.6310
-0.3959
-0.1955
-0.0081
0.0968
0.2145
0.3384
0.5549
0.8552
1.1853
1.5213
1.7891
1.9654
2.1085
2.2357
2.3841
2.5906
2.7798
2.9162
2.9902
3.0882
3.1979
3.2914
3.3891
3.5349
3.6712
3.8376
3.8880
3.9875
4.1243
4.2408
4.3436
4.4101
4.4292
4.4155
4.4293
4.4549
4.4712
4.5374
4.6640
4.7971
4.8952
4.9647
5.0151
5.0849
5.1536
5.0614
4.9091
4.6728
4.7257
4.6745
4.5891
4.5502
4.5554
4.4940
4.4297
4.4079
4.3288
4.2589
4.1461
4.1059
4.1598
4.2524
4.3181
4.3483
4.4121
4.4966
4.6320
4.8159
5.0529
5.3285
5.5468
5.7140
5.8388
5.9653
6.1281
6.3520
6.5640
6.8225
6.9699
7.1275
7.2375
7.2668
7.2876
7.3177
7.3490
7.4255
7.5076
7.5097
7.3479
7.2609
7.2262
7.1235
6.9041
7.0503
7.2750
7.4442
7.6878
7.8478
7.8797
7.8431
7.8040
7.7012
7.6467
7.6445
7.6755
7.7121
7.7464
7.8067
7.8386
7.8476
7.8882
7.9664
8.0952
8.2121
8.3665
8.5211
8.6633
8.8384
9.0555
9.2678
9.3940
9.4997
9.5698
9.6300
9.7167
9.9429
10.2496
10.5226
10.6049
10.5336
10.4151
10.3294
10.2052
10.1395
10.2483
10.5490
10.8078
10.8661
10.6568
10.0445
9.1201
8.3587
7.5277
6.5514
4.7405
2.1004
2.2658
1.5207
1.4493
0.9334
-0.0857
-1.4315
-2.9098
-4.1898
-6.2149
-9.1620
-9.7504
-11.1044
-11.8336
-12.3402
-12.9965
-13.2972
-13.5669
-13.7368
-14.2799
-14.9109
-15.5970
-16.2193
-16.7285
-17.0693
-17.2064
-17.0034
-16.8236
-16.6856
-16.1698
-15.5302
-15.0203
-14.9049
-14.9271
-14.9045
-14.8743
-14.8540
-14.9033
-14.8909
-14.6747
-14.2532
-13.8517
-13.2019
-12.8734
-12.5445
-12.1155
-11.6931
-11.2984
-10.9333
-10.8053
-10.3153
-9.8203
-9.5293
-9.2832
-9.0434
-8.8699
-8.6417
-8.3886
-8.1079
-7.8031
-7.5610
-7.4078
-7.2528
-7.1609
-7.2003
-7.0645
-7.0120
