2.7410
2.7850
2.7420
2.7190
2.7750
2.8790
3.0500
3.1550
3.2660
3.2150
3.1880
3.1460
3.1440
3.1000
2.9770
3.0090
2.9590
3.0020
3.0560
2.8600
2.5990
2.6340
2.7620
2.7180
2.6510
2.6010
2.6130
2.5750
2.5460
2.5100
2.4510
2.2450
2.0500
1.9720
2.1790
2.5730
2.9420
3.2230
3.3740
3.4420
3.6200
3.7330
3.7460
3.5370
3.6910
3.5110
3.4810
3.4190
3.4800
3.5080
3.4220
3.3600
3.1630
3.2010
3.4200
3.5440
3.4350
3.3610
3.4130
3.3120
2.9980
2.8670
3.0880
3.1480
3.1020
3.1150
3.4020
3.7800
4.1800
4.4490
4.5230
4.6670
4.8380
4.9110
5.0710
5.2440
5.3220
5.3850
5.4940
5.5560
5.5230
5.4920
5.5010
5.5240
5.5430
5.5610
5.6060
5.6950
5.7770
5.8170
5.8300
5.8210
5.7910
5.7550
5.7260
5.7180
5.7160
5.7210
5.7110
5.6770
5.6210
5.5600
5.5050
5.4530
5.3940
5.3410
5.3100
5.2820
5.2720
5.2870
5.3160
5.3490
5.3650
5.2750
4.9200
4.7180
4.4320
3.7370
3.3170
3.0920
3.0920
3.3590
3.3940
3.4610
3.4180
3.3330
3.2460
3.1830
3.1240
3.0700
3.0380
3.0210
3.0170
3.0320
3.0360
2.9550
2.7900
2.6230
2.9730
3.4570
3.6510
3.6900
3.7210
3.8180
3.9280
4.0720
3.9300
3.7330
3.5470
3.5830
3.8340
4.3620
4.7340
4.7120
5.0920
5.9330
6.1700
6.1520
6.1280
6.1630
6.2390
6.2730
6.4180
6.3620
6.5320
6.8090
7.0460
7.2780
7.3800
7.4360
7.4630
7.4800
7.4110
7.3300
7.2920
7.2230
7.1190
7.0550
7.0180
6.9990
6.9690
6.8830
6.7790
6.7160
6.7250
6.7640
6.7740
6.7730
6.7540
6.7680
6.7790
6.7560
6.6900
6.5880
6.5060
6.4570
6.4190
6.4000
6.4080
6.4190
6.4160
6.4340
6.4550
6.4840
6.5250
6.5470
6.5280
6.4130
6.2610
6.0670
5.8570
5.4450
5.2100
5.4320
5.5200
5.4110
5.3180
5.2770
5.2890
5.2790
5.2680
5.2390
5.2450
5.2160
5.1440
5.0540
4.9560
4.8950
4.8400
4.7540
4.6350
4.5440
4.5400
4.6030
4.7060
4.8650
5.0130
5.1130
5.1960
5.2480
5.3680
5.4380
5.5140
5.6200
5.8660
5.9850
6.0930
6.1710
6.3400
6.4610
6.3960
6.3650
6.2830
6.1630
5.9770
5.8020
5.7100
5.7050
5.5370
5.2340
5.0310
4.9490
4.8480
4.6420
4.2960
4.0620
4.1190
4.2500
4.4860
4.7670
5.0260
4.9390
4.8720
5.0980
5.4460
5.4870
5.3270
5.0450
4.7530
4.4860
4.0360
3.7340
3.5240
3.6020
3.9770
4.1770
4.6290
5.2980
5.9170
6.3950
6.4690
6.3210
6.2890
6.3230
6.3020
6.2130
6.1560
6.1580
6.1660
6.0620
5.9480
5.7970
5.7570
5.6570
5.3780
5.1250
5.1880
4.6940
4.2750
4.2710
4.4370
4.4310
4.5930
4.6340
4.6420
4.5790
4.4690
4.3550
4.1680
3.9900
3.7760
3.5250
3.2400
2.7910
2.6290
3.0300
2.3800
2.8030
2.3880
1.2340
1.1060
2.6150
4.2300
3.6390
3.5360
3.6220
4.0510
3.9270
4.4450
4.7940
3.5050
4.1440
4.3710
4.1140
3.7230
3.7690
3.7660
4.4240
4.2080
4.4680
5.0620
4.3810
3.9700
4.1060
4.0400
4.5480
4.6460
4.7540
4.6700
4.7750
5.0160
5.0400
5.1640
5.4140
5.4890
5.6080
5.7200
5.6590
5.8930
6.0510
5.6240
5.1690
5.9800
6.4150
6.7040
6.2510
5.8240
