352.2200
287.7400
288.9700
330.1200
358.5200
351.0700
368.6800
365.9800
356.7500
346.8400
368.3900
388.0400
378.5800
385.5700
385.0200
402.9800
426.7200
438.4700
435.9700
424.0300
435.1500
438.4300
449.5100
461.3600
457.8400
457.2300
454.3500
458.9900
470.7400
480.8900
488.5500
491.3200
495.9300
504.8100
511.4700
522.5200
531.3700
537.7500
542.6300
533.0000
527.6600
525.2600
524.3300
534.1600
521.0500
526.9000
521.4600
518.1300
516.0000
514.8800
522.7200
533.4100
540.4000
545.6700
547.1300
551.3800
561.1000
563.3400
561.6000
561.8800
566.9500
569.3500
572.9400
565.7600
558.5600
561.0400
565.6500
569.2900
573.8900
573.9700
568.8500
569.9800
578.6600
585.1000
588.2900
602.0300
613.6200
619.9800
628.7800
634.5300
644.2300
658.2300
672.9400
686.2300
697.7400
709.9000
719.1500
693.2000
673.5900
668.5800
671.1700
682.3800
681.2800
673.7900
657.7900
652.7300
657.9900
662.7400
668.8100
683.0700
686.2100
687.0800
688.0100
690.3700
695.1800
698.8300
705.2800
705.1800
707.2500
711.2600
713.0600
741.8200
769.1200
777.6900
780.4700
775.9500
783.3700
795.7300
816.2300
825.2600
824.2400
828.5600
834.5900
838.9600
851.2500
859.8200
865.6100
866.5600
868.1600
871.1400
871.9800
875.3300
872.7300
868.7500
868.6000
847.4000
829.1300
823.2400
824.7200
828.7800
820.1900
810.9300
795.2500
785.8400
781.5400
774.8500
766.4600
756.2400
738.9600
725.2300
717.2000
715.5500
715.3500
714.3700
716.2900
716.5700
721.3600
727.1000
732.2400
749.2500
762.8700
773.1200
784.4800
793.4800
806.9500
818.6500
832.1100
845.2400
856.4200
867.8100
878.1900
876.9500
883.4400
891.6300
900.5800
910.6100
919.9200
928.8300
930.8500
934.7100
941.4700
949.0500
955.5600
927.0300
900.4000
891.9000
890.3900
898.4600
894.0900
882.6300
862.6900
853.2200
855.1100
854.4700
856.5200
871.8500
872.4000
869.8100
868.6500
866.2500
870.1100
875.9400
886.3100
887.8700
890.2600
895.1500
896.7200
922.1400
944.2200
948.9400
950.2100
944.5100
946.2500
952.8700
966.4500
971.8400
970.3500
967.9900
966.3900
961.6500
963.5800
963.1500
962.0000
959.5900
952.5000
946.0100
937.4600
931.4200
923.2400
914.6300
906.6800
872.3200
842.4300
832.5400
822.8000
818.1900
805.6900
787.9600
759.3700
739.2400
724.2000
712.7200
702.9700
704.1900
690.7700
676.6100
668.3500
656.8900
651.4600
648.5100
644.8000
640.6300
635.4800
639.1300
631.9000
657.9000
684.7800
682.7700
674.2800
686.3800
700.7600
713.6300
755.7100
775.6900
760.5400
761.3200
759.0100
738.7800
745.0600
740.4800
742.8300
736.7900
737.7400
744.7800
750.5500
752.8100
752.4900
749.1600
751.6900
723.4900
696.1300
691.3000
689.7900
698.2700
697.3000
687.3700
674.2500
671.1200
677.5700
676.4100
676.3000
686.5000
688.9000
684.9400
681.7000
677.8300
681.2400
685.3200
688.5700
688.4500
691.1200
690.8400
693.2000
723.3700
746.5600
756.0100
758.9000
754.3100
761.8600
773.9000
790.9000
801.1200
799.1800
798.9600
800.7100
788.0800
783.5200
783.8500
781.4900
776.7800
766.5500
752.1500
733.3200
715.8900
701.9800
720.3100
694.8200
669.8600
649.6600
631.5600
613.0600
614.0700
612.0200
592.5100
572.8000
548.4100
523.1400
545.3400
542.0000
540.0400
581.4500
563.9800
565.0300
543.4500
569.0600
533.7600
552.5700
506.1900
543.4200
531.7100
501.0700
524.6100
578.6000
549.1800
560.2800
544.0500
545.6600
552.8500
575.3100
601.5000
615.3000
600.1400
619.8100
604.0200
604.9900
606.0900
606.8800
601.8000
617.9000
619.1500
630.2100
642.5300
655.9800
683.6800
697.6800
672.0000
623.1100
