3.5493
3.6193
3.5511
3.5136
3.6035
3.7675
4.0391
4.2063
4.3819
4.3011
4.2585
4.1921
4.1880
4.1183
3.9240
3.9745
3.8951
3.9627
4.0492
3.7380
3.3244
3.3801
3.5833
3.5131
3.4069
3.3277
3.3465
3.2865
3.2399
3.1819
3.0890
2.7622
2.4523
2.3290
2.6569
3.2821
3.8685
4.3148
4.5542
4.6618
4.9440
5.1231
5.1447
4.8125
5.0568
4.7717
4.7230
4.6257
4.7217
4.7663
4.6297
4.5322
4.2184
4.2785
4.6268
4.8235
4.6503
4.5332
4.6162
4.4559
3.9575
3.7488
4.1004
4.1949
4.1223
4.1423
4.5985
5.1974
5.8324
6.2599
6.3775
6.6058
6.8765
6.9925
7.2458
7.5207
7.6441
7.7452
7.9184
8.0167
7.9633
7.9146
7.9294
7.9654
7.9952
8.0244
8.0952
8.2369
8.3674
8.4302
8.4510
8.4368
8.3892
8.3311
8.2862
8.2728
8.2697
8.2786
8.2618
8.2075
8.1194
8.0231
7.9344
7.8526
7.7589
7.6756
7.6261
7.5818
7.5654
7.5898
7.6353
7.6872
7.7134
7.5708
7.0062
6.6856
6.2327
5.1291
4.4624
4.1060
4.1058
4.5297
4.5847
4.6909
4.6238
4.4883
4.3499
4.2502
4.1566
4.0714
4.0205
3.9930
3.9872
4.0117
4.0179
3.8880
3.6264
3.3618
3.9173
4.6858
4.9933
5.0552
5.1036
5.2583
5.4335
5.6613
5.4351
5.1233
4.8279
4.8845
5.2842
6.1216
6.7120
6.6760
7.2791
8.6147
8.9904
8.9624
8.9239
8.9790
9.0998
9.1538
9.3835
9.2945
9.5645
10.0046
10.3809
10.7488
10.9108
10.9985
11.0417
11.0696
10.9592
10.8306
10.7708
10.6616
10.4965
10.3949
10.3356
10.3052
10.2575
10.1222
9.9566
9.8575
9.8717
9.9332
9.9492
9.9475
9.9164
9.9388
9.9571
9.9209
9.8161
9.6531
9.5238
9.4464
9.3848
9.3550
9.3686
9.3852
9.3809
9.4088
9.4428
9.4882
9.5529
9.5886
9.5582
9.3754
9.1344
8.8266
8.4941
7.8405
7.4674
7.8195
7.9589
7.7853
7.6379
7.5726
7.5924
7.5759
7.5586
7.5127
7.5227
7.4759
7.3627
7.2199
7.0644
6.9665
6.8801
6.7437
6.5545
6.4095
6.4040
6.5035
6.6670
6.9193
7.1543
7.3124
7.4455
7.5274
7.7180
7.8288
7.9490
8.1177
8.5082
8.6966
8.8686
8.9914
9.2595
9.4526
9.3483
9.2996
9.1704
8.9800
8.6841
8.4069
8.2600
8.2521
7.9856
7.5055
7.1827
7.0531
6.8925
6.5655
6.0162
5.6460
5.7360
5.9431
6.3176
6.7638
7.1754
7.0368
6.9314
7.2892
7.8412
7.9059
7.6528
7.2045
6.7420
6.3180
5.6035
5.1247
4.7910
4.9153
5.5102
5.8274
6.5445
7.6074
8.5894
9.3470
9.4643
9.2293
9.1788
9.2326
9.2003
9.0593
8.9676
8.9714
8.9834
8.8194
8.6387
8.3980
8.3342
8.1766
7.7337
7.3314
7.4322
6.6486
5.9827
5.9777
6.2397
6.2302
6.4874
6.5530
6.5659
6.4663
6.2906
6.1102
5.8130
5.5310
5.1923
4.7929
4.3411
3.6291
3.3708
4.0073
2.9769
3.6475
2.9894
1.1582
0.9549
3.3486
5.9126
4.9749
4.8113
4.9467
5.6280
5.4310
6.2533
6.8066
4.7616
5.7751
6.1358
5.7282
5.1075
5.1806
5.1762
6.2202
5.8768
6.2888
7.2320
6.1520
5.4995
5.7151
5.6097
6.4169
6.5728
6.7436
6.6097
6.7768
7.1592
7.1979
7.3937
7.7904
7.9103
8.0978
8.2758
8.1796
8.5504
8.8011
8.1235
7.4015
8.6894
9.3790
9.8383
9.1191
8.4414
