-6.3190
-6.3489
-6.3655
-6.3760
-6.3864
-6.3806
-6.3639
-6.3339
-6.3123
-6.3006
-6.2948
-6.3052
-6.3250
-6.3711
-6.4151
-6.4529
-6.4795
-6.5006
-6.4723
-6.5908
-6.5286
-6.2091
-5.8302
-5.4656
-5.0973
-4.7761
-4.4585
-4.1914
-3.9207
-3.6871
-3.4835
-3.3393
-3.3779
-3.5318
-3.6513
-3.7882
-3.9485
-4.1109
-4.1930
-4.1711
-4.1544
-4.1517
-4.1791
-4.1597
-4.1601
-4.2228
-4.2165
-4.2247
-4.1646
-4.1265
-4.1588
-4.1922
-4.2492
-4.3290
-4.3002
-4.2908
-4.3030
-4.2167
-4.0451
-3.7990
-3.6016
-3.5054
-3.3166
-3.1029
-2.9859
-3.0371
-3.2292
-3.3488
-3.5121
-3.7184
-4.1428
-4.5994
-4.9181
-5.1526
-5.3524
-5.4634
-5.4981
-5.4342
-5.4100
-5.4403
-5.3969
-5.3165
-5.1980
-5.1439
-5.1629
-5.2116
-5.2562
-5.2407
-5.1598
-5.1461
-5.2069
-5.2461
-5.2336
-5.2090
-5.2039
-5.2073
-5.2149
-5.2320
-5.2618
-5.2771
-5.2620
-5.2203
-5.1872
-5.1598
-5.1503
-5.1342
-5.0931
-4.9895
-4.8551
-4.7317
-4.6146
-4.5114
-4.4454
-4.5188
-4.9414
-4.9805
-5.0047
-5.0266
-4.7279
-4.2991
-3.7557
-3.1693
-2.6820
-2.2137
-1.8607
-1.5782
-1.3216
-1.0894
-0.8592
-0.6338
-0.4363
-0.2669
-0.1143
0.0309
0.1680
0.2847
0.3377
0.1966
-0.4060
-1.0028
-1.2396
-1.2080
-1.1025
-0.9585
-0.8494
-0.6293
-0.4720
-0.2345
-0.0336
0.3755
0.8893
1.1650
1.2063
1.0516
0.6966
0.1537
-0.1920
-0.4954
-0.7663
-1.1149
-1.5330
-2.0432
-2.5012
-2.9611
-3.4344
-3.7783
-4.0224
-4.2328
-4.4704
-4.6799
-4.8468
-4.9759
-5.1438
-5.3067
-5.4373
-5.5792
-5.7157
-5.8171
-5.8956
-5.9446
-5.9732
-6.0328
-6.1025
-6.1584
-6.1858
-6.1789
-6.1975
-6.2478
-6.3248
-6.4028
-6.4525
-6.4952
-6.5439
-6.5947
-6.5746
-6.5304
-6.4825
-6.4350
-6.3898
-6.3458
-6.3086
-6.2715
-6.2370
-6.1984
-6.1532
-6.1075
-6.0647
-6.0467
-5.9891
-5.9195
-5.7976
-5.6288
-5.4556
-5.1915
-4.8591
-4.4554
-4.0966
-3.7210
-3.3706
-3.0774
-2.8236
-2.5326
-2.2407
-1.9542
-1.6625
-1.3724
-1.0951
-0.8350
-0.5860
-0.3390
-0.1288
0.0167
0.1056
-0.0225
-0.2238
-0.2381
-0.2667
-0.3348
-0.5111
-0.6348
-0.6157
-0.6496
-0.7247
-0.8779
-0.9643
-0.9804
-1.0877
-1.1648
-1.2855
-1.4148
-1.5073
-1.5414
-1.6033
-1.7161
-1.8563
-1.9991
-2.1726
-2.3830
-2.6139
-3.0199
-3.2905
-3.5392
-3.6772
-3.7380
-3.7530
-3.7191
-3.6074
-3.5459
-3.5149
-3.4690
-3.2977
-3.0315
-2.7344
-2.4699
-2.3837
-2.1860
-1.9235
-1.7016
-1.5517
-1.4980
-1.7625
-2.1104
-2.5411
-2.7340
-2.6695
-2.3689
-2.4298
-2.2920
-2.1752
-2.1271
-1.9995
-1.7041
-1.8569
-1.9469
-2.0804
-2.1209
-2.3547
-2.5432
-2.4583
-2.4840
-2.6528
-2.8550
-2.9658
-3.0898
-3.2703
-3.2317
-3.1115
-3.0233
-2.7531
-2.3828
-2.0005
-1.6173
-1.2091
-0.8885
-0.5950
-0.3315
-0.0726
0.1527
0.3433
0.5248
0.7206
0.9358
1.1422
1.3704
1.5184
1.0989
1.4959
1.6149
1.6699
1.9248
1.6074
0.8919
0.4243
0.6923
0.6576
0.7324
0.9077
0.4582
-0.4551
-1.0178
-1.2822
-1.2946
-0.6770
-0.6843
-0.8868
-0.2326
-0.3246
0.5862
0.7610
0.8448
1.1020
1.0118
0.4484
1.0884
1.1515
1.2534
1.4936
1.3832
1.2257
0.9526
0.7828
0.7766
0.7820
0.7843
0.5096
0.3909
0.6956
0.8360
0.6098
0.4725
0.4009
0.3652
0.0602
-0.2985
-0.8693
-1.3711
-1.2946
