1.9959
2.1448
2.1926
2.1276
2.2495
2.2627
2.5224
2.6399
2.8028
2.8199
2.9934
3.1837
3.2212
3.3167
3.2947
3.3836
3.3927
3.5134
3.5834
3.3009
3.0079
3.1136
3.2684
3.1209
3.0136
2.8982
2.8262
2.7058
2.5539
2.3928
2.1987
1.6515
0.7230
-0.4412
-1.5385
-2.4279
-3.0661
-3.5217
-3.7476
-3.8233
-4.0917
-4.2605
-4.3901
-3.9980
-4.2947
-3.9031
-3.9996
-3.9639
-4.2718
-4.3536
-4.3100
-4.4497
-4.2084
-4.2655
-4.5218
-4.6228
-4.3790
-4.1830
-4.2898
-4.1613
-3.6633
-3.4147
-3.6109
-3.5785
-3.5320
-3.5198
-3.7371
-3.9226
-3.8016
-2.9596
-1.7252
-1.8395
-2.0446
-1.8303
-1.6288
-1.4962
-1.1873
-1.0276
-0.9672
-0.8070
-0.6622
-0.6153
-0.5360
-0.3031
0.0252
0.4022
0.7541
0.9889
1.1462
1.2925
1.4697
1.6775
1.8885
2.1320
2.3117
2.4436
2.5618
2.6608
2.7525
2.8534
2.9871
3.1171
3.2067
3.2931
3.3836
3.4769
3.5530
3.6781
3.8633
4.0411
4.1729
4.2904
4.3762
4.3275
4.0079
3.8685
3.7284
3.1591
2.7637
2.5608
2.5546
2.8208
2.8325
2.8608
2.7476
2.5942
2.4231
2.2394
2.0467
1.8398
1.6338
1.4167
1.1568
0.8733
0.5964
0.3423
-0.1146
-1.2353
-3.0568
-4.1633
-4.5933
-4.6614
-4.7109
-4.8364
-4.9922
-5.1331
-4.7926
-4.3301
-3.7293
-2.9407
-1.9964
-1.4014
-1.4014
-1.7934
-2.7480
-4.0354
-4.4260
-4.6615
-4.7705
-4.8873
-4.9818
-4.9510
-5.0580
-4.9343
-4.6997
-4.5534
-4.3462
-4.2537
-3.9710
-3.7631
-3.5943
-3.4196
-3.3926
-3.4437
-3.5203
-3.5221
-3.5048
-3.4773
-3.4256
-3.3903
-3.3506
-3.3146
-3.2897
-3.2797
-3.3129
-3.3813
-3.4751
-3.5743
-3.7035
-3.7822
-3.8220
-3.7883
-3.7125
-3.5973
-3.5107
-3.4515
-3.4402
-3.4495
-3.4626
-3.5144
-3.5994
-3.7281
-3.8440
-3.9383
-4.0480
-4.1914
-4.2863
-4.2573
-4.0995
-3.9948
-3.8542
-3.5373
-3.3788
-3.3661
-3.2969
-3.0013
-2.8010
-2.6758
-2.6297
-2.6465
-2.5588
-2.5276
-2.4832
-2.4434
-2.5153
-2.6568
-2.8370
-3.0409
-3.1811
-3.2925
-3.4518
-3.7377
-4.1344
-4.7155
-5.2159
-5.4822
-5.6957
-5.8523
-6.0709
-6.2507
-6.3889
-6.4942
-6.6104
-6.8068
-7.1281
-7.3496
-7.5682
-7.8036
-8.0440
-8.1998
-8.0781
-7.9618
-7.7685
-7.4987
-7.1659
-6.7959
-6.6080
-6.5411
-6.2677
-5.7017
-5.2471
-4.8714
-4.3577
-3.9791
-3.7426
-3.3409
-3.2966
-3.4227
-3.4471
-3.5878
-3.2856
-2.5512
-1.7263
-1.0017
-0.2904
0.5631
1.6485
2.5370
3.1568
3.6998
3.6648
3.2895
2.5876
2.2144
2.5779
3.0383
3.2214
3.9940
4.9154
5.7406
6.1221
6.3074
6.0763
6.1516
6.1161
5.9487
5.6463
5.5262
5.7518
5.7596
5.6240
5.4363
5.3642
5.2100
4.9119
4.8096
5.0466
4.5816
4.0942
4.1702
4.5433
4.6602
5.0513
5.3672
5.6186
5.6732
5.6059
5.5346
5.3114
5.0505
4.7020
4.2950
3.8782
3.1484
3.0410
3.9297
2.8741
3.4110
2.8344
1.0166
-0.9213
-3.3479
-5.9126
-4.9687
-4.7212
-4.9413
-5.6277
-5.4232
-6.2474
-6.7017
-4.7054
-5.6151
-6.1249
-5.7277
-4.9114
-5.1236
-5.1184
-6.2154
-5.8720
-6.2682
-7.0022
-5.8768
-4.9653
-5.4051
-5.3764
-5.6902
-5.1363
-4.5415
-4.2333
-3.8954
-3.2821
-2.7090
-2.1747
-2.2131
-2.0666
-1.6156
-0.9587
-0.2517
0.6730
1.4069
1.5576
2.0039
2.0082
3.3476
5.0277
5.7644
6.4543
