-2.9350
-2.9154
-2.7934
-2.7961
-2.8151
-3.0123
-3.1546
-3.2747
-3.3682
-3.2477
-3.0289
-2.7273
-2.6764
-2.4412
-2.1313
-2.0851
-1.9136
-1.8328
-1.8855
-1.7540
-1.4157
-1.3157
-1.4688
-1.6130
-1.5890
-1.6353
-1.7920
-1.8654
-1.9937
-2.0973
-2.1698
-2.2140
-2.3432
-2.2868
-2.1662
-2.2084
-2.3589
-2.4930
-2.5878
-2.6674
-2.7751
-2.8450
-2.6822
-2.6788
-2.6696
-2.7449
-2.5119
-2.3842
-2.0115
-1.9401
-1.6906
-0.8612
-0.2903
0.3340
0.9801
1.3768
1.5653
1.7470
1.7051
1.5933
1.4973
1.5471
1.9429
2.1890
2.1255
2.1839
2.6797
3.4097
4.4232
5.5160
6.1397
6.3445
6.5655
6.7487
7.0604
7.3704
7.5513
7.6767
7.8591
7.9759
7.9357
7.8906
7.9112
7.9596
7.9951
8.0143
8.0600
8.1773
8.2885
8.3305
8.3222
8.2684
8.1739
8.0537
7.9572
7.9036
7.8629
7.8394
7.7898
7.6955
7.5500
7.3928
7.2575
7.1287
6.9822
6.8429
6.7479
6.6299
6.5046
6.4245
6.3941
6.3785
6.3519
6.2121
5.7466
5.4527
4.9946
4.0407
3.5035
3.2096
3.2143
3.5442
3.6051
3.7176
3.7189
3.6626
3.6125
3.6124
3.6179
3.6320
3.6736
3.7332
3.8158
3.9155
3.9734
3.8729
3.6246
3.1266
2.4497
2.1504
1.9582
1.9560
1.9631
2.0636
2.1449
2.3878
2.5635
2.7383
3.0661
3.9001
4.8926
5.9590
6.5641
6.4306
6.7404
7.6111
7.8255
7.6547
7.5418
7.5324
7.6150
7.6994
7.9036
7.8766
8.3302
8.9084
9.4273
9.8713
10.1625
10.3347
10.4404
10.5282
10.4208
10.2685
10.1792
10.0630
9.8941
9.7960
9.7515
9.7316
9.6948
9.5641
9.3974
9.2959
9.2992
9.3400
9.3226
9.2831
9.1989
9.1910
9.1944
9.1692
9.0870
8.9578
8.8532
8.7932
8.7315
8.6958
8.7052
8.7024
8.6629
8.6387
8.6249
8.6322
8.6529
8.6240
8.5432
8.3531
8.1628
7.8708
7.5694
6.9972
6.6593
7.0579
7.2439
7.1835
7.1057
7.0841
7.1224
7.0985
7.1123
7.0747
7.1010
7.0653
6.9198
6.7133
6.4697
6.2678
6.1005
5.8853
5.5719
5.2069
4.8907
4.4788
4.1524
4.2215
4.3294
4.3844
4.3103
4.1941
4.3300
4.3720
4.4148
4.4232
4.6455
4.6491
4.6233
4.4664
4.5862
4.7027
4.7047
4.8054
4.8731
4.9406
4.9055
4.9489
4.9560
5.0311
4.9483
4.8810
4.9050
5.1006
5.3402
5.2224
4.7103
4.5515
4.6941
4.8585
5.2943
5.7339
6.3789
6.5581
6.7130
7.2200
7.8359
7.8858
7.4732
6.7431
5.9573
5.1213
4.2389
3.9296
4.0321
4.3882
4.8700
4.9726
5.6967
6.4746
7.0439
7.3765
7.2176
6.7377
6.8796
6.8847
6.8730
6.8325
6.9668
7.0673
6.9005
6.6789
6.5572
6.4011
6.3784
6.3018
5.9735
5.5333
5.4561
4.8180
4.3624
4.2827
4.2770
4.1349
4.0707
3.7595
3.3974
3.1029
2.8541
2.5889
2.3623
2.2547
2.2027
2.1272
1.9506
1.8049
1.4543
0.7849
0.7757
1.2921
0.9502
0.5549
0.2513
-0.0665
0.0233
0.2476
0.9269
-0.2325
-0.0615
-0.2905
0.2721
-1.1904
-0.7297
-1.3503
-0.3664
0.0749
-1.4015
-0.7670
-0.7712
-0.2432
0.2383
0.5086
1.8085
1.8195
2.3642
1.8568
1.6011
2.9662
4.1012
4.9851
5.0762
5.5454
6.3626
6.6686
7.0667
7.4694
7.6356
7.9350
8.2201
8.1758
8.5239
8.6879
7.9727
7.1250
8.4541
8.7612
8.4566
7.0661
5.4406
