-0.0000
-0.0040
-0.0034
-0.0029
-0.0036
-0.0038
-0.0052
-0.0041
-0.0023
-0.0011
0.0011
0.0009
0.0014
0.0027
0.0019
0.0008
0.0005
-0.0043
-0.0095
-0.0068
-0.0055
-0.0045
-0.0041
-0.0029
0.0025
0.0093
0.0144
0.0179
0.0248
0.0346
0.0508
0.0915
0.1352
0.1164
0.0693
0.0251
-0.0094
-0.0253
-0.0258
-0.0188
-0.0180
-0.0143
-0.0160
-0.0268
-0.0064
-0.0063
-0.0065
-0.0056
-0.0095
0.0053
0.0050
0.0101
0.0090
-0.0110
-0.0067
0.0035
-0.0123
-0.0203
-0.0224
-0.0073
-0.0090
-0.0029
-0.0069
-0.0113
-0.0075
0.0050
0.0056
0.0082
0.0135
0.0190
0.0061
-0.0013
-0.0022
-0.0076
-0.0125
-0.0109
-0.0086
-0.0052
-0.0034
-0.0041
-0.0055
-0.0054
-0.0047
-0.0031
-0.0033
-0.0047
-0.0061
-0.0059
-0.0061
-0.0047
-0.0039
-0.0044
-0.0047
-0.0044
-0.0047
-0.0048
-0.0051
-0.0046
-0.0039
-0.0039
-0.0046
-0.0053
-0.0065
-0.0068
-0.0069
-0.0065
-0.0060
-0.0056
-0.0057
-0.0061
-0.0064
-0.0076
-0.0083
-0.0088
-0.0076
-0.0091
-0.0088
-0.0072
-0.0075
-0.0073
-0.0032
0.0049
0.0064
0.0100
0.0099
0.0112
0.0141
0.0173
0.0208
0.0248
0.0287
0.0313
0.0341
0.0370
0.0401
0.0541
0.0909
0.1404
0.1180
0.0322
0.0073
0.0166
0.0246
0.0234
0.0192
0.0179
0.0243
0.0313
0.0578
0.1011
0.1157
0.0643
-0.0037
0.0312
0.0884
0.0397
0.0265
0.0168
0.0132
0.0089
0.0060
-0.0009
-0.0061
-0.0003
0.0045
0.0036
0.0021
0.0031
0.0013
-0.0014
-0.0011
-0.0020
-0.0035
-0.0024
-0.0029
-0.0034
-0.0026
0.0005
0.0035
0.0059
0.0059
0.0052
0.0036
0.0020
0.0006
-0.0017
-0.0002
0.0013
0.0032
0.0065
0.0083
0.0098
0.0086
0.0069
0.0074
0.0060
0.0055
0.0055
0.0056
0.0051
0.0039
0.0031
0.0040
0.0049
0.0044
0.0056
0.0065
0.0088
0.0105
0.0125
0.0121
0.0117
0.0127
0.0110
0.0089
0.0062
0.0143
0.0208
0.0234
0.0210
0.0158
0.0202
0.0219
0.0199
0.0216
0.0245
0.0286
0.0317
0.0332
0.0378
0.0491
0.0646
0.0773
0.0874
0.0768
0.0721
0.0663
0.0636
0.0614
0.0541
0.0519
0.0486
0.0426
0.0359
0.0300
0.0254
0.0244
0.0210
0.0180
0.0176
0.0195
0.0139
0.0132
0.0146
0.0151
0.0111
0.0069
0.0079
0.0024
-0.0029
0.0040
0.0023
0.0054
0.0062
0.0023
-0.0025
-0.0068
-0.0053
-0.0040
-0.0022
-0.0034
-0.0075
-0.0060
-0.0039
-0.0078
-0.0112
-0.0156
-0.0142
-0.0136
-0.0108
-0.0052
0.0033
0.0050
0.0023
-0.0012
0.0003
0.0064
-0.0024
-0.0077
-0.0094
-0.0144
-0.0171
-0.0113
-0.0111
-0.0053
-0.0117
-0.0156
-0.0091
-0.0074
-0.0098
-0.0061
-0.0039
-0.0079
-0.0082
-0.0066
-0.0030
-0.0023
0.0010
-0.0009
0.0030
0.0079
0.0100
0.0128
0.0060
0.0070
0.0071
0.0099
0.0071
0.0055
0.0060
0.0045
-0.0010
-0.0163
-0.0192
0.0776
-0.0681
-0.0154
0.0176
-0.0162
0.0949
0.1707
0.1111
-0.0275
0.0027
-0.0086
-0.0061
0.0271
0.0260
0.0481
0.1132
0.0143
-0.0764
-0.0337
-0.0267
-0.0836
-0.0012
0.0145
0.0142
0.0331
0.0431
0.0282
0.0713
-0.0206
0.0026
0.0296
0.0342
0.0191
-0.0007
0.0030
0.0052
-0.0016
-0.0018
-0.0013
0.0027
-0.0035
-0.0031
-0.0072
-0.0058
-0.0093
-0.0065
0.0004
-0.0582
-0.0095
0.0013
-0.0034
-0.0133
-0.0016
