4.5570
4.5850
4.7510
4.8650
4.9780
5.1180
5.2480
5.4660
5.5880
5.6770
5.6830
5.7440
5.8390
5.8910
5.9570
5.9690
5.9420
5.7710
5.5330
5.2210
4.8730
4.7580
4.8870
4.9550
5.0470
5.0450
5.0180
4.9360
4.8670
4.8200
4.7620
4.7440
4.7360
4.7340
4.7120
4.6720
4.6140
4.5470
4.4590
4.3570
4.2970
4.2220
4.1440
4.1050
4.0880
4.1090
4.1470
4.1830
4.2550
4.3330
4.3920
4.4670
4.5640
4.6320
4.6960
4.7720
4.9360
5.1620
5.3850
5.5240
5.6750
5.7490
5.7790
5.7810
5.8370
5.9350
5.8830
5.9010
5.9860
6.0220
6.0590
6.1350
6.1300
6.1450
6.2440
6.2750
6.2560
6.2160
6.1830
6.1010
6.0600
6.0290
6.0360
6.0560
6.0910
6.1690
6.2500
6.2550
6.3140
6.4050
6.4920
6.5660
6.5870
6.5190
6.4250
6.4010
6.3980
6.3560
6.3080
6.3130
6.3080
6.2630
6.3050
6.2810
6.3030
6.3440
6.3740
6.3870
6.3520
6.3590
6.3920
6.4050
6.3130
6.0550
5.8620
5.4120
5.0330
5.0150
4.9430
4.8330
4.6900
4.6630
4.6070
4.4900
4.3280
4.2080
4.0810
3.9910
3.8990
3.7920
3.6930
3.6350
3.5630
3.4800
3.4350
3.3850
3.3550
3.3740
3.4050
3.4230
3.4900
3.5040
3.5590
3.6480
3.7720
3.8830
3.9910
4.0660
4.1270
4.2080
4.3240
4.5130
4.6960
4.9390
5.3080
5.3690
5.5680
5.6100
5.8300
5.9010
5.9890
6.1070
6.1960
5.9610
6.0330
6.2380
6.1170
6.2180
6.2970
6.1380
6.5440
6.1630
6.3480
6.6250
6.8690
6.9020
6.7160
7.0640
6.5570
6.4570
6.1790
5.9520
5.8200
6.2100
6.0730
6.3130
6.7490
6.3490
6.0130
6.2240
5.9360
5.9290
6.0390
6.0990
6.2020
6.1450
6.1820
6.1780
6.0610
6.2700
6.3300
6.1900
6.2210
6.1380
6.1120
6.1790
6.2160
6.0990
5.8000
5.4130
5.3220
4.9800
4.5910
4.3210
4.1060
4.2200
4.2570
4.0870
3.9590
3.8740
3.9220
3.9970
4.0170
3.9470
3.7720
3.6040
3.4510
3.4090
3.4590
3.5090
3.5560
3.6620
3.7360
3.7260
3.6590
3.5910
3.5090
3.4680
3.4890
3.4960
3.5630
3.6560
3.6510
3.5960
3.4480
3.3940
3.3530
3.4420
3.5070
3.3490
3.5440
3.1480
3.1510
3.2010
3.1130
3.0730
2.9880
2.9800
3.1300
3.3630
3.6710
4.0900
4.6410
4.7610
5.3030
5.5920
5.7660
5.9780
5.8960
6.0760
6.0330
6.1610
6.4550
6.5870
6.4070
6.3380
6.1620
6.1280
6.0240
6.0440
6.0390
6.1280
6.2800
6.1660
6.1370
6.1910
6.1970
6.1310
6.1330
6.1490
6.1530
6.1930
6.2810
6.3200
6.3420
6.2920
6.3000
6.3190
6.2560
6.1590
6.0420
5.9230
5.8210
5.7370
5.5650
5.2990
4.8960
4.7000
4.5030
3.8980
3.4400
3.2810
3.2610
3.5180
3.5200
3.3980
3.3980
3.5860
3.6500
3.6810
3.6790
3.6700
3.6820
3.7450
3.8800
3.9170
3.8610
3.7900
3.7270
3.7080
3.6800
3.6730
3.7320
3.8220
3.8710
3.8720
3.8040
3.7890
3.8180
3.7980
3.6330
3.5750
3.5620
3.5720
3.5460
3.5220
3.6480
3.6190
3.4830
3.0700
2.7280
2.5750
2.6810
2.7620
3.1700
3.6680
4.0550
4.3830
5.1290
5.3290
5.1460
5.5940
5.8020
6.0810
6.1680
6.5270
6.7440
6.8290
6.5610
6.4260
6.4360
6.3300
6.1310
6.1880
6.3240
6.4440
6.4120
