776.0800
801.8300
795.7700
787.1900
796.2900
798.0400
801.6600
812.3200
808.5300
813.6500
794.4900
805.2700
808.6400
814.1500
815.4900
835.9700
845.7600
846.1700
849.6700
844.9000
841.7000
838.4100
853.8900
854.6700
848.1500
847.4900
841.9200
844.0500
852.6800
849.4400
846.6700
838.2600
834.8300
830.8400
828.4600
831.5100
825.8700
816.0200
812.3000
793.2700
773.3200
765.5000
756.5600
748.8600
739.9100
727.0300
710.0300
702.1100
693.0400
682.2800
675.9400
672.6400
664.9800
659.0500
654.5400
650.9600
649.0200
645.1500
648.3700
649.0400
649.3300
649.3500
657.1900
659.1100
658.1800
664.5900
672.5500
677.7800
681.2800
687.1700
691.3800
695.3200
702.0000
713.3600
719.0900
734.7100
750.1300
760.4000
767.2300
772.7800
780.1400
790.2600
800.3000
801.9300
803.5000
803.6800
802.9900
769.6900
739.5300
728.9500
728.2800
730.4300
724.5500
707.9800
685.3100
673.6700
671.8100
670.3500
672.8000
672.0400
663.3500
661.1400
656.1500
661.7600
661.0100
655.9600
652.9200
643.8000
644.4400
642.4700
638.1100
661.9600
677.7400
678.3500
676.0900
667.3500
664.6000
669.8200
682.2900
684.6900
678.8400
674.1600
668.1700
667.6600
672.9800
668.9100
663.3100
653.0000
646.2900
643.5500
643.1000
641.1700
631.9900
622.5000
616.0400
591.4500
573.8200
558.6400
547.0400
535.5500
519.5900
506.1600
487.9300
473.8500
462.8300
454.9300
445.6500
436.2500
421.3300
417.4800
408.4600
404.3400
403.0300
392.5100
371.2700
374.1100
366.3500
383.3000
363.7000
376.0900
397.5100
396.6900
398.9100
438.0000
450.7100
439.5900
475.2100
493.3300
503.7100
519.1300
495.6200
557.0100
534.3300
529.4700
512.4000
512.5800
523.8500
511.3400
556.7900
562.0600
617.0000
620.5700
626.3400
570.7200
558.4500
544.3400
510.4900
530.5500
555.2800
517.9200
493.7200
476.5400
463.2800
443.8200
432.8900
436.8600
431.4900
419.5800
418.2100
409.4000
398.0600
398.9300
395.3700
393.1900
395.3000
387.4900
378.7000
415.6300
449.9200
457.5900
453.5200
443.9900
443.9200
452.9100
471.2500
482.1100
483.4100
485.1600
482.4300
483.2200
487.3300
484.1000
483.1500
481.1000
479.2100
477.8300
480.2100
486.0600
486.3100
481.3200
480.9800
450.6100
422.9100
409.9300
402.5900
397.4600
383.2600
364.0600
332.7400
317.8100
312.9600
299.9000
289.8100
290.8100
273.2500
266.9900
254.9700
248.4600
251.1900
244.8800
234.3400
226.4400
229.1700
234.6300
226.6900
253.1000
266.7800
284.9900
280.2100
269.9400
289.1600
312.7400
328.8300
357.8700
354.9200
377.7900
382.0100
382.3100
407.9300
406.4900
417.4500
441.7500
433.7600
446.3100
461.6300
465.2000
472.3600
481.2000
480.2900
441.8000
422.0500
416.1700
410.1000
429.0200
419.5700
401.9700
376.5100
368.0500
374.6700
369.7800
372.4900
381.8800
377.9500
379.0300
377.1700
380.4400
379.3500
380.0300
389.9800
391.6400
388.6700
394.0900
394.5900
428.3300
454.1900
464.6500
471.7100
466.8900
475.2300
488.2900
511.3300
522.5100
522.9500
523.9900
523.2200
512.7500
516.1200
516.0000
516.7100
516.9300
513.2700
506.0800
501.5100
501.1400
495.7100
496.1800
494.8000
466.7800
441.5100
428.3900
416.5900
409.4300
394.1400
370.7300
346.4500
320.8600
304.3200
297.6900
269.9500
293.4100
278.9100
285.7000
267.0900
277.4500
268.3100
279.2600
282.0000
281.1900
253.2100
295.1200
313.2500
333.0400
359.5900
383.9000
393.3200
396.7700
398.8600
438.1600
470.3400
479.7700
504.8100
505.0000
511.3600
494.2400
509.3100
504.6800
504.7000
502.1800
516.6900
519.2200
512.1100
515.8100
530.9800
536.9500
545.6900
515.8300
495.3200
