6.4312
6.4749
6.7384
6.9196
7.0983
7.3205
7.5272
7.8734
8.0671
8.2074
8.2175
8.3138
8.4652
8.5472
8.6522
8.6714
8.6287
8.3577
7.9791
7.4844
6.9320
6.7491
6.9545
7.0620
7.2083
7.2058
7.1628
7.0328
6.9231
6.8484
6.7559
6.7280
6.7145
6.7112
6.6771
6.6136
6.5218
6.4149
6.2756
6.1142
6.0179
5.8991
5.7753
5.7142
5.6870
5.7198
5.7798
5.8373
5.9520
6.0759
6.1683
6.2886
6.4416
6.5504
6.6514
6.7727
7.0316
7.3911
7.7444
7.9660
8.2052
8.3216
8.3693
8.3735
8.4625
8.6169
8.5355
8.5633
8.6986
8.7549
8.8137
8.9348
8.9271
8.9499
9.1085
9.1575
9.1267
9.0638
9.0113
8.8816
8.8154
8.7661
8.7771
8.8097
8.8654
8.9886
9.1168
9.1249
9.2183
9.3631
9.5011
9.6180
9.6520
9.5439
9.3954
9.3576
9.3523
9.2857
9.2090
9.2176
9.2088
9.1379
9.2051
9.1666
9.2013
9.2657
9.3136
9.3339
9.2786
9.2896
9.3419
9.3626
9.2172
8.8084
8.5012
7.7871
7.1869
7.1568
7.0433
6.8681
6.6418
6.5998
6.5097
6.3251
6.0679
5.8765
5.6758
5.5333
5.3866
5.2174
5.0605
4.9670
4.8539
4.7225
4.6497
4.5712
4.5234
4.5542
4.6029
4.6321
4.7376
4.7598
4.8474
4.9890
5.1847
5.3607
5.5327
5.6522
5.7484
5.8768
6.0614
6.3613
6.6507
7.0372
7.6219
7.7196
8.0356
8.1013
8.4516
8.5634
8.7036
8.8900
9.0312
8.6583
8.7723
9.0982
8.9063
9.0657
9.1911
8.9389
9.5831
8.9790
9.2728
9.7128
10.0994
10.1523
9.8564
10.4085
9.6052
9.4456
9.0041
8.6448
8.4345
9.0530
8.8371
9.2168
9.9087
9.2748
8.7411
9.0760
8.6191
8.6080
8.7819
8.8784
9.0404
8.9499
9.0098
9.0028
8.8169
9.1486
9.2447
9.0220
9.0719
8.9392
8.8988
9.0042
9.0631
8.8774
8.4032
7.7888
7.6441
7.1025
6.4849
6.0567
5.7154
5.8965
5.9554
5.6850
5.4818
5.3468
5.4236
5.5428
5.5733
5.4622
5.1851
4.9181
4.6762
4.6097
4.6879
4.7684
4.8421
5.0107
5.1287
5.1123
5.0061
4.8979
4.7672
4.7030
4.7360
4.7470
4.8528
5.0008
4.9924
4.9061
4.6703
4.5856
4.5207
4.6609
4.7651
4.5139
4.8226
4.1957
4.1998
4.2787
4.1400
4.0764
3.9419
3.9278
4.1668
4.5365
5.0248
5.6900
6.5640
6.7551
7.6139
8.0734
8.3489
8.6860
8.5548
8.8412
8.7724
8.9753
9.4421
9.6521
9.3666
9.2567
8.9774
8.9238
8.7589
8.7908
8.7820
8.9243
9.1641
8.9835
8.9378
9.0232
9.0324
8.9277
8.9309
8.9563
8.9639
9.0273
9.1666
9.2289
9.2638
9.1842
9.1964
9.2262
9.1262
8.9724
8.7865
8.5983
8.4360
8.3027
8.0305
7.6084
6.9685
6.6581
6.3457
5.3848
4.6579
4.4067
4.3747
4.7828
4.7846
4.5916
4.5923
4.8901
4.9908
5.0414
5.0380
5.0236
5.0426
5.1421
5.3571
5.4154
5.3264
5.2130
5.1145
5.0838
5.0393
5.0277
5.1225
5.2646
5.3420
5.3446
5.2352
5.2123
5.2583
5.2260
4.9651
4.8723
4.8525
4.8682
4.8273
4.7888
4.9891
4.9430
4.7273
4.0706
3.5282
3.2864
3.4541
3.5826
4.2299
5.0204
5.6344
6.1552
7.3384
7.6566
7.3661
8.0762
8.4065
8.8491
8.9865
9.5569
9.9018
10.0366
9.6105
9.3963
9.4124
9.2436
8.9286
9.0187
9.2348
9.4245
9.3736
