-0.2571
-0.3431
-0.3891
-0.4452
-0.4940
-0.5172
-0.5245
-0.5156
-0.5097
-0.5254
-0.5773
-0.5975
-0.6374
-0.6970
-0.7495
-0.8019
-0.8721
-0.9936
-1.0491
-1.0681
-0.9173
-0.7192
-0.4358
-0.1217
0.2345
0.5706
0.8634
1.1311
1.4027
1.7266
2.0811
2.3949
2.6560
2.8849
3.0985
3.3016
3.4969
3.6968
3.9254
4.1553
4.3699
4.5680
4.7528
4.9170
5.0646
5.1870
5.2732
5.3311
5.3604
5.3585
5.3328
5.2881
5.2148
5.1268
5.0228
4.8811
4.6720
4.3973
4.0989
3.8039
3.4920
3.1449
2.7295
2.3810
2.0423
1.6989
1.3474
1.0095
0.7067
0.4304
0.1712
-0.0450
-0.2642
-0.4357
-0.5790
-0.7037
-0.8048
-0.9008
-0.9866
-1.0562
-1.1204
-1.2029
-1.2520
-1.3057
-1.3629
-1.4170
-1.4587
-1.4848
-1.5142
-1.5362
-1.5411
-1.5625
-1.6164
-1.6751
-1.7310
-1.7733
-1.8077
-1.7997
-1.7822
-1.7571
-1.7330
-1.7194
-1.7029
-1.6963
-1.6973
-1.7070
-1.7274
-1.7523
-1.7835
-1.8118
-1.8390
-1.8912
-1.9313
-1.8928
-1.7862
-1.6224
-1.4130
-1.1232
-0.8134
-0.4867
-0.1466
0.2748
0.6682
0.9948
1.3067
1.6157
1.9275
2.2509
2.6170
2.9893
3.3284
3.6278
3.8930
4.1463
4.4096
4.6637
4.8922
5.0888
5.2639
5.4303
5.5886
5.7351
5.8642
5.9717
6.0524
6.1042
6.1377
6.1552
6.1558
6.1286
6.0526
5.9207
5.7449
5.4933
5.1382
4.7820
4.4235
4.0139
3.6097
3.2357
2.8385
2.4308
2.0373
1.6841
1.3478
1.0209
0.7552
0.5043
0.2779
0.1128
-0.0261
-0.1508
-0.2610
-0.3492
-0.4181
-0.4862
-0.5661
-0.6150
-0.6838
-0.7354
-0.8051
-0.9061
-0.9850
-1.0075
-1.0365
-1.0457
-1.0211
-1.0510
-1.0624
-1.0250
-1.0427
-1.0162
-0.9815
-0.9675
-0.9914
-1.0482
-1.0862
-1.0823
-1.0684
-1.0179
-0.9677
-0.9572
-0.9263
-0.9274
-0.9092
-0.8628
-0.8663
-0.9180
-0.9911
-0.9549
-0.8076
-0.7163
-0.4577
-0.1520
0.1888
0.6071
0.9894
1.3424
1.6975
2.1090
2.6358
3.2010
3.6385
3.9594
4.2466
4.5767
4.9850
5.3889
5.7114
6.0473
6.3446
6.5919
6.7950
6.9613
7.0973
7.2159
7.3326
7.4598
7.5976
7.7336
7.8456
7.9185
7.9631
8.0001
8.0337
8.0589
8.0610
8.0399
7.8884
7.7149
7.6287
7.5805
7.4908
7.4787
7.5194
7.5822
7.5515
7.3416
7.1728
7.0943
6.7949
6.2925
5.5582
4.7883
4.3127
4.1623
4.1189
4.2060
4.0123
4.0292
3.9205
3.6753
3.4451
3.1543
2.8708
2.6249
2.3500
2.1402
1.8863
1.7871
1.6927
1.8080
1.8871
1.8664
1.7985
1.7866
1.7825
1.7060
1.8127
2.0614
2.2576
2.3363
2.4615
2.5918
2.6210
2.6536
2.7558
2.8871
2.9414
2.9742
2.9125
2.8146
2.6374
2.5007
2.5659
2.4690
2.0190
1.9385
1.8825
1.7084
1.8066
2.0544
2.4198
2.9065
3.3206
3.6946
4.1163
4.5358
4.8106
5.1221
5.4065
5.6675
5.9318
6.1783
6.3852
6.5544
6.7015
6.8328
6.9427
7.0388
7.1378
7.2355
7.3268
7.4030
7.4676
7.5322
7.5958
7.6554
7.7068
7.7547
7.7952
7.8259
7.8400
7.8453
7.8397
7.8099
7.7545
7.6656
7.5291
7.3571
7.2118
7.1488
7.1320
6.9792
6.6142
6.3121
6.0801
5.5036
4.7858
4.5242
4.1797
3.9917
3.8843
3.7333
3.8365
3.9506
4.0112
3.7387
3.4549
3.2956
3.1435
2.9959
2.8674
2.5280
2.0543
1.8727
1.9118
