-2.6648
-2.7766
-2.9607
-3.0446
-3.2552
-3.4104
-3.4707
-3.6649
-3.7045
-3.7444
-3.8092
-3.8766
-4.0240
-4.1351
-4.1917
-4.1472
-4.1392
-4.0779
-3.7509
-3.4789
-3.1856
-3.1215
-3.0575
-2.8983
-2.7846
-2.6098
-2.5187
-2.5205
-2.4872
-2.3660
-2.2127
-2.0700
-2.0056
-2.0254
-1.9947
-1.9106
-1.8083
-1.7056
-1.6044
-1.5103
-1.5123
-1.4708
-1.4038
-1.4101
-1.3654
-1.3480
-1.4344
-1.5572
-1.7339
-1.8906
-1.9788
-2.1401
-2.3114
-2.4273
-2.5416
-2.6378
-2.8252
-3.1842
-3.5448
-3.8403
-4.0658
-4.3170
-4.4600
-4.5719
-4.6985
-4.7830
-4.6361
-4.6068
-4.6682
-4.5294
-4.4164
-4.2926
-4.1853
-3.9968
-3.9069
-3.6907
-3.5359
-3.3790
-3.2429
-3.0033
-2.8443
-2.7635
-2.7542
-2.6803
-2.5348
-2.4356
-2.3260
-2.3165
-2.2826
-2.1488
-2.0596
-2.0515
-1.9833
-1.9694
-1.8836
-1.8605
-1.8277
-1.7624
-1.6788
-1.7071
-1.7253
-1.6438
-1.6752
-1.6458
-1.6587
-1.6685
-1.6890
-1.6707
-1.5853
-1.5554
-1.5662
-1.6026
-1.5693
-1.3787
-1.1275
-0.8844
-0.7063
-0.5719
-0.4041
-0.2532
-0.1666
-0.1182
0.0213
0.1657
0.1657
0.0348
-0.0552
-0.1371
-0.1104
-0.0010
0.0824
0.0697
0.0337
-0.0214
-0.0974
-0.1895
-0.2790
-0.3940
-0.4838
-0.5380
-0.6196
-0.6077
-0.6522
-0.7479
-0.8801
-1.0149
-1.1836
-1.2851
-1.3306
-1.4073
-1.5617
-1.7973
-1.9674
-2.2379
-2.7535
-2.9580
-3.2930
-3.4637
-3.8089
-3.9403
-4.0500
-4.0977
-4.2647
-4.1454
-4.0507
-4.0349
-3.7596
-3.5629
-3.4923
-3.2051
-3.3415
-2.6885
-2.6211
-2.6837
-2.6499
-2.2684
-1.8627
-1.8798
-1.2393
-1.2904
-0.8449
-0.8733
-0.7129
-0.9806
-0.8805
-1.0027
-1.1379
-0.5778
-0.0266
-0.2776
-0.0907
-0.3592
-0.4119
-0.5411
-0.3857
-0.1195
-0.0307
-0.1507
0.0082
-0.0361
-0.0792
0.1290
0.2133
0.3473
0.4054
0.3483
0.3298
0.4420
0.6713
0.8327
0.9629
0.9229
0.9210
0.9753
1.1306
1.4440
1.7775
1.9951
2.0926
2.1044
2.1716
2.4074
2.6863
2.9210
2.9516
2.8624
2.8797
3.1026
3.3819
3.7152
4.0806
4.3871
4.5266
4.5454
4.4516
4.3192
4.1546
4.0563
4.0863
4.2314
4.5245
4.7367
4.7116
4.5837
4.2533
4.1022
3.8833
4.1594
4.6320
4.5020
4.7776
4.0323
3.9486
3.8070
3.5729
3.4144
2.9803
2.6472
2.2965
2.4074
2.3463
1.8893
0.7725
-0.3774
-0.6470
-0.1119
-0.2891
-0.1903
0.3562
0.3467
0.6460
1.2477
1.6879
2.0653
2.3734
2.3817
2.4725
2.7654
2.8264
2.7525
3.1360
3.3564
3.5959
3.9442
3.9075
3.8955
3.9605
4.1197
4.4782
4.7920
5.0173
5.1965
5.5145
5.7650
6.0485
6.2873
6.5527
6.8274
7.1240
7.2659
7.2889
7.2853
7.2936
7.3441
7.2772
7.0021
6.4118
6.1693
5.9515
5.0871
4.4106
4.1688
4.1450
4.6069
4.6300
4.4354
4.4402
4.7419
4.8001
4.8094
4.7523
4.6758
4.6508
4.7132
4.8513
4.9159
4.8042
4.6788
4.5451
4.4746
4.3688
4.2315
4.2414
4.2859
4.2695
4.1877
3.9551
3.7601
3.4215
3.6043
3.3743
3.4821
3.1262
3.3011
3.1592
3.1113
3.3406
3.2285
2.9139
3.2722
3.0246
2.8644
2.7611
2.4462
1.6540
0.6547
0.5208
-0.2696
-1.0533
-1.1908
-1.1988
-1.4695
-1.0365
-0.5218
0.3359
0.6411
1.2564
1.7319
2.3803
2.5285
2.5759
2.5656
2.5360
2.0823
1.6383
1.7980
2.1508
