5.8531
5.8493
6.0532
6.2138
6.3079
6.4775
6.6793
6.9685
7.1663
7.3035
7.2812
7.3547
7.4476
7.4803
7.5691
7.6154
7.5712
7.2954
7.0425
6.6268
6.1566
5.9838
6.2463
6.4398
6.6487
6.7166
6.7054
6.5656
6.4608
6.4267
6.3833
6.4017
6.4080
6.3983
6.3722
6.3317
6.2661
6.1840
6.0670
5.9247
5.8247
5.7128
5.6021
5.5375
5.5207
5.5587
5.5990
5.6257
5.6938
5.7743
5.8423
5.9133
6.0126
6.0841
6.1466
6.2379
6.4390
6.6700
6.8855
6.9792
7.1270
7.1142
7.0819
7.0151
7.0384
7.1676
7.1667
7.2186
7.3399
7.4922
7.6274
7.8361
7.8851
8.0079
8.2281
8.3808
8.4139
8.4104
8.4075
8.3584
8.3439
8.3190
8.3338
8.3920
8.4953
8.6524
8.8150
8.8260
8.9313
9.1132
9.2752
9.3966
9.4460
9.3385
9.2047
9.1708
9.1719
9.1169
9.0547
9.0581
9.0458
8.9888
9.0514
9.0176
9.0506
9.1142
9.1592
9.1831
9.1421
9.1585
9.2097
9.2244
9.0826
8.6999
8.4261
7.7367
7.1521
7.1339
7.0317
6.8634
6.6397
6.5987
6.5097
6.3229
6.0656
5.8764
5.6755
5.5316
5.3855
5.2174
5.0598
4.9666
4.8538
4.7224
4.6487
4.5673
4.5148
4.5372
4.5774
4.6007
4.6969
4.7208
4.8033
4.9326
5.1095
5.2637
5.4046
5.5042
5.5923
5.7058
5.8568
6.1021
6.3530
6.6719
7.1072
7.1304
7.3299
7.3236
7.5447
7.6030
7.7039
7.8893
7.9609
7.6015
7.7811
8.1546
8.0739
8.3363
8.5018
8.3445
8.9817
8.5670
8.8946
9.3346
9.7456
9.8956
9.6788
10.2373
9.5250
9.3570
8.9644
8.6006
8.4043
8.9998
8.7932
9.1621
9.8432
9.2568
8.7411
9.0718
8.6186
8.6005
8.7723
8.8619
9.0322
8.9491
9.0098
9.0015
8.8169
9.1485
9.2444
9.0211
9.0693
8.9325
8.8895
8.9975
9.0571
8.8664
8.3764
7.7441
7.5832
7.0423
6.4191
5.9776
5.6025
5.7170
5.6839
5.3234
5.0667
4.9153
4.9699
4.9927
4.8832
4.6155
4.2630
3.9993
3.6843
3.4093
3.2465
2.9891
2.6065
2.4209
2.4111
2.3399
2.2900
2.3095
2.3377
2.3800
2.3942
2.1515
1.7546
1.6036
1.6507
1.7493
1.9292
2.0492
2.3143
2.1032
1.1183
0.3281
0.6574
1.1593
1.4306
1.9529
2.0914
2.2268
2.5800
2.9017
3.4768
3.8451
4.4434
5.3672
6.5184
6.7446
7.5863
8.0726
8.3438
8.6839
8.5474
8.8344
8.7486
8.8882
9.2900
9.4285
9.0609
8.9450
8.6302
8.4845
8.2903
8.3488
8.2030
8.2690
8.4291
8.0714
8.0384
8.1391
8.1178
7.9203
7.7270
7.5665
7.4281
7.3816
7.3224
7.2067
7.0167
6.6948
6.4526
6.2056
5.7041
5.2641
4.9065
4.5668
4.2390
3.8729
3.3958
2.9763
2.7292
2.5041
2.2019
1.7655
1.4977
1.4282
1.3991
1.2854
1.2065
1.1876
1.1721
1.1946
1.3664
1.5116
1.6725
1.8368
1.9489
2.0560
2.2724
2.2717
2.2999
2.2988
2.3453
2.4132
2.5116
2.7153
2.8723
3.0573
3.2108
3.3208
3.4299
3.6097
3.9929
3.7842
3.6423
3.4080
3.7113
3.5780
3.6500
3.6405
3.7056
3.7430
3.7224
2.4212
1.8164
1.6110
2.0754
2.6175
3.8931
4.9775
5.6103
6.1493
7.2624
7.5635
7.2679
7.9414
8.3423
8.8337
8.9802
9.5353
9.8217
9.8861
9.3110
9.0497
9.0531
8.8804
8.5608
8.7750
9.0884
9.2514
9.1236
