-0.0000
-0.0026
-0.0024
-0.0020
-0.0029
-0.0019
-0.0016
-0.0009
-0.0005
-0.0010
-0.0013
-0.0012
-0.0008
-0.0014
-0.0011
-0.0013
-0.0014
0.0009
0.0024
0.0019
-0.0003
0.0002
0.0046
0.0049
0.0070
0.0063
0.0059
0.0056
0.0073
0.0084
0.0099
0.0081
0.0053
0.0053
0.0066
0.0079
0.0103
0.0138
0.0214
0.0281
0.0309
0.0315
0.0327
0.0325
0.0302
0.0286
0.0263
0.0260
0.0304
0.0326
0.0298
0.0252
0.0185
0.0122
0.0104
0.0150
0.0206
0.0246
0.0260
0.0269
0.0237
0.0193
0.0122
0.0073
0.0042
0.0028
-0.0010
-0.0010
-0.0015
0.0002
-0.0015
-0.0009
-0.0005
-0.0006
0.0012
0.0013
-0.0010
-0.0038
-0.0024
0.0025
-0.0019
-0.0041
0.0007
0.0041
0.0038
0.0034
0.0006
-0.0004
0.0040
0.0101
0.0109
0.0019
-0.0057
-0.0053
-0.0014
-0.0014
-0.0027
-0.0025
-0.0030
-0.0057
-0.0055
-0.0062
-0.0068
-0.0072
-0.0069
-0.0062
-0.0058
-0.0045
-0.0049
-0.0068
-0.0076
-0.0086
-0.0078
-0.0040
0.0011
-0.0010
0.0005
0.0012
0.0026
0.0027
0.0027
0.0044
0.0072
0.0066
0.0068
0.0094
0.0158
0.0197
0.0268
0.0334
0.0374
0.0409
0.0438
0.0475
0.0512
0.0561
0.0603
0.0623
0.0633
0.0662
0.0681
0.0702
0.0697
0.0672
0.0582
0.0447
0.0285
0.0153
0.0087
0.0101
0.0181
0.0230
0.0231
0.0112
0.0030
0.0096
0.0175
0.0147
0.0092
0.0047
0.0030
-0.0001
0.0017
-0.0011
-0.0026
0.0019
0.0017
0.0017
0.0005
0.0006
-0.0015
-0.0012
-0.0006
-0.0027
-0.0009
0.0014
0.0012
-0.0025
0.0007
0.0024
0.0017
0.0071
0.0015
0.0004
-0.0017
-0.0083
-0.0004
0.0017
-0.0033
-0.0028
-0.0055
-0.0059
-0.0043
-0.0027
-0.0014
0.0007
0.0001
-0.0037
-0.0067
-0.0064
-0.0051
-0.0044
-0.0054
-0.0025
-0.0050
-0.0067
-0.0033
-0.0015
-0.0039
-0.0051
-0.0048
-0.0042
-0.0035
-0.0004
-0.0010
0.0046
0.0062
0.0037
0.0007
-0.0010
0.0009
0.0066
0.0105
0.0112
0.0081
0.0078
0.0120
0.0190
0.0213
0.0232
0.0212
0.0151
0.0100
0.0056
0.0022
0.0009
0.0018
0.0056
0.0162
0.0341
0.0426
0.0308
0.0136
0.0061
0.0055
0.0119
0.0214
0.0349
0.0417
0.0292
-0.0367
-0.0339
-0.0240
-0.0341
-0.0241
-0.0214
-0.0097
-0.0048
-0.0025
0.0003
0.0165
0.0153
0.0327
0.0179
0.0027
-0.0062
-0.0097
-0.0063
-0.0061
-0.0026
0.0037
-0.0027
-0.0005
-0.0017
-0.0051
-0.0038
-0.0012
-0.0052
-0.0064
-0.0059
-0.0019
-0.0093
-0.0090
-0.0086
-0.0136
-0.0114
-0.0119
-0.0090
-0.0088
-0.0114
-0.0104
-0.0107
-0.0130
-0.0119
-0.0136
-0.0135
-0.0143
-0.0112
-0.0105
-0.0119
-0.0081
-0.0112
-0.0101
-0.0098
-0.0103
-0.0098
-0.0072
-0.0096
-0.0097
-0.0071
-0.0070
-0.0071
-0.0062
-0.0004
-0.0025
-0.0019
0.0022
0.0067
0.0042
0.0040
0.0043
0.0042
0.0056
0.0067
0.0049
0.0029
0.0061
0.0133
0.0212
0.0279
0.0334
0.0370
0.0377
0.0353
0.0304
0.0262
0.0202
0.0142
0.0011
0.0005
-0.0008
-0.0025
0.0012
-0.0034
0.0042
0.0089
0.0087
0.0161
0.0370
0.0397
0.0296
0.0156
0.0042
0.0235
0.0284
0.0013
-0.0027
0.0007
-0.0160
-0.0050
-0.0018
-0.0014
0.0066
0.0053
0.0096
0.0019
-0.0062
-0.0085
-0.0054
-0.0117
-0.0074
-0.0015
0.0003
0.0010
-0.0054
-0.0100
-0.0101
