1.9010
1.8880
1.9540
1.9580
2.0080
1.9910
1.9850
1.9740
1.9570
2.0560
2.0760
2.0740
2.0640
2.0360
2.0190
2.0230
2.0050
2.0340
2.0570
2.1480
2.2060
2.0500
2.0100
2.0520
2.0200
2.0100
1.9330
1.8450
1.7850
1.7480
1.7670
1.8070
1.9350
2.0460
2.1780
2.2890
2.4070
2.7310
3.2120
3.4950
3.6680
3.8290
3.9490
4.0910
4.2300
4.3730
4.6060
4.7930
5.0960
5.2570
5.4960
5.7460
5.9610
6.1540
6.3660
6.4230
6.4800
6.7260
6.8810
6.8900
6.7510
6.8040
6.6240
6.5440
6.5530
6.6160
6.4730
6.3130
6.1830
6.0490
5.8710
5.7560
5.8680
5.7400
5.6120
5.7310
5.7800
5.7590
5.6300
5.5400
5.5340
5.5420
5.5090
5.5400
5.5320
5.4650
5.4030
5.3660
5.2740
5.1090
5.0330
4.9010
4.8010
4.7250
4.6330
4.5050
4.4500
4.5360
4.5390
4.5150
4.5730
4.6400
4.5920
4.7420
5.0380
5.1240
4.8930
4.7760
4.7510
4.7120
4.7900
5.0150
5.1230
5.1070
5.1070
4.8250
4.6550
4.5970
4.5830
4.4550
4.3440
4.2470
4.1970
4.1760
4.2440
4.4200
4.6600
4.8200
4.8190
4.7600
4.7660
4.9490
5.1210
5.2630
5.3090
5.4410
5.7340
6.0840
6.3410
6.3120
6.7560
6.4030
6.3860
6.4270
6.5220
6.8040
6.8330
6.7600
6.6120
6.4980
6.4870
6.2650
6.2970
6.1900
6.1080
5.8770
5.7350
5.7410
5.7940
6.0120
6.1580
6.3780
6.3340
6.1560
5.9250
5.9020
5.9640
5.8350
5.7540
5.5540
5.1790
5.0300
4.8070
4.7590
4.7070
4.8660
4.7550
4.6810
4.8120
4.7970
4.8700
5.0080
5.1130
5.0300
4.7400
4.7330
4.6560
4.4860
4.6030
4.8760
4.9900
4.8610
4.9040
5.1220
5.2310
5.4440
5.6660
5.6680
5.5960
5.6180
5.8150
5.6320
5.6820
5.5390
5.2970
5.2310
5.1020
4.9160
4.6320
4.3750
4.1130
3.8690
3.6770
3.5120
3.2860
3.1070
2.8710
2.5620
2.4320
2.2980
2.1730
2.1060
2.0820
2.1200
2.0740
2.0990
2.2170
2.3780
2.4960
2.7230
2.8290
2.8980
3.1540
3.2310
3.8930
4.3830
4.3590
3.4820
3.6360
4.0910
4.1530
4.4280
4.4430
4.7600
5.0620
5.4880
5.5520
6.0250
5.4540
5.8060
4.8370
4.7350
4.6250
5.5600
5.6880
5.5800
5.4350
5.6300
3.8190
2.9290
2.2160
3.7190
4.6730
4.7080
4.9820
5.5520
5.7410
6.2090
6.4670
6.9060
6.7830
6.7440
6.8340
6.7090
6.2830
6.2430
6.9280
6.9440
6.9970
7.1910
7.3660
7.4690
7.6710
7.6660
7.5500
7.3410
7.2100
7.1360
7.0740
6.9920
6.9920
7.0230
7.0120
6.8390
6.6790
6.5670
6.5680
6.5340
6.4790
6.3650
6.2700
6.2310
6.1840
6.1400
6.0370
5.8490
5.7950
5.9820
5.5210
5.0760
4.7800
4.6180
4.9040
5.2290
5.2600
5.2780
5.5210
5.8660
6.0650
6.2050
6.3140
6.4500
6.5880
6.6080
6.6420
6.6180
6.5480
6.4910
6.4830
6.5080
6.5660
6.5600
6.5470
6.5900
6.6130
6.6260
6.6390
6.6480
6.6720
6.6670
6.6810
6.6910
6.6910
6.6670
6.5000
6.2040
5.7330
5.4280
5.2710
5.1130
5.2030
5.5640
5.1130
5.0890
5.4780
5.8410
6.1580
6.3530
6.2720
6.5680
6.9230
7.1440
6.9410
7.0230
7.0610
7.1090
7.4190
7.4960
7.5690
7.5540
7.5580
7.4570
7.3190
7.3580
7.4520
7.1000
6.7680
