685.3800
688.6500
690.1400
714.1700
714.5700
698.5700
709.6900
712.1300
719.8900
727.8500
728.8500
739.0000
735.3700
743.7800
735.5600
751.2200
768.9500
764.7000
772.7300
773.0600
772.8500
781.8300
788.7100
796.6500
802.2400
798.2200
802.3200
813.0200
823.5900
828.9000
823.5300
820.4500
818.0200
820.3400
824.3800
822.2700
820.2200
818.5500
817.4300
798.1800
783.1900
768.9000
759.5700
746.4500
734.6100
720.4300
703.9900
686.8700
676.4400
668.0700
660.9800
652.3400
648.3100
645.1500
647.6300
645.8200
649.4100
659.7100
656.9300
662.1200
662.0900
653.6400
650.4100
628.3800
632.4600
636.6700
637.4700
648.7500
650.1100
644.6500
636.6300
642.3700
644.0400
651.8900
675.4500
667.3200
684.3500
683.2600
695.5200
702.6000
707.7500
714.8900
731.2000
731.7000
741.1100
759.8500
766.0900
737.4300
722.7600
719.5500
723.5000
730.3800
734.5200
725.9000
706.7400
694.0400
703.2200
704.9900
701.0100
703.1000
691.5500
686.6800
678.7700
680.8300
675.4300
673.5900
669.6600
660.6800
656.7600
655.3300
650.2800
672.2200
690.6500
696.9800
697.8100
689.7000
694.3800
702.2300
721.1900
733.6100
733.7300
734.7700
734.8900
729.2600
735.9800
741.2200
744.1800
746.2700
741.6100
734.9500
725.5200
726.8500
721.1500
713.8500
706.2300
673.4500
641.6600
627.0200
632.3000
646.6600
611.5900
600.3800
597.7400
579.2900
589.7900
570.7000
562.8200
529.1400
528.8800
525.1800
519.9000
534.4400
527.7500
533.5800
514.0200
518.2900
496.0300
485.4700
486.0700
498.5500
519.0300
530.0900
522.6800
529.8000
534.1100
526.0500
557.4300
591.6700
596.3200
614.1300
632.8100
634.7200
627.5600
604.2600
616.5500
610.8200
619.0600
614.0400
602.4700
616.5300
626.2500
624.1700
625.4800
592.1100
586.3100
559.1000
560.6600
574.2300
562.2600
541.3600
509.0400
510.1300
515.0800
495.3100
496.8100
502.1000
490.1200
482.7300
484.5000
479.0200
467.7700
465.8000
461.5600
460.0600
459.0400
453.7100
447.2300
478.6300
502.8200
508.8600
511.9500
496.4800
496.6400
507.4400
528.0100
530.8400
528.9100
528.4200
526.3500
526.0700
528.4800
530.9700
532.5900
525.4300
524.5400
522.7100
519.3900
511.9600
505.4000
490.3900
474.5400
439.9000
421.6400
405.4600
393.4700
403.8300
392.0700
375.3800
367.3700
347.8100
327.5700
309.7300
300.2600
286.4500
257.3200
245.0800
259.0800
227.3500
220.7500
204.4700
209.6900
238.4000
195.2600
204.1700
156.6200
224.2000
322.2800
327.0800
290.5400
261.9900
261.0200
294.0200
299.1800
313.6800
298.9400
310.3100
303.0000
278.3500
298.6600
287.4700
328.5200
348.9100
355.2400
374.0600
413.0900
435.2000
412.1100
416.2700
426.3900
382.1700
341.4300
339.0500
332.6000
346.4800
351.9600
348.6000
328.6400
320.3600
321.8200
327.3400
337.5700
357.3700
354.1000
354.6000
353.2400
356.8600
358.7300
359.4600
368.6000
371.1400
373.3000
375.1300
381.8100
414.3900
434.5600
436.5500
438.2300
430.3100
432.9100
445.5400
463.7200
468.0700
466.3600
467.6600
469.7000
462.7300
466.7200
466.7300
470.7300
470.4200
468.8300
469.3200
465.1600
466.9200
466.8100
467.0000
459.1500
432.7200
407.0400
392.8800
379.4000
376.2400
365.9400
346.5600
326.9400
316.3800
311.0500
301.3800
293.0900
294.7800
288.0400
280.9600
273.6800
260.6000
258.9600
253.7700
242.3100
227.0300
210.4600
215.8400
219.3500
227.8600
245.7500
249.5400
246.1000
236.9900
230.3900
241.1800
242.4700
254.2100
266.9100
288.6300
325.1800
330.0000
341.8400
335.6000
326.0100
325.8500
329.2700
329.5500
343.8200
364.1800
389.7800
394.4900
390.4500
370.9800
362.9900
