2.2166
2.1957
2.2997
2.3064
2.3864
2.3586
2.3500
2.3316
2.3044
2.4624
2.4946
2.4908
2.4754
2.4299
2.4035
2.4099
2.3806
2.4267
2.4631
2.6077
2.6995
2.4532
2.3890
2.4556
2.4053
2.3893
2.2677
2.1280
2.0322
1.9740
2.0030
2.0679
2.2703
2.4462
2.6557
2.8315
3.0197
3.5341
4.2970
4.7456
5.0201
5.2764
5.4660
5.6916
5.9124
6.1389
6.5092
6.8049
7.2856
7.5422
7.9205
8.3180
8.6581
8.9651
9.3012
9.3919
9.4818
9.8719
10.1193
10.1332
9.9130
9.9956
9.7111
9.5832
9.5977
9.6976
9.4704
9.2179
9.0102
8.7991
8.5155
8.3333
8.5109
8.3078
8.1045
8.2943
8.3720
8.3375
8.1338
7.9909
7.9818
7.9943
7.9412
7.9907
7.9778
7.8712
7.7739
7.7153
7.5687
7.3072
7.1866
6.9761
6.8187
6.6971
6.5516
6.3487
6.2615
6.3979
6.4020
6.3644
6.4560
6.5630
6.4870
6.7249
7.1939
7.3312
6.9646
6.7787
6.7384
6.6768
6.8012
7.1570
7.3297
7.3036
7.3029
6.8556
6.5858
6.4948
6.4726
6.2687
6.0929
5.9388
5.8598
5.8264
5.9335
6.2131
6.5946
6.8477
6.8459
6.7531
6.7630
7.0525
7.3253
7.5516
7.6239
7.8343
8.2991
8.8544
9.2624
9.2164
9.9201
9.3607
9.3325
9.3978
9.5482
9.9964
10.0422
9.9259
9.6922
9.5113
9.4926
9.1403
9.1915
9.0227
8.8921
8.5246
8.2993
8.3094
8.3931
8.7398
8.9713
9.3196
9.2511
8.9679
8.6017
8.5644
8.6627
8.4585
8.3296
8.0121
7.4182
7.1821
6.8283
6.7512
6.6689
6.9213
6.7443
6.6268
6.8352
6.8111
6.9278
7.1459
7.3125
7.1821
6.7213
6.7106
6.5886
6.3182
6.5033
6.9377
7.1176
6.9138
6.9809
7.3274
7.5007
7.8388
8.1898
8.1941
8.0799
8.1143
8.4274
8.1360
8.2165
7.9894
7.6050
7.5011
7.2957
7.0008
6.5495
6.1419
5.7258
5.3387
5.0350
4.7723
4.4137
4.1304
3.7557
3.2651
3.0591
2.8458
2.6486
2.5416
2.5029
2.5633
2.4913
2.5311
2.7174
2.9733
3.1600
3.5212
3.6886
3.7978
4.2049
4.3263
5.3776
6.1547
6.1170
4.7244
4.9694
5.6918
5.7899
6.2258
6.2500
6.7531
7.2317
7.9085
8.0097
8.7607
7.8541
8.4123
6.8748
6.7135
6.5391
8.0229
8.2255
8.0535
7.8239
8.1327
5.2600
3.8474
2.7157
5.1017
6.6141
6.6707
7.1054
8.0089
8.3099
9.0525
9.4610
10.1583
9.9631
9.9004
10.0440
9.8451
9.1690
9.1063
10.1934
10.2187
10.3030
10.6112
10.8885
11.0512
11.3722
11.3634
11.1808
10.8478
10.6412
10.5229
10.4246
10.2949
10.2952
10.3444
10.3261
10.0514
9.7980
9.6209
9.6216
9.5672
9.4801
9.2994
9.1488
9.0865
9.0126
8.9428
8.7793
8.4804
8.3947
8.6922
7.9606
7.2537
6.7845
6.5280
6.9811
7.4968
7.5467
7.5748
7.9609
8.5078
8.8235
9.0462
9.2184
9.4351
9.6541
9.6853
9.7387
9.7007
9.5908
9.4991
9.4864
9.5270
9.6192
9.6091
9.5892
9.6575
9.6930
9.7146
9.7352
9.7487
9.7873
9.7796
9.8013
9.8173
9.8170
9.7793
9.5133
9.0438
8.2970
7.8133
7.5638
7.3133
7.4559
8.0286
7.3125
7.2746
7.8917
8.4688
8.9708
9.2808
9.1515
9.6220
10.1844
10.5363
10.2137
10.3439
10.4038
10.4800
10.9716
11.0944
11.2099
11.1870
11.1925
11.0322
10.8141
10.8761
11.0245
10.4660
9.9387
