-3.1949
-3.2280
-3.2544
-3.2594
-3.2631
-3.2636
-3.2652
-3.2691
-3.2754
-3.2871
-3.2917
-3.2909
-3.2853
-3.2805
-3.2795
-3.2770
-3.2820
-3.2828
-3.2935
-3.3067
-3.3657
-3.5060
-3.3243
-3.0322
-2.7265
-2.4443
-2.1626
-1.8961
-1.6685
-1.4500
-1.2675
-1.1637
-1.0937
-1.0179
-0.9182
-0.7914
-0.6775
-0.7256
-1.0550
-1.3574
-1.4381
-1.4027
-1.2820
-1.1608
-1.1137
-1.1212
-1.1750
-1.2319
-1.2989
-1.3522
-1.4378
-1.4741
-1.5000
-1.5153
-1.5345
-1.5312
-1.4822
-1.3316
-1.1557
-1.0221
-0.9023
-0.8232
-0.8744
-0.9669
-1.0558
-1.0647
-1.0756
-1.1312
-1.2586
-1.3927
-1.5050
-1.6158
-1.7132
-1.8011
-1.8788
-1.9491
-2.0296
-2.0526
-2.0498
-2.0772
-2.0717
-2.0346
-2.0068
-1.9809
-1.9590
-1.9426
-1.9201
-1.8796
-1.8001
-1.7441
-1.6917
-1.6674
-1.6510
-1.6313
-1.6232
-1.6359
-1.6439
-1.6368
-1.6205
-1.5910
-1.5655
-1.5579
-1.5870
-1.6751
-1.7396
-1.6280
-1.5688
-1.6016
-1.5628
-1.5338
-1.5357
-1.5571
-1.5949
-1.6405
-1.6855
-1.6966
-1.6818
-1.6185
-1.5386
-1.4665
-1.3949
-1.2987
-1.2074
-1.0975
-0.9712
-0.8427
-0.7452
-0.6679
-0.5857
-0.5224
-0.5166
-0.5749
-0.6003
-0.5701
-0.5337
-0.5247
-0.5479
-0.6869
-0.8754
-0.9846
-0.9998
-1.0567
-1.0652
-1.0762
-1.1428
-1.2431
-1.3257
-1.3665
-1.4094
-1.4614
-1.5130
-1.5309
-1.5145
-1.4856
-1.4522
-1.4343
-1.3779
-1.3032
-1.1371
-0.9761
-0.9036
-0.7635
-0.7540
-0.7914
-0.8167
-0.9474
-1.1052
-1.2630
-1.3595
-1.4146
-1.4556
-1.5011
-1.5260
-1.5332
-1.5556
-1.5608
-1.5531
-1.5282
-1.5099
-1.5176
-1.5149
-1.5204
-1.5381
-1.5659
-1.5332
-1.4219
-1.3467
-1.3047
-1.2973
-1.3551
-1.4581
-1.5650
-1.6359
-1.6002
-1.5738
-1.5670
-1.5675
-1.5738
-1.5729
-1.5487
-1.5069
-1.4554
-1.4393
-1.4039
-1.4107
-1.4048
-1.3887
-1.3781
-1.3655
-1.3538
-1.3389
-1.3129
-1.2875
-1.2748
-1.1912
-1.0708
-0.9347
-0.7809
-0.6215
-0.4631
-0.3063
-0.1547
-0.0230
0.1036
0.2213
0.3352
0.4174
0.4675
0.4819
0.4661
0.4797
0.5151
0.3760
0.3613
0.0386
-0.4274
-0.1908
0.3610
0.3556
0.2463
0.4266
0.5045
0.6644
0.5171
0.5553
0.6983
0.8078
0.9362
0.9221
0.9545
1.1459
0.9549
1.4548
1.6003
1.4044
1.6427
1.0834
-0.5622
-0.2011
0.4381
1.1854
0.2343
0.1668
0.5156
1.2699
1.3066
0.8741
0.8676
0.8075
0.8921
0.7910
0.6786
0.5934
0.5196
0.5286
0.5567
0.6638
0.6036
0.5266
0.5701
0.6641
0.7222
0.8734
1.0215
1.1254
1.1093
1.0391
0.9508
0.8341
0.7131
0.6256
0.5656
0.5102
0.4425
0.3869
0.3422
0.3042
0.2155
0.1381
0.0842
0.0442
-0.0241
-0.0585
-0.1135
-0.2280
-0.2589
0.0672
0.0725
0.0628
0.2852
0.6025
0.9653
1.4049
1.8033
2.1348
2.4547
2.8409
3.1996
3.4460
3.6653
3.8457
4.0244
4.1674
4.2776
4.3779
4.4809
4.6184
4.7838
4.9610
5.1231
5.2479
5.3390
5.4182
5.4980
5.5813
5.6573
5.7257
5.7910
5.8521
5.9126
5.9731
6.0293
6.0773
6.1073
6.1149
6.0984
6.0478
6.0139
5.9737
5.9503
5.9554
6.0650
5.7664
5.5619
5.4572
5.3106
5.2462
5.1127
4.4236
3.7921
3.5897
3.2033
2.8963
2.6480
2.4501
2.2720
2.1932
2.1262
2.0713
1.9919
1.9334
1.7868
1.5834
1.5155
1.5311
1.4485
1.3795
