1.2037
1.1148
1.0772
0.9769
0.9197
0.8101
0.7362
0.5281
0.3986
0.2495
0.1166
0.0225
0.0658
0.0664
0.0968
0.0856
0.1493
0.0843
0.1225
0.1216
0.1317
0.1203
0.1617
0.1221
0.1357
-0.0158
-0.0916
-0.1987
-0.3874
-0.5818
-0.9342
-1.3190
-1.7482
-2.0766
-2.3807
-2.6383
-2.8735
-3.4367
-4.2535
-4.7363
-5.0155
-5.2697
-5.4547
-5.6776
-5.8980
-6.1314
-6.5034
-6.8021
-7.2847
-7.5414
-7.9180
-8.3176
-8.6535
-8.9539
-9.2461
-9.2932
-9.3220
-9.5072
-9.5695
-9.4047
-9.1183
-9.1364
-8.8737
-8.7773
-8.6622
-8.5201
-8.0575
-7.5606
-7.2436
-6.9876
-6.6889
-6.4745
-6.5855
-6.3369
-5.9591
-6.1033
-5.9242
-5.9312
-5.7436
-5.5645
-5.5539
-5.7088
-5.6768
-5.7352
-5.7066
-5.6056
-5.5711
-5.6080
-5.5212
-5.3921
-5.3043
-5.2484
-5.2151
-5.2189
-5.2897
-5.3662
-5.3847
-5.5023
-5.5987
-5.6562
-5.7939
-5.9263
-6.0053
-6.2155
-6.3787
-6.1307
-5.9533
-6.0298
-6.0964
-6.1032
-6.2614
-6.5107
-6.6143
-6.5901
-6.5869
-6.1347
-5.8806
-5.7666
-5.6986
-5.5877
-5.5200
-5.4491
-5.4322
-5.4602
-5.6244
-5.9486
-6.3578
-6.6160
-6.6432
-6.5987
-6.6630
-6.9826
-7.2789
-7.5164
-7.6035
-7.8329
-8.2920
-8.8471
-9.2621
-9.2134
-9.8952
-9.3538
-9.3300
-9.3844
-9.5329
-9.9771
-10.0315
-9.9004
-9.6843
-9.5063
-9.4878
-9.1399
-9.1909
-9.0081
-8.8674
-8.4666
-8.2738
-8.2428
-8.2279
-8.4626
-8.5110
-8.6531
-8.4236
-7.9654
-7.5999
-7.6997
-7.7570
-7.3060
-7.1392
-6.7590
-6.2922
-6.0442
-5.9512
-6.2224
-6.1445
-6.3264
-6.1446
-6.2366
-6.5768
-6.5190
-6.6897
-6.9533
-7.1254
-6.9831
-6.4567
-6.4826
-6.4159
-6.1902
-6.4232
-6.8900
-7.1019
-6.9105
-6.9802
-7.3274
-7.5006
-7.8380
-8.1894
-8.1896
-8.0685
-8.1053
-8.4075
-8.1172
-8.1908
-7.9158
-7.5202
-7.3881
-7.1478
-6.7674
-6.2129
-5.7225
-5.2602
-4.8705
-4.5497
-4.2344
-3.8240
-3.5604
-3.2308
-2.8429
-2.7787
-2.6592
-2.5699
-2.5245
-2.4998
-2.5633
-2.4908
-2.5266
-2.6989
-2.9137
-3.0875
-3.4170
-3.5166
-3.5670
-4.0672
-4.1681
-5.2977
-6.1532
-6.0808
-4.7164
-4.9691
-5.6858
-5.7871
-6.2156
-6.2224
-6.7427
-7.2316
-7.9067
-7.9841
-8.6912
-7.5737
-7.7339
-5.5341
-5.7602
-4.5187
-2.8871
-3.3261
-0.2738
6.6898
7.8588
4.9540
3.7955
-0.7533
-2.8074
-4.3734
-4.9833
-4.6469
-5.4247
-5.1977
-4.5253
-4.2263
-4.2980
-3.7468
-3.2526
-3.0668
-2.6015
-1.8837
-1.4922
-1.6167
-1.4090
-1.1774
-0.8621
-0.6091
-0.1061
0.1681
0.4657
0.7318
0.9356
1.1308
1.2747
1.2905
1.4700
1.8595
2.2198
2.5633
2.8676
2.9343
2.8685
2.7536
2.7261
2.7641
2.8865
2.9233
2.9395
2.8351
2.7286
2.7012
2.6724
2.9598
3.2933
3.0933
2.7353
2.5707
2.5249
2.9358
3.3612
3.4581
3.4621
3.7870
4.4308
4.9033
5.2856
5.5425
5.8718
6.1628
6.3025
6.4747
6.4627
6.4043
6.4527
6.5317
6.5543
6.5850
6.5243
6.3925
6.3395
6.2696
6.2350
6.2596
6.2358
6.2363
6.1156
5.9894
5.7559
5.5113
5.2846
5.0833
4.7159
4.0911
3.4192
2.7763
2.6456
2.7852
3.1480
2.2391
1.1040
0.9795
1.3636
1.3404
1.2637
-0.2824
-1.2516
-0.6717
-0.5744
-0.2060
0.2410
0.6598
0.8883
1.1093
1.5408
2.0632
2.6400
3.2574
4.0964
4.9255
5.4466
5.6792
5.9581
6.0673
