1.8613
1.8916
2.0318
2.0893
2.2021
2.2151
2.2317
2.2710
2.2697
2.4497
2.4919
2.4907
2.4745
2.4289
2.4015
2.4084
2.3759
2.4253
2.4601
2.6049
2.6963
2.4502
2.3835
2.4526
2.4015
2.3892
2.2658
2.1187
1.9949
1.8863
1.7719
1.5926
1.4485
1.2929
1.1769
1.0279
0.9281
0.8243
0.6101
0.2974
0.2155
0.2649
0.3518
0.4001
0.4133
0.3048
0.2765
0.1941
0.1154
0.1103
0.1967
0.0784
0.2801
0.4486
1.0110
1.3580
1.7332
2.6585
3.2899
3.7727
3.8891
4.0544
3.9451
3.8467
4.1329
4.6315
4.9763
5.2733
5.3585
5.3477
5.2699
5.2465
5.3913
5.3724
5.4930
5.6165
5.9156
5.8596
5.7592
5.7350
5.7326
5.5963
5.5531
5.5642
5.5749
5.5256
5.4218
5.2986
5.1770
4.9315
4.8489
4.5956
4.3929
4.1969
3.8656
3.3926
3.1956
3.2645
3.1050
2.9177
2.8479
2.8198
2.4531
2.5674
3.3263
4.0201
3.6145
3.0970
2.8706
2.7076
2.6555
2.9722
3.1584
3.1487
3.1535
3.0601
2.9650
2.9881
3.0693
2.8413
2.5793
2.3615
2.1972
2.0329
1.8902
1.7935
1.7516
1.7663
1.6533
1.4355
1.1589
0.9908
0.8228
0.7279
0.5573
0.1472
-0.3429
-0.3596
0.0668
0.2376
-0.7017
-0.3600
-0.2152
-0.5023
-0.5409
-0.6209
-0.4640
-0.7118
-0.3912
-0.3058
-0.3000
-0.0789
0.1063
0.5129
0.6627
0.9929
0.6509
1.0504
1.6573
2.1839
2.8367
3.4611
3.8245
4.1201
4.0289
3.7502
3.8564
4.2624
4.2910
4.3022
3.9292
3.8793
3.3480
2.6193
2.5922
2.8072
2.7802
2.2405
1.8615
1.9734
1.8006
1.6476
1.6439
1.6791
1.8672
1.7344
1.4985
1.2655
1.0176
0.8116
0.4714
0.2135
0.0994
-0.0224
0.0426
0.1112
0.0775
0.2716
0.4282
0.3804
0.5783
0.5533
0.6493
1.0818
1.1327
1.2970
1.4620
1.7928
2.0728
2.2307
2.2616
2.1862
2.1567
2.2009
2.2041
2.0936
1.9151
1.6060
1.2796
1.0136
0.6409
0.2944
0.1234
0.0059
-0.0536
-0.1504
-0.3161
-0.5923
-0.6730
-0.8502
-1.1131
-1.3037
-1.0672
-1.1592
-0.9234
0.1360
0.6651
-0.2741
-0.0578
0.2609
-0.1798
-0.3558
-0.5871
-0.3752
0.0281
0.1705
0.6407
1.1014
2.0797
3.3096
4.0787
3.4483
4.7267
7.4854
7.5230
8.0488
4.0572
2.0928
1.7680
0.6302
2.6091
4.2598
4.9618
4.4345
5.3752
5.8919
6.4837
7.8403
8.4646
9.2043
9.2317
9.3508
9.5643
9.4951
8.9734
8.9832
10.0644
10.1211
10.2355
10.5761
10.8714
11.0507
11.3709
11.3538
11.1568
10.8073
10.5809
10.4454
10.3444
10.1894
10.1259
10.1034
10.0029
9.6337
9.3483
9.1833
9.2191
9.1706
9.0682
8.8401
8.6692
8.5979
8.5551
8.5164
8.3535
8.0483
7.8556
8.0442
7.3350
6.7182
6.2786
6.0199
6.3338
6.7010
6.7078
6.7373
7.0024
7.2630
7.3357
7.3413
7.3661
7.3854
7.4311
7.3542
7.2747
7.2344
7.1391
6.9710
6.8795
6.9141
7.0119
7.0547
7.1477
7.2856
7.3923
7.4497
7.4560
7.4935
7.5431
7.6316
7.7585
7.9529
8.1240
8.2284
8.0413
7.7169
7.2182
7.0255
7.0359
6.8180
6.9161
7.3857
6.9612
7.1903
7.8306
8.3583
8.8701
9.1944
9.1471
9.5403
10.1622
10.5206
10.2116
10.3411
10.3828
10.4423
10.9154
10.9869
11.0184
10.8710
10.7080
10.2435
9.6273
9.4141
9.4491
8.6045
7.8718
