3.5690
3.3500
3.2320
3.0150
2.9380
2.9180
2.9320
3.0180
3.1500
3.4450
3.7900
4.3510
5.0970
5.6690
5.8970
5.9680
5.8850
5.2800
4.4770
3.1590
2.1970
2.1740
2.5000
2.7120
2.6140
2.6200
2.7940
2.8370
2.8430
2.6830
2.5110
2.4070
2.2380
1.9710
1.6590
1.6550
1.8870
2.1070
2.3570
2.6990
3.0670
3.7290
3.8500
3.9370
3.9930
4.0110
3.8300
3.7100
4.1070
4.6540
5.3410
5.7420
6.0700
6.1590
6.3420
6.4580
6.6570
6.7430
6.5440
6.0790
5.9090
5.9640
6.1790
6.4760
6.8300
6.9580
6.7930
6.8990
6.9510
6.8870
6.7940
6.8210
7.1070
7.5010
7.7400
7.9320
8.1240
8.3480
8.4680
8.4790
8.5130
8.5530
8.4520
8.3960
8.3880
8.4380
8.3930
8.2660
8.0990
7.9900
7.9590
7.7950
7.6480
7.4530
7.2920
7.2640
7.2780
7.3110
7.3580
7.4210
7.4420
7.4570
7.4080
7.3040
7.2140
7.1400
7.0260
6.9270
6.8560
6.8060
6.7650
6.6900
6.6320
6.6320
6.3580
5.8780
5.5520
5.4920
5.3100
5.1660
5.0190
5.0360
5.3840
5.6430
5.7840
5.8260
5.8590
5.8710
5.8580
5.8710
5.8460
5.8090
5.7890
5.7970
5.8040
5.7990
5.7890
5.7670
5.7490
5.7530
5.7030
5.6790
5.6370
5.6480
5.6790
5.5420
5.1720
4.8660
5.1690
5.3380
5.1130
4.7710
4.7440
5.2720
4.9750
5.8320
5.2820
5.2830
5.2800
5.3040
5.6760
6.1680
6.4000
6.5010
6.4970
6.6220
6.7860
6.7240
6.7990
6.9480
6.9650
6.8900
6.9230
6.9120
6.8000
6.7480
6.7400
6.7870
6.9000
6.9460
6.9790
7.0330
7.1490
7.2670
7.3690
7.4010
7.4920
7.5020
7.4200
7.3610
7.3000
7.1880
7.1660
7.1550
7.2140
7.1520
7.1520
7.1600
7.1470
7.2320
7.2680
7.3240
7.3870
7.4790
7.5710
7.4800
7.3510
7.2030
6.9590
6.8490
6.5540
6.1930
5.8470
5.8100
5.7730
5.6860
5.6000
5.4020
5.1700
4.9340
4.6890
4.4220
4.2080
3.9540
3.7300
3.5240
3.3450
3.1510
2.9580
2.7750
2.5700
2.3450
2.1220
1.9000
1.6660
1.5100
1.9910
2.7280
3.4800
4.1320
4.7280
5.2880
5.4550
5.4910
5.8050
6.7750
7.2450
7.4110
6.3890
6.2140
6.4130
6.3830
6.5780
6.3090
6.2840
6.9350
6.2860
6.1870
5.9080
6.0540
6.0220
5.1630
5.3450
6.9790
7.3110
7.1300
7.2830
7.0680
7.4420
7.3020
7.5220
7.6360
7.4780
7.5960
7.5320
7.2350
7.4720
7.3220
6.8430
6.5400
6.1110
5.7780
5.6850
5.7080
5.6260
5.6930
5.8160
5.8760
5.7230
5.7160
5.8870
5.9430
5.9070
5.9340
5.8930
5.7330
5.6580
5.6920
5.7050
5.6240
5.6210
5.6530
5.7820
5.8750
5.8670
5.6640
5.4790
5.1290
4.6580
4.3710
4.3890
4.5480
4.6550
4.7100
4.7000
4.6250
4.6150
4.5810
4.5110
4.4200
4.2830
4.1600
4.0580
3.9310
3.8410
3.8300
3.8610
3.9910
4.1740
4.4060
4.7780
5.1320
5.5190
5.9180
6.2970
6.5550
6.7630
6.8110
6.9640
6.9980
7.0130
6.9130
6.9510
6.7880
6.7680
6.5260
6.4060
6.3230
6.6020
6.2910
6.2440
5.9660
5.9810
5.8250
5.8110
5.8080
5.7340
5.6160
5.7980
5.7230
5.3370
5.4200
5.2070
4.8300
4.5630
4.2900
4.4320
4.3540
4.3650
4.4140
4.7100
4.7490
4.7510
4.8250
4.7870
4.8110
4.8850
