518.1600
539.7800
523.2700
521.1900
532.4700
536.2500
529.0300
535.7700
539.5200
542.1900
520.7300
529.7600
513.8400
505.3100
505.5400
501.9700
505.2600
515.2100
525.9300
552.7800
557.1300
562.3700
568.7200
574.7600
579.1200
582.6700
577.3100
585.6900
587.7300
588.1100
580.0400
574.5000
567.4900
567.5000
566.2500
571.0300
565.0600
565.7900
563.1800
537.0500
520.6400
508.2000
493.6100
482.1500
457.6600
430.8300
391.7200
370.4400
342.4900
347.2500
339.7500
322.3900
308.6800
306.4300
280.9000
283.3300
281.4300
272.5600
267.9900
303.5400
307.8700
306.6700
310.1800
312.8500
314.3400
321.8500
342.8400
352.1400
361.8700
374.5300
390.7400
393.0100
393.4700
384.8700
392.0300
407.4200
426.1600
432.0900
435.2800
440.7800
445.7900
462.5900
493.8500
509.1300
523.8300
535.7300
546.7000
523.1300
510.3600
514.7700
523.5100
547.1500
549.3200
551.6200
543.4700
537.9700
542.2200
543.5200
553.1900
568.4800
576.6500
580.5900
589.1600
600.1200
607.1300
619.0700
626.8300
636.1000
642.2300
657.0600
662.4400
695.5200
727.0100
743.8300
755.5200
759.9000
769.4500
786.3000
800.9000
809.9600
808.3500
807.9700
809.3900
818.3000
833.7500
838.3600
837.4100
836.0900
837.0400
842.7900
849.3900
853.4700
852.9600
851.9800
852.8300
834.5600
818.4400
810.0000
806.8600
807.1100
803.1000
793.3300
776.1900
755.8600
742.1500
736.0400
734.3000
724.4000
704.0600
705.6900
710.3500
709.8500
702.3600
703.9900
697.8100
697.7800
711.6300
722.3300
727.2300
744.1500
765.4700
775.3600
774.1100
788.5300
792.2700
798.8100
810.8900
830.4700
832.5300
846.0900
861.3500
860.4900
873.3100
883.3300
898.3000
907.8900
913.4700
925.5800
934.7200
948.9200
957.3400
972.0800
979.9100
950.8900
924.0800
919.7900
915.2700
924.2400
927.2600
931.2700
916.2700
916.5100
926.0300
929.9300
927.3400
941.3200
938.6700
932.9900
926.7700
922.3700
917.2200
916.6700
910.7400
907.4400
899.9900
905.5300
913.4100
955.9900
1003.8000
1023.1000
1036.5000
1036.5000
1052.3000
1071.3000
1102.9000
1126.3000
1130.2000
1144.2000
1149.6000
1155.3000
1166.0000
1172.7000
1173.6000
1173.9000
1177.6000
1181.1000
1181.1000
1189.0000
1189.1000
1194.0000
1187.0000
1148.9000
1118.1000
1104.8000
1091.8000
1090.5000
1073.1000
1050.8000
1022.8000
1013.2000
1004.7000
999.7800
992.4100
981.0900
958.7600
924.2700
902.4000
916.5000
926.8400
899.9700
925.9200
916.2000
909.5000
928.0900
932.3400
893.5600
945.4100
964.9300
993.2900
980.4400
1003.9000
1083.0000
1099.5000
1039.3000
1044.8000
1054.0000
1050.7000
1063.1000
1063.6000
1084.3000
1075.4000
1068.2000
1076.3000
1067.3000
1070.1000
1094.0000
1074.4000
1080.3000
1097.8000
1067.7000
1044.7000
1035.7000
1026.9000
1022.9000
1012.9000
995.1500
961.8500
941.6200
944.4200
936.2800
927.1200
935.1700
932.6600
927.9900
923.5300
924.3300
926.9700
924.6200
927.6500
927.5700
928.7600
928.2500
925.8900
963.0200
993.5500
1005.4000
1014.4000
1010.9000
1019.5000
1031.9000
1061.6000
1074.2000
1070.8000
1073.1000
1071.8000
1063.3000
1060.1000
1056.9000
1051.7000
1045.3000
1040.0000
1035.5000
1024.3000
1024.0000
1020.7000
1014.8000
1010.7000
983.3400
954.1700
940.5500
927.1700
920.7000
899.9300
875.3300
848.3300
828.2400
807.5900
802.8900
780.4200
786.8800
777.7600
782.0500
755.1000
758.7700
739.1200
746.6600
739.6900
733.9700
687.7700
722.3500
724.9800
753.9600
779.6700
787.2400
793.9400
793.2700
810.8700
836.9400
829.8300
843.6800
863.0000
857.8000
871.8800
864.0400
861.4100
872.0700
850.3300
860.7100
857.4800
873.2000
854.1100
858.2800
865.9400
860.6100
873.3200
845.2000
810.0400
