4.8623
4.5148
4.3290
3.9833
3.8610
3.8307
3.8518
3.9883
4.1979
4.6658
5.2137
6.1041
7.2874
8.1961
8.5569
8.6702
8.5382
7.5788
6.3043
4.2117
2.6862
2.6497
3.1670
3.5039
3.3481
3.3574
3.6326
3.7017
3.7103
3.4578
3.1847
3.0190
2.7503
2.3281
1.8330
1.8254
2.1941
2.5428
2.9396
3.4823
4.0667
5.1177
5.3092
5.4465
5.5351
5.5637
5.2779
5.0865
5.7174
6.5846
7.6756
8.3112
8.8318
8.9721
9.2633
9.4468
9.7630
9.8989
9.5843
8.8453
8.5754
8.6627
9.0040
9.4752
10.0383
10.2409
9.9784
10.1477
10.2294
10.1282
9.9808
10.0228
10.4776
11.1016
11.4821
11.7865
12.0903
12.4469
12.6361
12.6538
12.7089
12.7724
12.6113
12.5218
12.5102
12.5895
12.5172
12.3159
12.0507
11.8776
11.8298
11.5682
11.3349
11.0265
10.7702
10.7264
10.7487
10.8004
10.8760
10.9747
11.0080
11.0325
10.9541
10.7904
10.6464
10.5295
10.3482
10.1908
10.0785
9.9993
9.9344
9.8157
9.7236
9.7232
9.2892
8.5267
8.0095
7.9140
7.6257
7.3966
7.1632
7.1903
7.7426
8.1546
8.3786
8.4439
8.4962
8.5159
8.4947
8.5164
8.4762
8.4179
8.3863
8.3992
8.4103
8.4020
8.3857
8.3509
8.3222
8.3285
8.2500
8.2116
8.1445
8.1621
8.2111
7.9940
7.4066
6.9209
7.4012
7.6699
7.3135
6.7700
6.7277
7.5658
7.0942
8.4540
7.5816
7.5825
7.5776
7.6160
8.2061
8.9864
9.3548
9.5159
9.5087
9.7076
9.9685
9.8697
9.9877
10.2245
10.2515
10.1335
10.1855
10.1670
9.9901
9.9073
9.8941
9.9692
10.1493
10.2219
10.2746
10.3594
10.5441
10.7314
10.8935
10.9435
11.0873
11.1045
10.9745
10.8808
10.7841
10.6055
10.5713
10.5527
10.6475
10.5482
10.5482
10.5618
10.5414
10.6749
10.7326
10.8219
10.9219
11.0676
11.2140
11.0687
10.8650
10.6294
10.2429
10.0670
9.6004
9.0273
8.4781
8.4198
8.3606
8.2226
8.0858
7.7720
7.4036
7.0290
6.6410
6.2159
5.8768
5.4735
5.1182
4.7916
4.5080
4.1999
3.8942
3.6033
3.2779
2.9208
2.5675
2.2141
1.8431
1.5962
2.3594
3.5281
4.7212
5.7566
6.7027
7.5901
7.8554
7.9134
8.4106
9.9504
10.6957
10.9594
9.3376
9.0597
9.3754
9.3278
9.6385
9.2112
9.1710
10.2043
9.1737
9.0166
8.5751
8.8068
8.7562
7.3925
7.6805
10.2746
10.8010
10.5130
10.7572
10.4147
11.0085
10.7858
11.1354
11.3162
11.0663
11.2528
11.1512
10.6809
11.0562
10.8185
10.0578
9.5774
8.8963
8.3689
8.2206
8.2565
8.1275
8.2340
8.4286
8.5237
8.2815
8.2701
8.5416
8.6301
8.5728
8.6154
8.5506
8.2973
8.1783
8.2320
8.2529
8.1245
8.1189
8.1693
8.3745
8.5223
8.5093
8.1875
7.8937
7.3389
6.5912
6.1352
6.1643
6.4161
6.5865
6.6741
6.6578
6.5391
6.5225
6.4692
6.3581
6.2135
5.9967
5.8008
5.6396
5.4382
5.2948
5.2772
5.3264
5.5329
5.8231
6.1918
6.7815
7.3435
7.9574
8.5897
9.1911
9.6018
9.9307
10.0080
10.2505
10.3038
10.3272
10.1699
10.2301
9.9704
9.9396
9.5560
9.3653
9.2338
9.6758
9.1820
9.1070
8.6668
8.6904
8.4425
8.4210
8.4158
8.2983
8.1112
8.4008
8.2804
7.6686
7.8010
7.4624
6.8640
6.4403
6.0065
6.2327
6.1092
6.1258
6.2037
6.6730
6.7348
6.7381
6.8555
6.7953
6.8341
6.9507
