-1.3121
-1.2649
-1.2205
-1.1389
-1.0933
-1.0907
-1.0918
-1.1113
-1.1284
-1.1351
-1.1062
-1.0463
-0.9478
-0.8669
-0.8959
-0.9356
-1.0488
-1.3651
-1.5531
-1.7461
-1.6250
-1.2100
-0.7940
-0.4503
-0.1005
0.3615
0.8222
1.1826
1.5542
1.8905
2.1849
2.4794
2.7391
2.9345
3.0359
2.9935
2.8895
2.7314
2.5865
2.5157
2.3157
1.6753
1.5484
1.5590
1.7462
2.1652
3.0173
3.7844
4.5933
5.2382
5.5230
5.5805
5.6445
5.7008
5.7548
5.7687
5.7502
5.6918
5.5791
5.4223
5.2585
4.9242
4.5050
4.1252
3.7549
3.3985
3.1330
2.9875
2.6372
2.3170
1.9870
1.5853
1.2839
1.0187
0.7373
0.5048
0.3497
0.2135
0.0694
-0.0706
-0.1861
-0.3025
-0.4245
-0.5439
-0.6503
-0.7470
-0.8495
-0.9520
-1.0333
-1.0934
-1.1466
-1.2027
-1.2830
-1.3820
-1.4833
-1.5583
-1.6418
-1.7196
-1.7809
-1.8225
-1.8571
-1.8922
-1.9374
-2.0008
-2.0676
-2.1281
-2.1938
-2.2644
-2.3158
-2.3598
-2.3979
-2.3925
-2.2950
-2.1023
-2.1403
-1.9596
-1.7396
-1.4872
-1.1732
-0.8798
-0.5600
-0.1566
0.3221
0.6635
0.9278
1.1872
1.4245
1.6297
1.8093
1.9778
2.1589
2.3762
2.6152
2.8467
3.0564
3.2474
3.4282
3.6038
3.7747
3.9309
4.0705
4.1938
4.2985
4.3902
4.4728
4.5428
4.6184
4.7202
4.8433
4.9471
5.0107
5.0130
4.8654
4.5007
4.3670
3.6758
3.6112
3.4729
3.1832
2.8701
2.5117
2.1748
1.8423
1.5608
1.2673
0.9613
0.6705
0.4640
0.1985
-0.0687
-0.3585
-0.6235
-0.8181
-0.9771
-1.1228
-1.2370
-1.3150
-1.3818
-1.4558
-1.5431
-1.6178
-1.6660
-1.6910
-1.7246
-1.7503
-1.7740
-1.7860
-1.8087
-1.8537
-1.8923
-1.9323
-1.9745
-2.0025
-2.0376
-2.0716
-2.1129
-2.1432
-2.1666
-2.1886
-2.2021
-2.2107
-2.2242
-2.2230
-2.2037
-2.1954
-2.2087
-2.2205
-2.2066
-2.1213
-1.8996
-1.9294
-1.7607
-1.5806
-1.3048
-1.0153
-0.7754
-0.5234
-0.2349
0.0435
0.3188
0.6158
0.9095
1.2043
1.5153
1.8622
2.1693
2.3909
2.5792
2.7708
2.9719
3.1842
3.3909
3.5751
3.7289
3.8373
3.8257
3.6676
3.5142
3.1298
2.9268
2.7467
2.4469
2.4258
2.4852
2.7044
2.5920
2.6523
2.6863
2.4075
2.4240
2.6914
2.4940
2.3105
2.1352
1.8854
1.6170
1.3373
1.0653
0.7142
0.3128
-0.1069
-0.5059
-0.8903
-1.2129
-1.5302
-1.7027
-1.8479
-1.9773
-2.0989
-2.2418
-2.3478
-2.4316
-2.5065
-2.5538
-2.6053
-2.6607
-2.7028
-2.7777
-2.8859
-2.8860
-2.8859
-2.8894
-2.8862
-2.8814
-2.8753
-2.8661
-2.8484
-2.8361
-2.8385
-2.8245
-2.7989
-2.7838
-2.7716
-2.7605
-2.7544
-2.7559
-2.7442
-2.7192
-2.7009
-2.6917
-2.6856
-2.6731
-2.6572
-2.6834
-2.7520
-2.8483
-2.8750
-2.8031
-2.6904
-2.5364
-2.3995
-2.2854
-1.9639
-1.5889
-1.2201
-0.8052
-0.4090
-0.1217
0.1166
0.3662
0.6212
0.8672
1.0824
1.2534
1.3467
1.3441
1.2584
1.0989
0.9985
0.9338
0.8478
0.8915
0.9669
0.9443
0.8617
0.8009
0.7500
0.6859
0.6513
0.5984
0.5525
0.5089
0.4888
0.4612
0.4738
0.4575
0.4455
0.4073
0.3443
0.2481
0.1361
-0.0558
-0.2742
-0.4995
-0.7480
-0.9926
-1.2450
-1.5194
-1.8064
-2.0360
-2.1670
-2.3003
-2.4335
-2.5370
-2.6388
-2.7432
-2.7904
-2.8371
-2.8723
-2.9109
-2.9255
-2.9580
-2.9876
-3.0026
-3.0205
-3.0031
-2.9773
