1.2602
0.9541
0.6440
0.1738
-0.3324
-0.8960
-1.3914
-1.9479
-2.3578
-2.7238
-3.3248
-3.9308
-4.7380
-5.1918
-5.2315
-5.1765
-4.8420
-3.7818
-2.4262
-0.2613
0.6382
-0.1201
-0.0468
0.5301
0.9549
1.0794
1.0814
1.1699
1.2891
1.3414
1.2640
1.1755
0.9160
0.3452
-0.3430
-1.1394
-1.7989
-2.3241
-2.8959
-3.4823
-4.0657
-5.1128
-5.2666
-5.3967
-5.4340
-5.3668
-4.8492
-4.0133
-2.8881
-1.3861
-0.7352
-1.0144
-1.1130
-1.0042
-0.9142
-0.6050
-0.5356
-0.3798
-0.6350
-0.6503
-1.1599
-1.9021
-2.4328
-2.7269
-2.9068
-2.9486
-2.6856
-2.4145
-2.3170
-2.2677
-2.3477
-2.6397
-2.7713
-3.1174
-2.9713
-2.7185
-2.5565
-2.4843
-2.2438
-2.0726
-1.9224
-1.6547
-1.3530
-1.1197
-0.8695
-0.6857
-0.5122
-0.3545
-0.2138
-0.1503
0.0492
0.4189
0.7453
1.1424
1.5683
1.5065
1.4593
1.3520
1.3909
1.4961
1.6041
1.6198
1.7045
1.9029
2.0384
2.1975
2.3368
2.5290
2.5865
2.6314
2.7172
2.7957
3.0903
3.5266
3.4682
3.3799
3.3586
3.6476
3.4396
3.5177
3.3074
3.2852
4.0029
4.7037
5.1575
5.3151
5.3626
5.3731
5.3376
5.2031
4.9805
4.7488
4.6065
4.4776
4.4353
4.4645
4.3577
4.2183
4.0923
4.0053
3.8283
3.6869
3.4525
3.0776
2.8373
2.8036
2.5371
1.9794
1.2521
1.5896
1.9309
1.5714
-0.1322
-0.6087
-1.3799
-2.4910
-2.7143
-2.7217
-2.6814
-3.0373
-3.2309
-3.3742
-3.4314
-3.4124
-3.5116
-3.5149
-3.4201
-3.1834
-3.3331
-3.1699
-2.8861
-2.9344
-2.8188
-2.5942
-2.3143
-2.1581
-2.1071
-2.0074
-2.0461
-1.9708
-1.8412
-1.6646
-1.5840
-1.5080
-1.4519
-1.2301
-1.1819
-1.0840
-0.8325
-0.5992
-0.4721
-0.1950
0.0212
0.1367
0.1118
0.2769
0.2653
0.1971
0.0639
-0.0442
-0.1230
-0.0546
-0.0861
-0.1068
-0.1758
-0.0016
0.2363
0.5315
1.0547
1.6403
1.8325
2.0772
2.3694
2.5990
2.9511
3.4385
3.8393
4.2942
4.5443
4.6889
4.8688
4.8302
4.7298
4.4811
4.3544
4.2359
4.0541
3.7764
3.4371
3.1452
2.7100
2.2705
1.7910
1.3461
0.7198
-0.2344
-1.8047
-3.1958
-4.5454
-5.6443
-6.5550
-7.4301
-7.5784
-7.4777
-7.7611
-9.0962
-9.6083
-9.7548
-7.9801
-7.2575
-6.4371
-6.7236
-6.8398
-6.1743
-6.1403
-6.8659
-6.4043
-5.9596
-5.8366
-5.3020
-4.5106
-3.5209
-3.6128
-4.6659
-4.5374
-4.2847
-4.1566
-3.4489
-3.3484
-3.0154
-3.0850
-3.1609
-2.8507
-3.0895
-2.8849
-2.4241
-2.8183
-2.5943
-2.0226
-1.9331
-1.6240
-1.4940
-1.5299
-1.6662
-1.7049
-1.6580
-1.7093
-1.8108
-1.5024
-1.5124
-1.6236
-1.5757
-1.5337
-1.6264
-1.6196
-1.5906
-1.6352
-1.7835
-1.9733
-2.1153
-2.2519
-2.4263
-2.6731
-2.8999
-3.0986
-2.9316
-2.7286
-2.4222
-2.3024
-2.2165
-2.1039
-2.0975
-2.0905
-2.0896
-2.0051
-2.0860
-2.1354
-2.2356
-2.2713
-2.3710
-2.4637
-2.5189
-2.6809
-2.9047
-3.2210
-3.5768
-3.9532
-4.4895
-4.9483
-5.4098
-6.0450
-6.5634
-7.0632
-7.6185
-8.2095
-8.6183
-8.9406
-8.9621
-9.1558
-9.1540
-9.1088
-8.8607
-8.7784
-8.3135
-8.0005
-7.4838
-7.1070
-6.7028
-6.9158
-6.0733
-5.9380
-5.5287
-5.2598
-5.2607
-5.1512
-5.2559
-5.0039
-4.5829
-4.6158
-4.3456
-3.9344
-4.0501
-3.7201
-3.6006
-3.6312
-3.5352
-4.3284
-4.3601
-4.5334
-4.6012
-5.0639
-5.2266
-5.3821
-5.5494
-5.5219
-5.6239
-5.6809
