4.6962
4.4128
4.2808
3.9795
3.8467
3.7245
3.5917
3.4803
3.4732
3.7882
4.0160
4.6700
5.5369
6.3421
6.7714
6.9553
7.0325
6.5679
5.8188
4.2036
2.6093
2.6470
3.1666
3.4636
3.2090
3.1791
3.4679
3.5120
3.4792
3.1870
2.9231
2.7808
2.5933
2.3023
1.8006
1.4262
1.2562
1.0318
0.5046
0.0043
-0.0883
0.2250
0.6715
0.7347
1.0532
1.4672
2.0836
3.1251
4.9343
6.4370
7.6403
8.2491
8.7614
8.9157
9.2180
9.4274
9.7483
9.8916
9.5633
8.8214
8.4966
8.4513
8.6691
9.0743
9.6083
9.8072
9.6102
9.8563
9.9635
9.8711
9.7007
9.6690
10.1044
10.6549
11.0910
11.4687
11.8169
12.1965
12.4353
12.4830
12.5627
12.6648
12.5385
12.4716
12.4800
12.5708
12.5067
12.3108
12.0488
11.8766
11.8297
11.5607
11.3104
10.9671
10.6554
10.6201
10.6492
10.7154
10.7867
10.8723
10.8905
10.9129
10.8206
10.6213
10.4494
10.2977
10.0809
9.8721
9.7409
9.6469
9.5556
9.4091
9.2195
9.0611
8.6175
7.8282
7.2713
7.0232
6.8059
6.5066
6.3540
6.3959
6.6276
6.6613
6.6032
6.5611
6.5900
6.6069
6.6083
6.7421
6.8586
6.9506
7.0079
7.1061
7.1457
7.1177
7.1645
7.2072
7.2466
7.3021
7.3080
7.3374
7.3765
7.5596
7.7053
7.4862
6.9585
6.6318
7.2946
7.5034
7.0541
6.5851
6.7264
7.5413
6.9587
8.0786
7.0791
7.0772
7.0874
6.9841
7.5433
8.3289
8.7028
8.8831
8.8365
9.0489
9.3634
9.3422
9.4151
9.7207
9.8368
9.6994
9.7877
9.8304
9.7183
9.6694
9.6671
9.7650
9.9409
10.0301
10.1083
10.2248
10.4244
10.6249
10.7963
10.8741
11.0241
11.0514
10.9429
10.8643
10.7738
10.6037
10.5713
10.5518
10.6469
10.5445
10.5448
10.5599
10.5412
10.6748
10.7319
10.8218
10.9216
11.0671
11.2126
11.0687
10.8625
10.6161
10.1884
9.9325
9.4239
8.7851
8.1403
8.0086
7.8225
7.4691
7.1162
6.4779
5.8448
5.2365
4.5165
3.9124
3.4880
3.1432
2.6899
2.2399
1.9714
1.8380
1.8306
1.7582
1.8440
1.8374
1.8398
1.7580
1.6967
1.5789
1.5197
1.4948
1.2762
1.1317
1.3996
1.5504
2.0674
2.5898
3.2409
4.0335
4.6989
4.9952
4.8486
5.4229
6.8163
6.4653
6.7910
6.8355
6.8120
7.5490
6.5683
6.7663
6.2822
7.0319
7.5050
6.5002
6.7777
9.1541
9.8017
9.6002
9.9217
9.8270
10.4869
10.3557
10.6995
10.8657
10.6928
10.8203
10.7716
10.4022
10.6910
10.5028
9.8523
9.3803
8.7468
8.2344
8.0769
8.0866
7.9466
8.0653
8.2534
8.3291
8.1440
8.1306
8.3858
8.4851
8.4345
8.4605
8.3958
8.1435
8.0131
8.0365
8.0135
7.8443
7.8004
7.8007
7.9364
8.0137
7.9251
7.6447
7.4070
6.9276
6.1760
5.7208
5.7942
6.0636
6.2459
6.3385
6.3487
6.1975
6.1630
6.0707
5.9386
5.7433
5.4673
5.2254
4.9616
4.5974
4.2023
3.8801
3.5697
3.2337
3.0696
3.0121
3.0735
3.2937
3.6649
3.9675
4.1329
4.2331
4.3226
4.4543
4.6092
4.7300
4.8663
4.9914
5.2530
5.5040
5.8981
5.9422
6.0990
6.3510
6.7670
6.8866
6.9049
6.6743
6.9179
6.6031
6.6616
6.5727
6.6199
6.6925
7.0191
7.0485
6.5824
6.6672
6.4690
5.8438
5.3190
4.8559
4.4847
4.2792
4.1200
4.1611
4.3457
4.2475
4.0540
4.0252
3.9604
3.8829
4.0050
