4.0090
4.1010
4.2300
4.2800
4.3200
4.4440
4.4640
4.4600
4.5120
4.6600
4.7820
4.8740
4.9600
5.0930
5.2090
5.3250
5.4380
5.5570
5.6120
5.5880
5.4890
5.5160
5.3020
5.1900
5.1000
5.1060
5.1070
5.0940
5.0770
5.1570
5.2770
5.3810
5.4690
5.5240
5.5980
5.6750
5.7830
5.9260
6.1210
6.3860
6.6820
6.8850
6.9990
7.0690
7.0480
6.9850
6.9060
6.8300
6.7330
6.6280
6.5160
6.4200
6.3140
6.2440
6.3410
6.4160
6.4160
6.3630
6.3200
6.2980
6.2860
6.3340
6.2490
6.3540
6.4750
6.6230
6.8010
6.9520
7.0970
7.1780
7.1880
7.1980
7.2240
7.2940
7.3700
7.4120
7.4300
7.4470
7.4760
7.5020
7.5010
7.4630
7.4120
7.3450
7.3520
7.4220
7.5250
7.5670
7.5250
7.3910
7.2960
7.2990
7.3520
7.3670
7.3710
7.4350
7.5530
7.7630
7.9640
8.1130
8.2190
8.2750
8.3280
8.3000
8.3060
8.4190
8.6120
8.8150
9.0110
9.2270
9.3720
9.5160
9.6370
9.7130
9.8090
9.9880
9.7810
9.3850
9.2820
9.2210
8.9540
7.7880
7.6060
7.6010
8.3740
8.5220
8.3400
8.3670
8.5120
8.4820
8.6200
9.0040
8.3790
8.8270
8.6930
8.3120
8.0050
7.7210
7.8880
7.9530
8.1690
8.3030
8.1830
8.4710
8.4330
7.8140
7.4020
7.2390
6.4450
6.3500
7.1010
7.6940
7.6210
8.1940
8.6960
6.0250
3.8240
4.1560
3.8800
9.2120
9.2770
9.1760
8.8680
8.2190
8.3460
9.6060
10.1340
9.3210
9.3160
9.6220
9.3960
9.4240
9.5160
9.0100
8.5340
8.4070
8.2640
8.1770
7.9420
7.6530
7.3620
7.0550
6.7900
6.7100
6.7690
6.8100
6.7180
6.6310
6.5580
6.4240
6.2000
6.0790
6.0620
6.0130
5.9660
5.9130
5.8940
5.9360
5.9470
5.9370
5.8790
5.8400
5.8280
5.7730
5.7440
5.7360
5.6870
5.5970
5.4570
5.1620
4.7780
4.3200
4.0400
3.6830
3.1990
3.0170
3.1900
3.3080
3.3680
3.5420
3.6370
3.7000
3.7090
3.6190
3.5100
3.3720
3.2410
3.2470
3.3790
3.5460
3.6580
3.7400
3.8220
3.8990
3.9430
3.9210
3.8820
3.8770
3.8450
3.8480
3.9080
3.9960
4.0450
4.0080
3.9100
3.7980
3.6450
3.5170
3.4050
3.3310
3.2540
3.1340
3.0950
3.0750
3.0940
3.1850
3.2130
3.1800
3.1150
3.0220
2.9680
2.8650
2.9200
3.0760
3.0590
2.7540
2.3170
1.9280
2.0630
2.2970
2.4840
2.5480
2.4530
2.2020
2.0190
2.0240
2.1800
2.0290
1.9030
2.0070
2.4810
3.0680
3.7680
4.4110
4.8980
5.1950
5.2750
5.3440
5.4140
5.2740
4.7410
4.7070
4.7660
4.7210
4.6450
4.4600
4.2320
3.9840
3.8180
3.7210
3.6880
3.8240
3.9350
4.1210
4.2430
4.3270
4.5370
4.7490
4.6730
4.9070
4.5400
4.1240
4.3680
4.4040
4.4020
4.5180
4.5080
4.4440
4.4300
4.4130
4.3780
4.3450
4.2990
4.2230
4.0900
3.9100
3.6910
3.4820
3.2890
3.1220
2.9870
2.8670
2.7600
2.6610
2.5340
2.3620
2.1470
1.9440
1.8130
1.6690
1.5810
1.6550
1.7490
1.7900
1.8960
2.0220
1.9990
1.9570
2.0020
2.0650
2.1200
2.2900
2.6410
3.2030
4.3530
6.8510
6.9510
7.1200
7.2740
7.4320
7.4030
7.4280
7.4720
7.4440
7.4300
7.4230
7.4440
7.5440
7.6410
7.6420
7.6310
7.7060
7.7980
7.8160
7.7990
7.7360
7.6130
