1623.0000
1642.1000
1642.2000
1665.8000
1687.5000
1739.4000
1701.1000
1702.5000
1701.9000
1696.6000
1710.4000
1714.8000
1727.3000
1691.3000
1680.1000
1687.1000
1694.9000
1703.1000
1716.7000
1710.0000
1722.4000
1726.8000
1740.0000
1747.3000
1762.3000
1768.0000
1773.3000
1770.8000
1772.6000
1773.4000
1777.9000
1773.3000
1770.8000
1767.2000
1766.7000
1767.6000
1767.2000
1767.1000
1765.7000
1733.7000
1710.8000
1697.3000
1686.1000
1685.2000
1667.8000
1646.7000
1618.2000
1591.2000
1578.0000
1568.5000
1556.6000
1550.0000
1534.8000
1521.1000
1511.2000
1508.3000
1505.9000
1494.5000
1485.8000
1472.1000
1460.1000
1450.3000
1438.1000
1432.5000
1424.9000
1413.5000
1407.0000
1392.7000
1383.1000
1374.2000
1367.7000
1364.4000
1359.6000
1351.0000
1342.0000
1327.8000
1318.7000
1313.1000
1308.3000
1306.3000
1304.5000
1309.1000
1308.2000
1309.2000
1307.5000
1305.7000
1298.3000
1257.3000
1216.8000
1193.6000
1177.3000
1170.2000
1148.8000
1120.1000
1079.6000
1044.2000
1019.4000
995.0000
971.8400
943.9800
908.9200
873.4900
849.1300
829.8400
812.4900
784.7500
750.3700
719.1000
689.7100
663.2900
641.0100
637.6600
638.0600
625.2400
614.0600
589.6400
562.0900
537.4300
511.4400
521.1100
510.1400
505.9900
478.4100
465.9900
408.4800
390.0800
384.1200
352.9100
318.1900
316.1600
278.2900
255.8600
216.0700
194.6300
173.4000
149.6500
114.7900
99.9800
82.1380
58.9880
26.6720
-28.5620
-76.6950
-105.7400
-132.0000
-143.2400
-157.4500
-179.6700
-191.5700
-208.8400
-199.5900
-217.6000
-213.9900
-228.4700
-206.1100
-132.2700
-125.6800
-117.7300
-71.1420
30.6530
95.2840
125.6000
145.7900
213.1400
262.3600
301.2900
370.3700
395.9100
428.9800
465.7300
511.2100
540.2200
573.5300
616.9000
660.2900
704.1600
745.2500
774.2300
808.2200
845.3800
887.0100
929.4800
967.7900
958.3700
948.4400
963.6400
995.0900
1032.4000
1053.5000
1054.5000
1049.9000
1058.4000
1080.7000
1106.0000
1129.6000
1145.9000
1152.3000
1168.1000
1190.4000
1210.3000
1235.9000
1243.8000
1243.8000
1244.0000
1247.3000
1263.6000
1278.1000
1322.8000
1364.1000
1377.7000
1387.5000
1392.4000
1412.2000
1436.4000
1467.1000
1488.9000
1498.8000
1512.7000
1531.6000
1533.6000
1547.7000
1567.3000
1581.3000
1593.1000
1597.3000
1597.6000
1596.2000
1602.2000
1614.5000
1623.8000
1637.7000
1623.1000
1605.3000
1601.4000
1604.2000
1617.6000
1617.5000
1603.8000
1583.5000
1568.4000
1568.7000
1573.8000
1572.4000
1573.8000
1563.3000
1553.4000
1548.9000
1543.5000
1539.5000
1524.9000
1514.9000
1507.2000
1500.5000
1503.8000
1505.7000
1531.9000
1553.0000
1564.9000
1573.4000
1565.0000
1569.8000
1581.5000
1590.5000
1613.9000
1628.9000
1650.6000
1676.1000
1665.1000
1636.1000
1625.4000
1626.0000
1638.4000
1655.1000
1680.6000
1694.2000
1705.3000
1720.5000
1736.4000
1745.9000
1732.6000
1698.0000
1682.2000
1670.3000
1666.7000
1657.2000
1640.2000
1621.2000
1607.4000
1609.3000
1620.7000
1642.8000
1670.2000
1672.4000
1666.5000
1675.2000
1680.3000
1686.6000
1678.9000
1668.0000
1666.4000
1655.5000
1653.7000
1663.7000
1701.8000
1741.5000
1760.0000
1762.6000
1763.2000
1769.7000
1777.1000
1786.7000
1797.4000
1796.5000
1790.0000
1789.8000
1780.9000
1785.8000
1788.9000
1788.2000
1788.5000
1779.6000
1775.2000
1775.1000
1777.0000
1783.0000
1783.4000
1782.5000
1750.1000
1721.1000
1707.0000
1700.3000
1704.0000
1695.8000
1678.3000
1659.2000
1643.0000
1641.8000
1641.0000
1635.2000
1643.0000
1642.6000
1635.1000
1627.7000
1621.9000
1626.2000
1627.7000
1633.6000
1636.9000
1633.8000
1636.8000
1642.5000
1670.5000
1697.3000
1715.3000
1737.0000
1752.7000
1769.0000
1793.3000
1820.7000
1844.7000
1856.4000
1865.6000
1877.9000
1863.9000
1861.6000
1872.3000
1882.3000
1896.1000
1899.9000
1904.3000
1903.8000
1908.4000
1921.1000
1929.6000
1937.3000
1919.8000
1900.0000
