5.5615
5.7070
5.9117
5.9909
6.0552
6.2520
6.2837
6.2763
6.3602
6.5945
6.7873
6.9343
7.0710
7.2820
7.4661
7.6490
7.8280
8.0172
8.1045
8.0673
7.9096
7.9522
7.6137
7.4353
7.2924
7.3023
7.3028
7.2823
7.2560
7.3824
7.5728
7.7390
7.8780
7.9653
8.0833
8.2049
8.3757
8.6026
8.9119
9.3330
9.8035
10.1241
10.3058
10.4174
10.3828
10.2837
10.1587
10.0381
9.8844
9.7178
9.5400
9.3866
9.2189
9.1071
9.2615
9.3800
9.3809
9.2961
9.2285
9.1933
9.1746
9.2501
9.1159
9.2825
9.4750
9.7086
9.9913
10.2311
10.4618
10.5895
10.6059
10.6222
10.6625
10.7741
10.8943
10.9611
10.9900
11.0159
11.0633
11.1034
11.1027
11.0415
10.9619
10.8555
10.8662
10.9771
11.1407
11.2072
11.1406
10.9282
10.7768
10.7818
10.8653
10.8903
10.8953
10.9981
11.1848
11.5178
11.8367
12.0730
12.2410
12.3312
12.4142
12.3709
12.3802
12.5592
12.8659
13.1872
13.4983
13.8406
14.0713
14.3005
14.4917
14.6118
14.7651
15.0482
14.7204
14.0911
13.9287
13.8314
13.4087
11.5575
11.2697
11.2604
12.4879
12.7218
12.4343
12.4765
12.7069
12.6583
12.8787
13.4872
12.4962
13.2063
12.9938
12.3900
11.9014
11.4518
11.7159
11.8195
12.1629
12.3757
12.1840
12.6419
12.5816
11.5996
10.9460
10.6863
9.4265
9.2758
10.4681
11.4085
11.2933
12.2024
12.9983
8.7598
5.2682
5.7947
5.3570
13.8169
13.9202
13.7605
13.2713
12.2417
12.4436
14.4427
15.2803
13.9896
13.9825
14.4675
14.1099
14.1540
14.2993
13.4963
12.7422
12.5395
12.3123
12.1745
11.8019
11.3429
10.8823
10.3942
9.9745
9.8469
9.9405
10.0061
9.8598
9.7226
9.6060
9.3930
9.0387
8.8454
8.8182
8.7410
8.6670
8.5830
8.5527
8.6186
8.6366
8.6210
8.5290
8.4671
8.4484
8.3596
8.3139
8.3013
8.2233
8.0803
7.8585
7.3913
6.7812
6.0553
5.6106
5.0440
4.2754
3.9869
4.2621
4.4484
4.5445
4.8205
4.9716
5.0712
5.0849
4.9425
4.7687
4.5510
4.3432
4.3520
4.5617
4.8258
5.0035
5.1345
5.2638
5.3871
5.4565
5.4214
5.3597
5.3511
5.3009
5.3065
5.4009
5.5410
5.6181
5.5590
5.4046
5.2268
4.9844
4.7806
4.6035
4.4847
4.3629
4.1724
4.1102
4.0788
4.1092
4.2534
4.2982
4.2454
4.1424
3.9950
3.9096
3.7455
3.8327
4.0804
4.0533
3.5698
2.8760
2.2587
2.4736
2.8444
3.1418
3.2436
3.0920
2.6943
2.4038
2.4107
2.6596
2.4200
2.2187
2.3846
3.1373
4.0676
5.1792
6.1998
6.9725
7.4429
7.5700
7.6793
7.7902
7.5688
6.7223
6.6682
6.7621
6.6916
6.5709
6.2768
5.9150
5.5222
5.2587
5.1035
5.0525
5.2669
5.4431
5.7385
5.9322
6.0662
6.3985
6.7356
6.6149
6.9858
6.4039
5.7430
6.1305
6.1874
6.1844
6.3693
6.3530
6.2521
6.2290
6.2030
6.1471
6.0941
6.0211
5.9002
5.6890
5.4039
5.0566
4.7243
4.4181
4.1535
3.9397
3.7492
3.5797
3.4216
3.2200
2.9478
2.6059
2.2840
2.0765
1.8474
1.7078
1.8262
1.9746
2.0408
2.2088
2.4076
2.3710
2.3045
2.3759
2.4767
2.5638
2.8332
3.3905
4.2826
6.1065
10.0705
10.2297
10.4971
10.7426
10.9928
10.9468
10.9868
11.0558
11.0114
10.9903
10.9780
11.0119
11.1713
11.3241
11.3253
11.3083
11.4277
11.5729
11.6027
11.5760
11.4758
11.2795
