-13.3051
-13.2338
-13.1452
-13.0431
-12.9586
-12.8905
-12.8191
-12.7743
-12.7655
-12.7531
-12.7448
-12.7467
-12.7667
-12.8135
-12.8806
-12.9853
-13.0705
-13.1443
-13.2432
-13.4213
-13.6318
-13.7789
-13.8085
-13.8280
-13.7482
-13.6033
-13.4373
-13.1957
-12.8540
-12.4859
-12.1283
-11.8187
-11.5562
-11.3058
-11.0340
-10.8137
-10.6536
-10.5237
-10.4378
-10.4157
-10.3960
-10.3591
-10.3309
-10.2326
-10.0582
-9.8897
-9.7246
-9.5214
-9.3975
-9.3562
-9.3533
-9.3966
-9.4371
-9.5618
-9.7101
-9.9103
-10.0599
-10.0945
-10.0460
-10.0015
-10.0975
-10.3226
-10.6641
-11.0738
-11.4433
-11.8239
-12.2464
-12.5630
-12.7808
-12.9698
-13.1151
-13.2434
-13.3152
-13.3261
-13.3098
-13.2941
-13.2870
-13.2797
-13.2751
-13.2737
-13.2588
-13.2658
-13.3190
-13.3930
-13.4439
-13.4622
-13.4483
-13.4314
-13.4232
-13.4395
-13.4443
-13.4225
-13.3811
-13.3350
-13.2904
-13.2287
-13.1519
-13.0471
-12.9393
-12.8112
-12.6731
-12.5179
-12.3661
-12.2142
-12.0737
-11.9375
-11.8027
-11.6814
-11.5442
-11.4200
-11.3036
-11.1701
-11.0116
-10.7991
-10.4904
-10.0557
-9.7597
-9.4565
-9.3739
-8.9787
-8.8515
-8.7399
-8.5526
-8.2148
-7.7267
-7.2438
-6.8117
-6.4234
-5.9051
-5.3491
-4.8705
-4.6922
-4.3733
-3.6679
-3.2260
-2.8977
-2.5512
-2.1149
-1.6954
-1.4212
-1.2021
-0.9376
-0.6386
-0.6016
-0.9546
-1.3095
-1.3084
-1.4635
-1.6331
-1.7190
-2.0888
-2.2696
-2.5541
-2.6972
-3.0889
-3.4317
-3.0361
-3.7103
-3.7402
-5.8516
-8.7756
-9.9664
-10.7654
-11.3361
-11.7330
-12.1255
-12.3855
-11.9951
-11.5361
-11.4409
-11.5715
-11.6738
-11.7383
-11.9716
-12.2307
-12.3675
-12.4997
-12.6180
-12.7272
-12.8287
-12.9159
-13.0230
-13.1881
-13.4079
-13.6487
-13.8728
-14.0858
-14.2914
-14.4840
-14.6589
-14.8271
-14.9734
-15.0913
-15.1792
-15.2514
-15.3417
-15.4618
-15.5834
-15.7051
-15.8006
-15.8663
-15.8883
-15.8713
-15.8301
-15.7663
-15.7060
-15.6675
-15.6618
-15.6628
-15.7103
-15.8274
-16.0680
-16.0498
-16.0526
-15.8680
-15.4122
-14.8239
-14.3129
-13.7887
-13.2740
-12.8418
-12.3818
-11.9832
-11.6205
-11.2589
-10.9547
-10.7384
-10.5804
-10.4284
-10.2910
-10.2051
-10.1789
-10.1796
-10.2152
-10.2838
-10.3617
-10.4306
-10.4711
-10.5215
-10.6251
-10.8520
-11.2169
-11.6488
-12.0486
-12.3625
-12.6287
-12.8033
-12.8837
-12.8676
-12.7720
-12.6603
-12.5914
-12.6381
-12.8152
-12.9325
-12.8685
-12.7561
-12.7166
-12.6336
-12.5312
-12.4804
-12.6029
-12.7873
-13.0352
-13.1219
-13.1142
-13.3168
-13.5100
-13.5557
-13.6911
-13.8972
-14.0048
-14.0707
-14.1298
-14.1715
-14.1469
-14.0423
-14.1118
-14.1817
-14.2280
-14.1277
-13.8446
-13.4253
-13.0373
-12.9235
-13.1526
-13.2982
-13.2985
-13.1792
-13.1690
-13.6774
-13.5472
-13.2161
-13.2446
-13.6466
-13.9941
-14.1356
-14.1772
-14.3798
-14.5522
-14.5221
-14.5306
-14.5572
-14.4209
-14.4542
-14.6407
-14.5682
-14.7853
-15.2459
-15.2473
-15.1472
-14.8574
-14.4213
-13.9946
-13.5113
-13.0153
-12.6034
-12.1677
-11.6986
-11.2616
-10.8367
-10.4092
-10.0326
-9.6969
-9.3770
-9.0840
-8.8139
-8.5572
-8.3244
-8.1192
-7.9353
-7.7550
-7.5766
-7.4099
-7.2642
-7.1472
-7.0566
-6.9900
-6.9552
-7.0054
-7.1903
-7.2484
-7.2952
-7.3802
-7.5121
-7.6103
-7.6240
-7.6456
-7.6644
-7.6360
-7.6430
-7.6354
-7.5280
-7.5199
-8.1341
-10.1966
-10.7119
-11.3891
-11.8236
-11.9124
-12.1763
-12.3936
-12.5584
-12.7492
-12.9614
-13.1767
-13.3865
-13.5147
-13.5777
-13.7113
-13.8509
-13.8823
-13.9021
-13.9798
-14.1051
-14.2735
-14.4440
