-4.6186
-4.7896
-4.9831
-5.1589
-5.3278
-5.5315
-5.5774
-5.6391
-5.7105
-5.9010
-6.0874
-6.2457
-6.3586
-6.5128
-6.7406
-6.9095
-7.0540
-7.2013
-7.2635
-7.2094
-7.0099
-7.0121
-6.6839
-6.4696
-6.2988
-6.2700
-6.2330
-6.1157
-5.9993
-6.0971
-6.2666
-6.4685
-6.7182
-6.9033
-7.0866
-7.2453
-7.4333
-7.6629
-7.9621
-8.3912
-8.8473
-9.1060
-9.2200
-9.2195
-9.0367
-8.8166
-8.5986
-8.3862
-8.1921
-8.0450
-7.8913
-7.7593
-7.6107
-7.5719
-7.6958
-7.6684
-7.4568
-7.1228
-6.7296
-6.3717
-6.1158
-6.0908
-6.1186
-6.2359
-6.3503
-6.4660
-6.5609
-6.6670
-6.7838
-6.8448
-6.8467
-6.7249
-6.6208
-6.7064
-6.8616
-6.9937
-7.0874
-7.2115
-7.2834
-7.2111
-7.0561
-6.8543
-6.5894
-6.3102
-6.2566
-6.3406
-6.4497
-6.3963
-6.2021
-5.8977
-5.6800
-5.6807
-5.7766
-5.7976
-5.8138
-5.9098
-6.0983
-6.3251
-6.4429
-6.4899
-6.4275
-6.3375
-6.1521
-5.9096
-5.6290
-5.3925
-5.3779
-5.4079
-5.5698
-5.7992
-5.8480
-5.8967
-5.7914
-5.5036
-5.0930
-4.6891
-4.5909
-4.4766
-4.0892
-3.4290
-2.9773
-1.6060
-1.9880
-3.9600
-4.2825
-3.5663
-2.2530
-1.7646
-1.0714
0.0824
0.3011
1.5794
0.4193
0.5680
0.8803
1.3244
1.9347
1.9368
2.6934
2.9092
3.0771
3.0440
3.1794
5.2799
5.7621
5.3221
5.2939
5.4552
5.5084
4.7966
4.9948
4.5585
4.0193
5.2766
9.3063
8.6737
3.2678
3.2513
4.2082
6.5233
5.5749
6.1813
5.6427
5.5970
5.6563
5.9940
5.8246
5.3692
5.1903
5.7845
5.9852
6.2392
6.0746
5.6472
5.6164
5.6526
5.6516
5.8457
6.0535
6.2780
6.5471
6.7495
6.7951
6.8303
6.9214
6.9343
6.8201
6.6838
6.5681
6.5052
6.3522
6.2281
6.2033
6.2039
6.2218
6.2837
6.3737
6.5795
6.7184
6.7244
6.6102
6.5025
6.4272
6.3129
6.2266
6.1630
5.9704
5.7280
5.4241
5.1019
4.7866
4.4850
4.2127
3.8054
3.3350
3.1497
3.2045
3.2732
3.2618
3.3267
3.3625
3.2086
2.9920
2.7453
2.3873
1.8700
1.3886
1.1563
1.1375
1.1516
1.0804
0.9688
0.8248
0.6190
0.4265
0.2354
0.1181
-0.0349
-0.2524
-0.5967
-1.0988
-1.6671
-2.1559
-2.4637
-2.5967
-2.6796
-2.7046
-2.7172
-2.7058
-2.6409
-2.4745
-2.2530
-2.1053
-2.0292
-2.1019
-2.2865
-2.3112
-2.2689
-2.1608
-2.1603
-2.3437
-2.6699
-3.4329
-3.5012
-3.2109
-2.8326
-2.2210
-1.9037
-2.3981
-2.8375
-3.1412
-3.2434
-3.0910
-2.6837
-2.3444
-2.2569
-2.3740
-2.0723
-1.8132
-1.7065
-1.7739
-1.7909
-1.8127
-1.8371
-1.7731
-1.4447
-0.7718
-0.0997
0.5226
1.4186
2.7506
3.0534
2.8120
3.1228
4.1301
4.8221
5.0706
4.9646
4.7597
4.5736
4.2371
3.9614
3.9112
4.1099
4.2702
4.3399
4.2695
4.1492
3.7564
3.7646
3.4546
3.2652
3.7027
3.8125
3.9018
4.3142
4.5599
4.7222
4.9221
5.0748
5.1810
5.2717
5.3277
5.2881
5.1279
4.8824
4.5698
4.2678
3.9856
3.7384
3.5432
3.4076
3.3306
3.2651
3.1164
2.8541
2.4731
2.0278
1.6222
1.1003
0.3095
-0.1161
-0.3086
-0.5547
-0.9943
-1.3303
-1.2576
-1.0843
-1.0234
-0.8811
-0.7417
-0.4240
0.1409
0.4867
-0.5803
-2.8097
-2.5549
-2.7230
-2.5610
-2.1239
-1.7932
-1.5204
-1.3438
-1.1997
-1.1970
-1.1985
-1.2074
-1.1766
-1.0809
-0.9852
-0.9368
-0.8661
-0.7853
-0.7506
-0.7175
-0.6749
-0.6326
