3.0982
3.1032
3.1807
3.0458
2.8777
2.9139
2.8944
2.7554
2.8006
2.9437
3.0018
3.0127
3.0932
3.2574
3.2104
3.2811
3.3940
3.5237
3.5950
3.6201
3.6639
3.7508
3.6462
3.6644
3.6746
3.7431
3.8054
3.9535
4.0814
4.1623
4.2516
4.2485
4.1145
3.9738
3.8883
3.8504
3.8597
3.9096
4.0034
4.0858
4.2230
4.4248
4.6046
4.8500
5.1129
5.2935
5.4097
5.5169
5.5309
5.4510
5.3608
5.2821
5.2025
5.0602
5.1527
5.4019
5.6918
5.9734
6.3149
6.6270
6.8389
6.9618
6.7574
6.8759
7.0320
7.2421
7.5353
7.7606
7.9643
8.0800
8.0999
8.2224
8.3579
8.4324
8.4619
8.4401
8.3993
8.3273
8.3276
8.4430
8.5721
8.6564
8.7603
8.8330
8.8842
8.9607
9.0838
9.2026
9.2545
9.2002
9.1584
9.1639
9.2025
9.2188
9.2145
9.2754
9.3760
9.6256
9.9295
10.1804
10.4177
10.5780
10.7827
10.8681
11.0264
11.3426
11.6880
12.0273
12.2956
12.5671
12.7985
13.0282
13.2842
13.5357
13.8589
14.2990
13.9861
13.3611
13.3149
13.3997
13.0740
11.4454
11.0929
10.5411
11.7307
12.2117
12.2285
12.3511
12.6617
12.6580
12.8752
13.3944
12.4892
13.1941
12.9640
12.3190
11.7431
11.2868
11.4021
11.4559
11.7673
11.9955
11.7619
11.4865
11.1846
10.3066
9.5807
9.1890
7.6496
7.9393
9.1996
10.4582
10.5538
11.0025
9.0746
-1.2254
-4.1323
-4.7966
-3.3149
-12.1800
-12.7551
-12.2940
-12.0119
-10.8872
-11.0838
-13.1402
-14.1266
-12.9182
-12.9835
-13.2608
-12.7776
-12.7046
-12.9449
-12.2580
-11.4377
-11.1932
-10.9386
-10.6792
-10.1311
-9.4471
-8.6924
-7.9046
-7.3018
-7.0928
-7.1350
-7.2138
-7.1206
-7.0609
-7.0097
-6.7757
-6.4302
-6.2810
-6.2674
-6.1576
-6.0338
-5.8466
-5.7029
-5.5669
-5.4271
-5.3948
-5.3897
-5.4231
-5.4833
-5.4801
-5.5090
-5.5614
-5.6548
-5.6993
-5.6864
-5.3481
-4.8035
-4.0683
-3.7058
-3.3108
-2.6753
-2.4444
-2.8101
-3.0124
-3.1643
-3.4886
-3.6620
-3.9271
-4.1115
-4.1100
-4.1282
-4.1491
-4.1152
-4.1955
-4.4176
-4.6864
-4.8855
-5.0422
-5.1988
-5.3514
-5.4398
-5.4163
-5.3584
-5.3510
-5.2949
-5.2729
-5.2880
-5.2843
-5.1880
-4.9832
-4.7399
-4.4877
-4.1868
-3.9333
-3.7244
-3.6247
-3.5933
-3.5119
-3.5300
-3.5382
-3.5309
-3.5865
-3.6240
-3.5883
-3.5341
-3.3605
-3.1293
-2.6268
-1.7045
-2.0956
-2.4737
-2.1725
-1.8272
-1.2156
-0.6066
-0.1980
-0.0594
0.0348
0.0776
0.2385
0.5311
0.8474
1.1991
1.2498
1.2786
1.6656
2.5876
3.6522
4.8516
5.9214
6.7433
7.3013
7.5305
7.6786
7.7727
7.4346
6.1338
5.9280
6.1497
5.9182
5.1107
4.0181
3.0456
2.4181
2.2360
2.2645
2.7522
3.4709
3.7855
4.0049
4.1178
4.2385
4.7657
5.3060
5.4449
5.8847
5.3922
4.7245
4.8860
4.8733
4.7982
4.6857
4.4235
4.0975
3.8175
3.5670
3.3081
3.0574
2.8051
2.6168
2.4637
2.3160
2.1647
2.0260
1.9064
1.8099
1.7225
1.5636
1.3119
1.0230
0.8099
0.7376
0.8212
1.0510
1.2963
1.4840
1.6795
1.8225
1.9503
1.9640
1.9723
2.0066
2.0100
2.0335
2.1441
2.3147
2.4541
2.8013
3.3876
4.2548
6.0789
9.6706
9.9055
10.1378
10.4329
10.7857
10.7989
10.8811
10.9738
10.9458
10.9249
10.9124
10.9455
11.1091
11.2724
11.2823
11.2694
11.3948
11.5462
11.5784
11.5537
11.4560
11.2617
