2.0380
1.9170
1.9340
2.0360
2.0730
2.0410
1.9830
1.9110
1.8140
1.6500
1.4930
1.3610
1.2690
1.1600
1.1280
1.1230
1.1550
1.2840
1.4000
1.5860
1.7290
1.8780
2.0300
2.1590
2.2630
2.4880
2.7510
2.9870
3.1610
3.2900
3.3690
3.4790
3.6590
3.8640
4.0310
4.2600
4.4290
4.5110
4.4700
5.2850
5.4900
5.6230
5.8270
6.0370
5.5720
5.2790
5.2280
5.6300
5.1210
4.7310
5.3360
5.7890
5.8420
5.8390
6.0890
6.2810
5.9160
5.8800
5.9600
6.0920
5.4560
4.5910
5.3820
4.4950
3.8740
4.4120
4.5850
4.4590
5.1690
4.7490
4.4460
4.7670
4.3370
4.1350
3.8050
3.6520
3.7030
3.7020
3.6290
3.4810
3.5790
3.6340
3.5720
3.3700
3.0020
2.8830
2.9210
2.7650
2.7420
2.6420
2.4630
2.1570
1.9520
1.8300
1.7530
1.6710
1.7390
1.9150
2.0150
2.0660
2.2850
2.5530
2.7630
3.0970
3.2880
3.4460
3.5140
3.5340
3.5070
3.2510
3.2860
3.4360
3.5390
3.3290
3.5810
2.9930
2.9410
2.8210
2.6740
2.5890
2.4950
2.5590
2.7520
2.6560
2.4050
2.0760
2.2070
2.7250
2.5830
2.7410
3.3310
3.3760
3.7790
4.4390
4.7650
5.4290
5.4750
5.2420
5.3510
6.2040
6.0170
5.0810
5.3320
5.2760
5.1090
4.6060
3.9990
3.6530
4.3100
4.3050
4.5940
4.3450
4.5900
4.7570
4.9130
4.9400
4.6610
4.7790
5.3490
5.7720
5.1000
5.0430
4.7830
4.6290
5.0130
5.5490
4.7330
5.2210
5.2210
4.8440
4.7080
4.8840
4.7640
4.6640
4.9290
4.7710
4.8230
4.7800
5.0800
5.1070
5.0820
5.2500
5.2820
5.2990
5.1170
5.0310
5.0250
5.1670
5.1430
4.9400
4.6950
4.5030
4.2880
4.1240
3.9700
3.7830
3.6050
3.4780
3.4110
3.3300
3.3490
3.3530
3.3340
3.1800
3.1460
3.1660
3.2370
3.2460
3.1750
3.1240
3.0690
2.7640
2.5090
2.3220
2.1850
2.0410
1.9000
1.8740
1.9600
2.0400
2.1200
2.2430
2.3720
2.3880
2.3750
2.4670
2.6090
2.6230
2.6600
2.7830
2.8250
2.7700
3.0910
4.1340
6.3180
6.2520
5.7090
6.1030
4.2260
2.2580
0.5900
1.1770
1.2570
3.9610
4.1660
2.0140
1.7550
3.3110
5.7390
7.1930
7.0310
6.7310
5.7820
6.1790
6.8490
7.6850
3.5950
1.1310
2.3050
1.1950
0.7780
1.1210
2.4090
3.9090
4.5900
4.8470
5.0050
4.7440
4.9750
4.8330
5.7180
5.4100
5.1950
5.1790
4.8900
4.0600
4.9100
6.0300
5.7980
5.6510
5.3120
5.2030
5.0620
4.9710
4.7050
4.5910
4.5390
4.5370
4.9010
5.5150
5.7720
5.7100
5.3950
5.2040
5.1310
5.1190
5.1510
5.2360
5.3270
5.3900
5.3830
5.3810
5.3600
5.2140
5.0580
4.8660
4.3930
4.1120
4.2570
4.2910
4.1920
4.1660
4.3840
4.6140
4.7500
4.9190
5.0430
5.0760
5.1080
5.1400
5.1650
5.1130
5.0000
4.9410
4.9060
4.8890
4.8970
4.9340
4.9120
4.8260
4.7720
4.6970
4.6220
4.5150
4.3640
4.2610
4.0970
3.9070
3.7490
3.6180
3.5440
3.6050
3.7560
3.7660
3.8780
3.7130
3.5150
3.1450
2.8680
2.4530
2.1240
1.7500
1.7190
1.8990
1.3650
0.9590
0.5720
1.0110
1.2840
1.5480
1.7280
2.0380
2.4100
2.6660
2.8010
2.8690
2.9420
3.1200
3.1690
3.2030
3.4130
3.8660
4.0730
4.0740
4.1360
3.9020
3.9500
