1.6592
27.9390
25.2550
-2.5330
47.3970
42.5260
35.4430
20.5240
23.7860
47.9490
55.6710
82.0280
84.6010
73.2340
83.2260
98.2980
132.3100
132.4200
129.5500
124.9800
118.5000
131.6600
149.9900
163.0200
172.9400
172.6000
168.5100
172.8800
184.7100
199.0700
209.2600
209.2000
209.2000
207.0500
207.1300
210.9200
209.1400
186.3500
173.9900
164.2100
149.5700
133.9800
133.6600
106.6800
85.5900
94.8430
77.7250
42.7300
57.8490
49.9750
24.8780
16.3240
-13.7320
-8.2332
-15.1650
-47.1260
-16.1830
-17.3000
-11.3990
-3.2196
37.5900
57.1810
30.7290
23.8790
33.8850
14.4630
29.3330
68.3110
17.0820
44.6990
37.2680
34.7510
58.6260
94.3080
110.9300
102.1800
110.4400
116.1500
109.5400
114.8500
130.2100
148.9900
149.6700
155.4200
165.0500
175.9100
191.7500
154.1800
121.1700
110.6600
120.8200
130.4800
132.3000
133.6800
117.5000
119.7900
129.3400
129.7600
128.5700
138.1100
123.1900
119.3100
109.9800
98.0110
95.0420
83.5910
86.4920
91.6930
87.5530
95.0260
102.2200
127.1400
162.0300
166.9300
194.1100
164.0000
182.8200
196.6900
218.2800
219.8800
228.0400
234.2600
231.9400
230.3200
229.6500
217.4500
240.2200
256.2600
251.0400
253.2700
253.4500
255.3200
280.1100
278.3200
241.7900
187.3600
156.6800
191.2700
192.8300
141.2000
119.5100
161.3500
132.7600
104.0400
108.4500
235.3500
185.1000
194.7800
154.5400
159.0600
104.4600
82.1840
69.6250
73.5410
77.4660
80.5300
104.7700
83.2820
28.8160
12.4640
63.4060
91.1010
139.7100
154.0500
110.3200
98.5530
153.1600
140.8200
158.9800
182.5000
189.2400
172.8300
201.1300
232.3400
216.1900
230.3700
209.4800
207.2600
188.5100
187.4900
191.9400
198.7300
198.2200
156.8600
126.3300
117.2800
114.5700
113.2600
94.3580
68.6510
33.8440
12.6780
5.4496
5.0089
1.5963
11.5020
3.7670
4.2051
9.4864
7.9570
2.1064
1.0473
-2.9047
-3.4890
-6.4305
-9.5998
-19.5820
4.1729
17.3410
12.1230
8.1328
-5.0812
-0.3185
0.0085
9.9156
16.6740
20.9850
24.8700
14.8090
6.3878
3.5902
-2.5731
-13.0610
-18.9020
-29.5420
-38.0540
-50.1270
-50.5800
-57.8330
-76.4910
-117.0500
-168.3100
-187.4600
-258.5800
-302.0400
-223.1600
-262.7200
-293.9000
-294.3700
-287.3700
-292.9500
-364.0500
-297.6600
-306.1300
-390.1700
-434.0100
-447.4300
-424.8500
-444.9500
-486.7300
-483.4000
-404.2300
-458.4000
-421.6700
-314.6500
-235.4900
-253.4700
-238.7700
-237.6900
-260.6100
-267.9500
-302.5700
-348.7000
-266.1300
-228.6700
-198.5400
-225.2200
-274.5700
-250.8600
-208.4800
-181.5000
-175.6700
-180.9900
-175.8100
-168.7100
-153.2100
-112.8000
-92.5600
-78.8430
-105.7600
-122.6900
-126.5900
-134.0600
-123.0700
-131.7100
-135.7100
-151.4800
-157.1400
-150.7200
-135.5700
-121.4300
-90.9940
-76.1440
-68.8990
-66.1300
-61.7330
-54.4440
-43.7390
-32.4130
-29.5720
-26.2850
-17.8180
-11.9710
27.7950
63.9450
79.5020
87.8780
84.9230
92.2210
103.8600
121.5100
129.4300
126.2400
127.2000
132.4700
131.2200
144.3300
152.6900
160.1200
158.5600
149.4200
147.6800
146.3800
151.4000
155.8600
156.8800
154.9900
127.5400
104.8300
100.7600
96.8220
96.6100
85.2040
70.6420
51.0020
44.2680
45.7320
41.7500
37.7960
43.8570
41.8330
51.5680
40.0810
34.8710
19.6030
33.6450
46.5480
74.3610
73.4840
88.1880
94.8480
133.2300
146.9500
127.4600
174.9400
184.0600
212.2500
233.8700
254.0200
278.3700
295.1700
313.0600
333.4800
319.7700
318.7400
321.6800
328.5600
330.6000
325.3400
327.1400
326.6200
334.6200
345.9900
353.2900
360.9000
331.4900
297.6400
