2.4333
2.2414
2.2692
2.4309
2.4899
2.4381
2.3461
2.2319
2.0776
1.8175
1.5684
1.3602
1.2133
1.0407
0.9902
0.9815
1.0323
1.2374
1.4217
1.7165
1.9439
2.1804
2.4217
2.6251
2.7900
3.1484
3.5647
3.9400
4.2163
4.4204
4.5454
4.7198
5.0058
5.3304
5.5956
5.9591
6.2275
6.3577
6.2922
7.5866
7.9107
8.1217
8.4463
8.7792
8.0407
7.5758
7.4959
8.1334
7.3260
6.7066
7.6676
8.3853
8.4702
8.4643
8.8617
9.1662
8.5880
8.5300
8.6574
8.8663
7.8567
6.4848
7.7403
6.3322
5.3471
6.2008
6.4757
6.2752
7.4018
6.7359
6.2549
6.7640
6.0815
5.7617
5.2383
4.9949
5.0761
5.0745
4.9577
4.7238
4.8795
4.9669
4.8674
4.5476
3.9636
3.7738
3.8352
3.5866
3.5505
3.3928
3.1075
2.6227
2.2971
2.1029
1.9822
1.8513
1.9588
2.2390
2.3977
2.4774
2.8263
3.2510
3.5834
4.1138
4.4170
4.6678
4.7759
4.8074
4.7649
4.3582
4.4137
4.6522
4.8161
4.4826
4.8822
3.9491
3.8668
3.6764
3.4430
3.3081
3.1593
3.2599
3.5665
3.4142
3.0161
2.4935
2.7018
3.5234
3.2981
3.5498
4.4859
4.5561
5.1968
6.2428
6.7605
7.8140
7.8876
7.5177
7.6913
9.0445
8.7469
7.2627
7.6605
7.5715
7.3074
6.5080
5.5456
4.9964
6.0389
6.0307
6.4895
6.0950
6.4831
6.7476
6.9957
7.0384
6.5956
6.7828
7.6883
8.3583
7.2925
7.2025
6.7899
6.5448
7.1538
8.0049
6.7104
7.4843
7.4851
6.8862
6.6698
6.9493
6.7591
6.6012
7.0209
6.7696
6.8523
6.7850
7.2601
7.3041
7.2643
7.5299
7.5813
7.6087
7.3198
7.1824
7.1733
7.3985
7.3607
7.0387
6.6491
6.3454
6.0033
5.7434
5.4987
5.2020
4.9207
4.7182
4.6119
4.4831
4.5147
4.5206
4.4898
4.2454
4.1919
4.2231
4.3361
4.3500
4.2379
4.1568
4.0697
3.5864
3.1806
2.8839
2.6666
2.4381
2.2140
2.1734
2.3100
2.4372
2.5643
2.7586
2.9633
2.9892
2.9681
3.1146
3.3394
3.3619
3.4206
3.6157
3.6818
3.5959
4.1045
5.7592
9.2259
9.1208
8.2587
8.8843
5.9049
2.7833
0.1364
1.0672
1.1937
5.4858
5.8101
2.3957
1.9853
4.4529
8.3066
10.6136
10.3573
9.8811
8.3747
9.0040
10.0682
11.3943
4.9047
0.9938
2.8576
1.0967
0.4346
0.9790
3.0222
5.4029
6.4826
6.8903
7.1422
6.7278
7.0944
6.8682
8.2732
7.7845
7.4433
7.4172
6.9593
5.6428
6.9915
8.7688
8.4004
8.1664
7.6296
7.4566
7.2322
7.0885
6.6657
6.4841
6.4022
6.3997
6.9772
7.9510
8.3584
8.2610
7.7603
7.4568
7.3410
7.3226
7.3734
7.5081
7.6523
7.7531
7.7413
7.7385
7.7058
7.4740
7.2254
6.9206
6.1700
5.7239
5.9544
6.0086
5.8513
5.8108
6.1566
6.5206
6.7370
7.0047
7.2019
7.2548
7.3058
7.3552
7.3954
7.3130
7.1341
7.0395
6.9846
6.9579
6.9705
7.0294
6.9945
6.8581
6.7714
6.6535
6.5332
6.3637
6.1244
5.9616
5.7012
5.3992
5.1484
4.9410
4.8239
4.9199
5.1594
5.1764
5.3527
5.0922
4.7772
4.1895
3.7509
3.0921
2.5697
1.9772
1.9282
2.2126
1.3654
0.7223
0.1081
0.8043
1.2372
1.6564
1.9423
2.4336
3.0246
3.4297
3.6446
3.7519
3.8678
4.1507
4.2284
4.2824
4.6159
5.3342
5.6627
5.6643
5.7627
5.3914
5.4682
