-0.3611
-0.3427
-0.3002
-0.2543
-0.2228
-0.2125
-0.2091
-0.2088
-0.2067
-0.2125
-0.2120
-0.2281
-0.2714
-0.3127
-0.3679
-0.4447
-0.5348
-0.6325
-0.7391
-0.8520
-0.9575
-0.9398
-0.8788
-0.8303
-0.8019
-0.7957
-0.7593
-0.7298
-0.7211
-0.7128
-0.7081
-0.6835
-0.6490
-0.5986
-0.5356
-0.4597
-0.4260
-0.2895
-0.1040
-0.7720
-0.8841
-0.5531
-0.3740
-0.1688
0.3228
0.7220
0.7934
1.0046
1.3314
1.6065
0.9315
0.9847
1.4974
1.4855
1.4614
2.2556
2.2681
2.4284
2.2695
2.1581
1.6034
1.1643
1.0249
1.2332
1.5603
1.6005
1.5696
1.3431
1.6544
1.8528
1.8507
1.8226
1.6941
1.5032
1.3252
1.2116
1.1699
1.1651
1.2035
1.2924
1.1713
0.9972
0.9476
0.8903
0.8771
0.8584
0.9766
1.1986
1.2639
1.3691
1.4137
1.3092
0.9950
0.7135
0.5662
0.4455
0.2283
0.0841
0.0014
0.0036
0.0631
0.0913
0.1029
0.1005
0.0023
-0.0176
-0.0603
-0.1429
-0.0088
-0.0761
-0.1460
-0.3015
-0.5422
-0.7550
-1.0734
-0.8448
-0.8854
-0.9404
-0.9157
-0.7460
-0.6703
-0.6468
-0.5350
-0.3766
-0.1663
0.1147
0.2962
0.2296
0.2061
0.2662
-0.0383
-0.0598
-0.0657
-0.3680
-0.6741
-0.4127
-0.2551
-0.3686
-0.6688
-0.6560
-0.3673
-0.5908
-0.6305
-0.7140
-0.8676
-1.0706
-0.9633
-0.9118
-0.9879
-1.0994
-1.0787
-1.1073
-1.1133
-1.1925
-1.2273
-1.2640
-1.3321
-1.3521
-1.3802
-1.4351
-1.5272
-1.5873
-1.6485
-1.6700
-1.6499
-1.6231
-1.7278
-1.7336
-1.7721
-1.8279
-1.8592
-1.8366
-1.8300
-1.8599
-1.8667
-1.9114
-1.9224
-1.9503
-1.9566
-1.9964
-2.0187
-2.0068
-1.9976
-1.9600
-1.9217
-1.8736
-1.8234
-1.7550
-1.6734
-1.6031
-1.5177
-1.4027
-1.3042
-1.2297
-1.1765
-1.1495
-1.1197
-1.1366
-1.1906
-1.2047
-1.1879
-1.1736
-1.1223
-1.0962
-1.0804
-1.0787
-1.0546
-1.0570
-1.0403
-1.0246
-0.9991
-1.0028
-0.9754
-0.8959
-0.7752
-0.4699
-0.0303
0.4343
0.8480
1.1855
1.5014
1.7935
2.1072
2.4434
2.7614
3.0553
3.3185
3.5656
3.7974
4.0598
4.2392
4.3660
4.6047
4.7987
5.4188
5.7745
5.8788
5.9607
5.2673
4.8826
3.8682
3.6423
3.3922
2.6392
2.5825
3.1500
4.2657
5.3829
6.5196
6.6814
6.6611
6.5598
6.3154
5.9322
3.6951
-0.5069
-0.2952
-0.3131
-0.8424
-0.4948
-0.3292
-0.0933
0.3280
0.3786
0.1458
-0.0404
-0.1025
0.2582
0.2592
0.0057
-0.7297
-0.6561
-0.4732
-0.4142
-0.5002
-0.8625
-2.4136
-3.4045
-3.7026
-3.7880
-3.8166
-3.8499
-3.8593
-3.8793
-3.9243
-3.9812
-4.0958
-4.2145
-4.3581
-4.5721
-4.6533
-4.6996
-4.8387
-4.9437
-4.9971
-5.0743
-5.1690
-5.2176
-5.2365
-5.2833
-5.3366
-5.3749
-5.4005
-5.3819
-5.2707
-5.2514
-5.1039
-4.8915
-4.5943
-4.2925
-3.9682
-3.6088
-3.1697
-2.8034
-2.4652
-2.1340
-1.8499
-1.5834
-1.2813
-0.9498
-0.6449
-0.3670
-0.1014
0.1809
0.4525
0.6904
0.8946
1.0775
1.2590
1.4492
1.6139
1.7220
1.7944
1.8996
2.0409
2.1484
2.1970
2.1803
2.1038
1.9764
1.7581
1.5799
1.4215
1.2900
1.1118
0.9637
0.8546
0.7386
0.6514
0.5648
0.4723
0.4730
0.5739
0.6510
0.6062
0.3928
0.0521
-0.1828
-0.3024
-0.4091
-0.4347
-0.5049
-0.5708
-0.6367
-0.6072
-0.5354
-0.6238
-0.8572
-0.9552
-1.1416
-1.4090
-1.6080
-1.6920
-1.7482
-1.6525
-1.3998
-1.3746
