-0.6166
-0.5983
-0.4750
-0.5708
-0.5517
-0.4883
-0.2924
-0.2889
-0.1578
-0.0979
-0.1521
-0.2426
-0.2379
-0.3595
-0.5411
-0.6692
-0.9053
-1.2170
-1.4185
-1.7165
-1.9387
-2.1621
-2.4031
-2.6110
-2.7723
-3.1283
-3.5589
-3.9395
-4.2142
-4.4198
-4.5430
-4.7074
-4.9865
-5.3172
-5.5714
-5.8878
-6.1406
-6.1795
-6.1750
-7.5673
-7.6990
-7.8659
-8.1028
-8.4760
-7.7875
-7.4272
-7.4064
-7.8424
-7.0434
-6.5983
-7.6156
-8.0681
-8.1323
-8.1565
-8.3032
-8.5283
-8.1365
-7.9638
-8.0159
-7.6537
-6.1708
-5.1029
-6.4191
-5.0393
-3.7147
-4.3853
-4.9333
-5.3335
-6.1480
-5.6878
-5.3521
-5.1494
-4.5499
-3.8341
-3.2802
-3.1354
-3.1054
-2.9606
-2.5885
-2.0669
-1.8611
-1.4029
-1.7129
-1.6858
-0.9912
-0.3633
0.1516
-0.1032
-0.2127
-0.3583
-0.4868
-0.6790
-0.9667
-1.3171
-1.5442
-1.6457
-1.9125
-2.2363
-2.3954
-2.4735
-2.8261
-3.2493
-3.5800
-4.1099
-4.3565
-4.5201
-4.6924
-4.7895
-4.6784
-4.3372
-4.4130
-4.6484
-4.7775
-4.4773
-4.7988
-3.7153
-3.7246
-3.5622
-3.2906
-3.1495
-3.1544
-3.2583
-3.5413
-3.3863
-2.9825
-2.4927
-2.4686
-2.9401
-2.6823
-2.7145
-3.4009
-3.2600
-3.5041
-4.3100
-4.2426
-5.3442
-5.4992
-6.1090
-6.5142
-7.4357
-7.5566
-7.0065
-7.1480
-7.4058
-7.1537
-6.3069
-5.4798
-4.9752
-6.0379
-5.9832
-6.3883
-5.7437
-5.8361
-6.2060
-6.6730
-6.7861
-6.3613
-6.4951
-7.2880
-7.8379
-6.8370
-6.9992
-6.6910
-6.4081
-6.8264
-7.5552
-6.5228
-7.2768
-7.3369
-6.7613
-6.5108
-6.6872
-6.5624
-6.4237
-6.6153
-6.5236
-6.6672
-6.6124
-6.9203
-6.8420
-6.7687
-7.2286
-7.3705
-7.4514
-7.2081
-7.1099
-7.0991
-7.3473
-7.3076
-6.9795
-6.5896
-6.3076
-5.9882
-5.7388
-5.4987
-5.2011
-4.9148
-4.6921
-4.5243
-4.3350
-4.2965
-4.2538
-4.1417
-3.7961
-3.6135
-3.5432
-3.5212
-3.4092
-3.1796
-3.0518
-2.8620
-2.4403
-2.0746
-1.7811
-1.4578
-1.0768
-0.5676
-0.1356
-0.2206
-0.2110
-0.0440
-0.0153
0.1220
0.1828
0.4611
0.7455
1.1877
1.4006
1.8085
2.0043
1.3482
0.4255
0.9311
-0.0291
4.1472
7.3941
6.3610
7.4347
5.8855
2.5295
-0.1256
0.3846
-0.3594
-3.8067
-4.3382
-0.4992
0.3406
1.6127
4.2069
5.0250
5.2740
6.3427
5.1498
7.3144
9.9904
4.6622
1.9160
-0.6997
-2.2528
-0.4915
0.1208
0.9156
2.1809
2.5957
1.8256
2.2935
2.6819
4.3606
4.9614
2.7855
-1.4910
0.5619
2.3825
3.0213
3.6384
4.1943
4.7112
4.4266
4.5033
4.2873
4.6022
4.7477
4.7549
5.0594
4.7101
5.0407
5.3800
5.5128
6.0642
7.0195
7.0653
6.9309
6.6975
6.4992
6.4460
6.5515
6.6641
6.8163
6.9800
7.1568
7.1999
7.2666
7.2932
7.1259
6.8821
6.6089
5.9057
5.5052
5.7104
5.7687
5.6452
5.6205
5.8892
6.2123
6.4383
6.7215
6.9800
7.0802
7.1492
7.1366
7.0744
6.9669
6.8188
6.7373
6.6732
6.6193
6.5712
6.5359
6.4736
6.3734
6.2973
6.1024
5.8382
5.5483
5.1979
4.9451
4.6130
4.1727
3.6518
2.9801
2.0606
1.5286
1.0374
0.7688
0.3757
0.2282
0.0497
0.0970
0.0438
-0.0163
-0.1094
-0.2745
-0.1522
0.0671
0.2481
0.1918
-0.0988
-0.4337
-0.6062
-0.5726
-0.4223
-0.3645
-0.2180
0.1921
0.6154
1.0147
1.3695
1.6403
1.8160
1.7946
1.6196
1.4824
1.6476
1.8360
2.0507
2.5092
2.5237
