2.3538
2.1600
2.2190
2.3629
2.4281
2.3887
2.3278
2.2131
2.0716
1.8149
1.5610
1.3384
1.1898
0.9766
0.8293
0.7181
0.4960
0.2237
0.0954
-0.0115
-0.1433
-0.2815
-0.2993
-0.2711
-0.3135
-0.3544
-0.2039
0.0630
0.1336
0.0692
-0.1469
-0.3428
-0.4391
-0.3756
-0.5203
-0.9189
-1.0370
-1.4946
-1.2086
0.5416
1.8178
2.0224
2.3841
2.2873
2.0018
1.4930
1.1548
2.1560
2.0153
1.2003
0.8914
2.2848
2.3687
2.2620
3.0962
3.3597
2.7480
3.0559
3.2705
4.4758
4.8631
4.0016
4.3252
3.8344
3.8460
4.3840
4.1949
3.3064
4.1218
3.6086
3.2372
4.3858
4.0352
4.3008
4.0842
3.8883
4.0153
4.1213
4.2283
4.2476
4.5106
4.7647
4.5560
4.2236
3.8376
3.7563
3.8322
3.5851
3.5441
3.3738
3.0692
2.5333
2.0838
1.6394
1.2428
0.8479
0.4235
0.1101
0.1055
0.1398
-0.0378
-0.1050
-0.1570
0.1802
0.7283
1.1649
0.8890
0.4147
0.9040
0.4274
-0.0822
-0.1883
-0.6081
-0.2181
-0.8982
1.3387
1.0391
0.9091
1.0129
1.0119
0.1762
-0.0996
-0.4234
-0.4353
-0.4484
-0.0651
-1.0981
-1.9417
-1.9190
-2.2875
-2.9252
-3.1829
-3.8377
-4.5162
-5.2634
-5.7008
-5.6545
-4.3812
-4.0891
-5.1492
-4.4052
-1.9120
-2.7551
-1.5755
-1.4909
1.6056
0.8513
0.4600
-0.1083
-0.7557
-1.1417
-2.0395
-2.8233
-2.6487
-2.1002
-1.8677
-1.7422
-1.9546
-2.4484
-2.9030
-2.5369
-1.6992
-1.1546
-1.3307
-2.1394
-2.6452
-1.5760
-1.7501
-1.4819
-1.3059
-1.4476
-1.8904
-1.6190
-1.5208
-2.3520
-1.8083
-1.5819
-1.5208
-2.1954
-2.5566
-2.6372
-2.1086
-1.7755
-1.5392
-1.2743
-1.0176
-1.0293
-0.8686
-0.8824
-0.9108
-0.8876
-0.6911
-0.4255
-0.2301
-0.0064
0.0978
0.2408
0.4963
0.8946
1.1427
1.3865
1.5300
1.7333
1.9008
2.1248
2.2979
2.5304
2.7018
2.8018
2.8223
2.8932
2.6281
2.4109
2.2681
2.2328
2.1874
2.1400
2.1692
2.2994
2.4281
2.5639
2.7586
2.9608
2.9836
2.9320
3.0241
3.1211
3.0563
2.9034
3.0094
3.4260
3.5706
3.9975
5.7591
8.2413
5.3401
5.2673
4.8638
0.4778
-1.1612
0.0533
-0.9955
1.1383
3.9500
3.8648
2.3431
1.9559
4.1505
7.1625
9.3487
8.9139
7.5767
6.6042
5.2509
-1.2493
-10.3969
-4.5150
-0.7058
-1.7580
-0.9804
-0.4175
0.3465
2.0922
4.7385
6.2203
6.4974
6.6195
5.1233
5.0709
6.2780
8.1377
7.7642
7.0517
6.7740
5.9324
3.7747
-5.1659
-7.5695
-7.0913
-6.9505
-6.0853
-5.7498
-5.4494
-4.9648
-4.7166
-4.0785
-3.4704
-3.2505
-3.4506
-3.7342
-4.4658
-4.4951
-3.9199
-3.6558
-3.5127
-3.2709
-3.1554
-3.1479
-3.1364
-2.9816
-2.8442
-2.6611
-2.4876
-2.2543
-2.2008
-2.0536
-1.7865
-1.5671
-1.6871
-1.6809
-1.5394
-1.4747
-1.7947
-1.9814
-1.9839
-1.9718
-1.7739
-1.5823
-1.5044
-1.7796
-2.1550
-2.2231
-2.0975
-2.0405
-2.0625
-2.1439
-2.3252
-2.5874
-2.6488
-2.5325
-2.4892
-2.6513
-2.9322
-3.1166
-3.2389
-3.3295
-3.3503
-3.4264
-3.6290
-3.9411
-4.3616
-4.6764
-5.0540
-5.1190
-5.3395
-5.0871
-4.7769
-4.1884
-3.7506
-3.0921
-2.5673
-1.9580
-1.9221
-2.2116
-1.3426
-0.6964
0.0439
0.6774
1.0785
1.5543
1.8959
2.4061
3.0167
3.4244
3.5923
3.6121
3.6173
3.8128
3.8186
3.8882
4.3225
5.1241
5.4177
5.3585
5.3855
4.7719
4.8510
