0.0000
-0.0016
-0.0035
-0.0026
-0.0022
-0.0004
-0.0003
0.0000
0.0016
0.0000
0.0007
0.0015
0.0025
0.0009
0.0029
0.0036
0.0044
0.0045
0.0064
0.0087
0.0084
0.0078
0.0076
0.0052
0.0046
0.0016
-0.0032
-0.0007
0.0020
0.0029
-0.0008
-0.0039
-0.0073
-0.0071
-0.0065
-0.0057
-0.0006
-0.0063
0.0125
0.0434
0.0055
-0.0033
-0.0139
-0.0023
0.0067
-0.0128
0.0066
-0.0278
-0.0265
0.0161
0.0241
0.0087
-0.0025
0.0245
0.0091
-0.0102
0.0153
-0.0260
0.0231
0.0291
0.0403
-0.0363
-0.0026
0.0119
0.0027
0.0222
0.0242
0.0230
0.0060
-0.0003
0.0095
0.0116
0.0174
0.0096
0.0168
0.0156
0.0021
-0.0042
-0.0047
-0.0046
0.0053
0.0024
0.0126
0.0132
0.0101
0.0019
-0.0133
-0.0037
-0.0040
-0.0053
0.0013
0.0117
0.0181
0.0131
0.0075
0.0110
0.0118
0.0066
0.0010
-0.0030
-0.0043
-0.0022
-0.0010
0.0020
0.0090
-0.0011
0.0061
0.0036
-0.0028
0.0048
0.0104
0.0102
0.0286
0.0280
0.0180
-0.0029
0.0153
0.0177
-0.0015
0.0054
0.0098
-0.0088
-0.0090
-0.0041
-0.0085
-0.0012
-0.0010
-0.0126
-0.0183
-0.0044
-0.0046
-0.0144
-0.0155
0.0003
-0.0269
-0.0125
0.0059
0.0281
-0.0067
-0.0074
0.0331
0.0190
-0.0131
0.0223
0.0228
0.0350
0.0047
-0.0078
-0.0081
-0.0133
-0.0055
0.0008
0.0234
0.0180
0.0065
0.0045
0.0146
-0.0019
0.0076
0.0221
0.0036
0.0140
0.0145
0.0025
-0.0024
0.0068
0.0137
0.0015
0.0313
0.0246
0.0160
0.0149
0.0182
0.0082
0.0137
0.0075
0.0243
0.0196
0.0150
0.0159
0.0095
0.0052
0.0086
0.0055
0.0143
0.0088
0.0033
0.0052
0.0061
0.0150
0.0037
0.0051
0.0035
0.0038
0.0060
0.0048
0.0032
0.0090
0.0094
0.0024
0.0024
0.0002
0.0033
0.0046
0.0042
0.0048
0.0027
0.0041
0.0003
0.0021
0.0061
0.0053
0.0042
0.0029
0.0038
0.0029
0.0151
0.0211
0.0390
0.0537
0.0595
0.0714
0.0796
0.0903
0.1107
0.1303
0.1443
0.1495
0.1603
0.1694
0.1789
0.1820
0.1601
0.1673
0.1264
0.0782
0.0496
0.0799
0.1911
0.2323
0.2823
0.1873
0.2045
0.1750
0.0576
-0.0228
0.0437
0.1921
0.1000
-0.0199
0.0078
-0.0328
0.0559
0.1278
0.4020
-0.0698
-0.0365
0.0173
-0.0107
-0.0180
-0.0025
-0.0114
-0.0203
-0.0003
-0.0019
0.0053
-0.0039
-0.0060
0.0030
0.0411
0.0224
-0.0084
-0.0069
-0.0013
0.0186
0.0823
0.0559
-0.0135
-0.0028
-0.0015
0.0113
-0.0412
-0.0171
0.0013
-0.0068
-0.0101
-0.0009
-0.0052
-0.0008
-0.0021
-0.0069
-0.0119
-0.0153
-0.0116
-0.0100
-0.0088
-0.0072
-0.0067
-0.0073
-0.0092
-0.0116
-0.0114
-0.0112
-0.0135
-0.0157
-0.0151
-0.0139
-0.0113
-0.0073
-0.0088
-0.0082
-0.0060
-0.0018
-0.0027
-0.0006
0.0007
0.0004
0.0009
0.0007
0.0016
0.0024
0.0038
0.0046
0.0055
0.0045
0.0041
0.0025
-0.0004
-0.0004
0.0060
0.0172
0.0193
0.0071
0.0012
0.0262
0.0558
0.0861
0.1212
0.1526
0.1709
0.1764
0.1608
0.1348
0.1074
0.0825
0.0619
0.0456
0.0315
0.0235
0.0165
0.0043
-0.0049
-0.0097
-0.0040
0.0059
0.0165
0.0150
0.0063
0.0068
0.0064
0.0089
0.0105
0.0109
0.0109
0.0087
0.0118
0.0150
0.0118
0.0046
0.0036
0.0043
-0.0002
-0.0032
-0.0043
-0.0079
-0.0071
-0.0039
