6.8430
6.5880
6.6340
6.5440
6.3950
6.2960
6.4000
6.4780
6.6000
6.7400
6.8130
6.8720
6.8700
6.9000
7.0120
7.1100
7.0240
6.8440
6.7250
6.3560
5.8960
5.7810
5.8800
5.9370
5.8960
5.9240
5.8980
5.8410
5.7670
5.8070
5.7980
5.7400
5.7590
5.8200
5.9190
5.8040
5.7640
5.7290
6.1220
6.4230
7.3600
4.9750
3.8840
2.6200
2.7620
3.1520
2.5580
2.7040
4.1680
4.4400
5.1720
5.6730
6.8220
8.1120
8.1910
7.8720
7.7850
8.2560
7.8960
7.7190
7.6290
7.5520
7.8720
8.2290
8.4730
8.9300
10.2560
10.5040
10.6840
10.5210
9.2140
10.0080
8.2870
5.7950
4.6330
4.9320
6.0230
5.6170
5.2630
4.4360
3.9880
3.6810
3.8650
4.0940
5.1710
6.0050
6.4820
7.3100
7.8210
8.0060
8.5560
8.7770
8.5580
8.4400
8.8300
9.0550
9.3980
9.8380
10.1740
10.2890
10.2260
10.0920
10.0280
9.9150
9.6340
9.3160
9.0620
8.8900
8.6860
8.5920
8.6520
8.7670
8.9560
9.1590
9.2810
9.0750
8.7720
8.8270
8.7360
8.6260
8.5310
8.3500
8.2170
8.1510
8.0890
7.9750
7.8780
7.8590
7.9030
7.9910
8.0820
8.2250
8.4330
8.6720
8.8730
8.9870
9.0830
9.1620
9.1990
9.2080
9.2250
9.2690
9.3270
9.3740
9.3270
9.2250
9.1020
8.9490
8.8230
8.7460
8.5050
8.0250
7.6350
7.3540
7.2060
7.1000
7.0930
7.0480
6.3450
6.1600
6.0430
5.8870
5.6180
5.3860
5.1140
4.6070
4.3200
4.3680
4.4240
4.5540
4.6840
4.9610
5.5900
5.8840
5.8460
5.7500
5.7620
5.6220
5.4720
5.4950
5.6630
5.9880
6.0570
5.8680
5.6730
5.4770
5.3460
5.3920
5.5940
5.8800
6.0860
6.2540
6.2790
6.2420
6.0490
5.6790
5.4440
5.3290
5.1310
4.8320
4.6770
4.5110
4.3840
4.3040
4.2270
4.1280
4.0200
3.8930
3.7610
3.6500
3.5880
3.5970
3.6690
3.7560
3.8580
3.9550
3.7450
3.3860
3.2280
3.3590
3.5760
3.6310
3.6890
3.6900
3.6580
3.6550
3.6620
3.6640
3.6540
3.6060
3.5630
3.5270
3.4990
3.4780
3.4700
3.4570
3.4190
3.3860
3.4440
3.6450
3.8750
4.1180
4.3270
4.2920
4.2330
4.3010
4.4730
4.6030
4.6110
4.7780
5.0840
5.5270
5.7700
5.9650
6.0250
6.0960
6.2120
6.5130
6.8590
7.1800
7.4060
7.5710
7.6100
7.6530
7.7120
7.7670
7.8230
7.8960
7.9480
7.9420
7.8850
7.8860
7.8950
7.9130
7.9270
7.9330
7.9540
8.0530
8.1510
8.2310
8.2660
8.1590
8.0620
8.0260
8.0360
7.9920
7.9680
8.0140
8.0820
8.0340
7.8570
7.7310
7.6820
7.6100
7.4740
7.4180
7.4810
7.5690
7.6700
7.7450
7.7790
7.8990
8.0550
8.1230
7.7160
7.6580
7.8640
8.0770
7.6240
7.1520
7.0240
7.0110
6.9620
6.9950
7.0460
7.0090
6.9900
6.8500
6.8120
6.6270
6.8040
6.6590
6.2390
6.1370
6.2380
6.6710
6.2920
5.2450
5.1760
5.3140
3.3720
7.3250
3.1420
1.6860
2.1730
3.1230
4.7320
4.9020
4.6710
4.9330
5.1980
5.0800
5.1770
7.7770
7.9250
7.8620
8.8310
8.1610
7.9430
8.2680
7.9770
7.8420
7.1800
6.3450
5.8750
6.1050
6.1890
6.0170
5.8880
5.8380
6.1230
6.5840
6.5820
6.2520
6.2070
6.4330
6.4230
6.0270
5.6580
5.8520
6.2040
6.0990
5.9460
5.6840
5.2350
5.1900
5.7730
