707.7400
663.6500
722.0900
743.7300
758.8600
782.7000
756.9500
731.5700
725.7100
742.6400
735.1300
738.5700
741.1500
739.3000
733.5000
772.0600
777.7700
787.8200
784.0300
776.3500
758.1900
769.1100
780.2200
779.3400
778.2800
769.0900
761.7900
753.9000
742.9200
735.6100
732.3100
721.1500
714.0800
696.4600
698.4200
676.7300
657.4400
650.9700
638.8300
581.6000
577.3500
573.1400
570.8400
532.4100
525.8000
489.3900
432.8000
374.2100
306.0700
296.6100
268.5300
228.8500
210.4300
157.1200
130.3000
106.9900
58.9260
96.6550
81.9470
86.5040
42.2690
-25.9610
-31.0210
-32.3630
-65.9240
-116.5600
-126.3100
-149.0400
-185.7400
-195.2700
-245.5900
-100.7600
-131.4000
-165.8900
-124.8900
-197.5300
-261.0500
-240.8400
-261.0000
-294.3700
-343.7800
-338.0900
-329.5500
-334.8700
-315.5000
-269.2700
-242.9600
-257.8800
-266.0700
-258.6200
-225.8500
-192.0900
-165.8400
-159.1100
-163.8700
-151.6500
-116.7400
-73.7450
-26.6590
36.1060
78.2060
118.8900
160.9700
206.0400
248.8400
285.2400
324.3200
356.1000
385.6600
413.7800
447.0200
497.5800
543.6500
577.7500
602.8700
629.2400
659.4800
696.4600
729.9800
754.5000
771.4700
789.9200
814.3000
833.3000
849.2900
868.3800
880.4400
889.5600
896.8100
905.9800
907.7500
908.7600
910.7800
908.2500
908.4900
898.3500
888.5300
884.8600
886.4100
890.1400
890.9400
886.1200
880.4900
873.0500
868.6200
863.8100
858.4800
861.3300
864.2700
862.5100
860.2200
860.8900
865.2900
867.0300
873.0500
878.8900
883.9200
893.9200
902.0500
925.6600
945.7600
961.9300
977.0700
984.1100
997.4200
1012.4000
1028.4000
1044.9000
1056.6000
1069.4000
1087.1000
1103.6000
1124.1000
1145.0000
1165.1000
1185.0000
1198.9000
1217.5000
1235.9000
1251.7000
1268.1000
1278.6000
1291.4000
1265.0000
1238.7000
1234.6000
1236.8000
1251.5000
1249.6000
1234.1000
1208.9000
1195.1000
1196.4000
1197.4000
1196.9000
1216.4000
1220.5000
1216.5000
1212.4000
1207.6000
1209.3000
1209.2000
1210.3000
1208.8000
1201.8000
1202.9000
1201.4000
1226.9000
1259.9000
1267.5000
1274.2000
1269.4000
1275.1000
1285.5000
1307.6000
1324.4000
1331.3000
1336.4000
1345.4000
1328.3000
1328.5000
1334.4000
1336.8000
1342.9000
1340.4000
1335.8000
1330.3000
1327.4000
1327.4000
1323.4000
1320.4000
1289.8000
1259.0000
1242.1000
1231.3000
1228.8000
1214.7000
1194.9000
1168.0000
1146.3000
1139.8000
1133.5000
1125.5000
1122.4000
1107.2000
1091.3000
1078.0000
1067.6000
1058.7000
1043.9000
1030.5000
1017.7000
1008.4000
1000.3000
991.8700
1007.4000
1024.1000
1026.2000
1029.6000
1027.7000
1035.4000
1048.4000
1067.6000
1084.0000
1089.9000
1097.8000
1107.2000
1091.9000
1085.8000
1086.6000
1088.8000
1097.8000
1096.2000
1096.3000
1089.9000
1086.6000
1088.6000
1086.3000
1090.6000
1062.5000
1031.8000
1022.7000
1018.8000
1026.0000
1018.6000
999.1500
969.6300
946.0100
940.4000
939.2800
934.7000
954.5900
956.3400
952.6400
951.6600
950.0100
954.7600
967.1400
978.4100
979.1500
971.0900
968.3400
961.5000
980.2900
1006.8000
999.9000
990.7500
980.7200
981.8200
990.8100
997.4500
996.5900
990.6700
983.5900
981.0400
961.1700
952.5400
943.2000
939.0800
911.2200
922.5900
932.2800
923.3100
927.8800
919.0400
929.8500
970.0500
950.6000
924.1800
910.4100
825.2300
912.2400
820.4200
758.2500
690.3800
655.0400
641.1600
621.7600
618.7000
601.5600
535.2300
565.4600
577.9700
577.1200
489.8700
461.8400
504.5300
458.6000
457.9100
451.7900
443.4000
448.5200
521.0700
516.7900
545.2700
532.1100
531.5000
538.6200
564.6000
567.9400
552.0600
551.7200
564.6000
528.3200
521.2500
529.7600
522.7000
524.7200
545.1600
530.3700
539.6500
547.5600
562.9800
586.4800
596.9300
565.2100
525.0700
