10.0585
9.6543
9.7265
9.5835
9.3477
9.1908
9.3550
9.4783
9.6721
9.8953
10.0104
10.1046
10.1003
10.1480
10.3258
10.4816
10.3453
10.0598
9.8704
9.2852
8.5558
8.3734
8.5304
8.6205
8.5554
8.5996
8.5589
8.4684
8.3501
8.4149
8.4001
8.3081
8.3379
8.4356
8.5914
8.4089
8.3453
8.2913
8.9148
9.3910
10.8786
7.0938
5.3622
3.3577
3.5822
4.2015
3.2586
3.4897
5.8135
6.2457
7.4060
8.2019
10.0254
12.0713
12.1969
11.6916
11.5535
12.3009
11.7295
11.4487
11.3049
11.1840
11.6912
12.2577
12.6440
13.3693
15.4746
15.8670
16.1528
15.8950
13.8207
15.0803
12.3490
8.3956
6.5515
7.0263
8.7570
8.1122
7.5517
6.2394
5.5281
5.0407
5.3327
5.6961
7.4059
8.7284
9.4847
10.7987
11.6103
11.9036
12.7762
13.1275
12.7794
12.5918
13.2109
13.5680
14.1118
14.8107
15.3442
15.5260
15.4263
15.2133
15.1116
14.9328
14.4873
13.9828
13.5792
13.3067
12.9827
12.8343
12.9290
13.1116
13.4111
13.7330
13.9268
13.6002
13.1187
13.2061
13.0620
12.8870
12.7367
12.4499
12.2378
12.1342
12.0351
11.8540
11.7011
11.6712
11.7407
11.8806
12.0239
12.2518
12.5807
12.9603
13.2800
13.4610
13.6123
13.7384
13.7969
13.8118
13.8379
13.9083
14.0003
14.0741
14.0001
13.8372
13.6432
13.4007
13.2000
13.0781
12.6956
11.9339
11.3153
10.8684
10.6342
10.4658
10.4549
10.3835
9.2673
8.9746
8.7881
8.5407
8.1149
7.7461
7.3143
6.5102
6.0545
6.1311
6.2201
6.4256
6.6319
7.0711
8.0692
8.5362
8.4766
8.3241
8.3422
8.1205
7.8820
7.9186
8.1861
8.7013
8.8113
8.5107
8.2022
7.8911
7.6822
7.7558
8.0756
8.5299
8.8564
9.1237
9.1633
9.1043
8.7977
8.2119
7.8385
7.6557
7.3423
6.8673
6.6220
6.3576
6.1567
6.0292
5.9069
5.7505
5.5790
5.3779
5.1677
4.9922
4.8931
4.9076
5.0218
5.1597
5.3221
5.4758
5.1420
4.5734
4.3219
4.5301
4.8738
4.9607
5.0527
5.0548
5.0043
4.9997
5.0111
5.0144
4.9980
4.9214
4.8529
4.7969
4.7516
4.7187
4.7063
4.6856
4.6243
4.5727
4.6648
4.9832
5.3483
5.7341
6.0659
6.0100
5.9159
6.0251
6.2973
6.5039
6.5171
6.7814
7.2678
7.9706
8.3554
8.6658
8.7600
8.8731
9.0577
9.5353
10.0843
10.5924
10.9511
11.2142
11.2747
11.3443
11.4370
11.5250
11.6127
11.7292
11.8111
11.8014
11.7114
11.7126
11.7271
11.7562
11.7786
11.7885
11.8209
11.9782
12.1336
12.2600
12.3162
12.1466
11.9923
11.9355
11.9514
11.8812
11.8436
11.9159
12.0242
11.9478
11.6671
11.4680
11.3897
11.2757
11.0592
10.9711
11.0714
11.2105
11.3710
11.4896
11.5432
11.7339
11.9815
12.0890
11.4428
11.3515
11.6781
12.0164
11.2976
10.5486
10.3456
10.3253
10.2466
10.2987
10.3802
10.3210
10.2918
10.0687
10.0095
9.7155
9.9956
9.7658
9.0996
8.9372
9.0979
9.7851
9.1843
7.5219
7.4130
7.6315
4.5498
10.8225
4.1855
1.8758
2.6475
4.1553
6.7081
6.9784
6.6120
7.0280
7.4479
7.2610
7.4142
11.5406
11.7750
11.6748
13.2124
12.1500
11.8031
12.3189
11.8583
11.6431
10.5925
9.2680
8.5224
8.8870
9.0211
8.7474
8.5425
8.4630
8.9165
9.6466
9.6437
9.1203
9.0489
9.4077
9.3918
8.7642
8.1775
8.4855
9.0448
8.8777
8.6353
8.2196
7.5063
7.4352
8.3600
