-7.5443
-7.6263
-7.7050
-7.8209
-7.9462
-8.0488
-8.1116
-8.1127
-8.0951
-8.1044
-8.1802
-8.3390
-8.5140
-8.6748
-8.8047
-8.8932
-8.8962
-8.7470
-8.5483
-8.4184
-8.1445
-7.8201
-7.4796
-7.1753
-6.7725
-6.3722
-5.9825
-5.5985
-5.2216
-4.8935
-4.5534
-4.1827
-3.7649
-3.3106
-2.8917
-2.5356
-2.2162
-1.8450
-1.5794
-1.4603
-3.0299
-3.3126
-2.2002
-1.1817
-0.8261
-0.8520
-1.0739
-1.5226
-1.9113
-2.0949
-1.8171
-1.0846
0.0687
-0.3168
-1.1693
-1.6552
-1.9008
-1.9154
-2.1278
-2.2724
-2.5446
-2.9365
-3.3634
-3.7121
-4.0124
-4.5873
-4.5231
-4.4324
-4.4597
-4.2706
-4.3754
-4.8009
-5.1509
-5.1796
-5.0644
-4.8457
-5.3664
-5.6228
-4.9631
-4.1410
-3.9128
-4.2310
-4.6341
-4.5879
-4.2589
-4.7887
-5.2724
-5.3704
-5.3867
-5.4641
-5.5464
-5.6893
-5.8317
-6.0211
-6.2047
-6.4754
-6.7872
-7.1760
-7.4850
-7.9980
-8.5876
-9.1588
-9.6625
-10.1113
-10.5582
-10.9869
-11.3795
-11.7180
-12.0159
-12.2898
-12.5231
-12.7097
-12.8459
-12.8693
-12.8276
-12.8418
-12.7758
-12.6757
-12.5503
-12.3708
-12.1474
-11.8927
-11.5913
-11.2527
-10.9183
-10.5960
-10.2537
-9.8968
-9.5376
-9.1954
-8.8768
-8.5663
-8.2537
-7.9593
-7.7031
-7.4843
-7.2835
-7.1005
-6.9339
-6.7794
-6.6279
-6.4845
-6.3508
-6.2253
-6.1031
-5.9898
-5.8964
-5.8209
-5.7649
-5.7375
-5.7455
-5.7847
-5.8281
-5.8600
-5.8875
-5.9191
-5.9428
-5.9741
-6.1721
-6.2744
-6.3298
-6.3612
-6.3871
-6.3439
-6.3109
-6.4192
-6.4015
-6.2488
-6.1178
-6.0647
-6.2179
-6.3990
-6.4689
-6.3594
-6.4942
-6.8044
-6.7418
-6.7992
-6.8456
-6.8448
-7.0008
-6.9614
-6.8852
-6.8374
-6.8331
-6.9374
-7.2867
-7.7457
-8.0223
-8.0761
-8.1336
-8.2027
-8.1785
-7.9719
-7.6964
-7.7457
-7.7545
-7.7033
-7.7650
-7.8761
-7.9115
-7.9245
-7.9203
-7.8424
-7.7272
-7.6557
-7.6540
-7.7344
-7.9107
-8.1519
-8.3805
-8.4573
-8.3499
-8.2336
-8.2364
-8.3858
-8.8200
-8.7787
-8.3099
-7.7062
-7.1880
-6.7134
-6.2281
-5.8468
-5.4469
-5.0875
-4.7875
-4.5194
-4.2548
-3.9612
-3.6925
-3.4489
-3.2114
-2.9716
-2.7397
-2.5336
-2.3635
-2.2331
-2.1484
-2.0878
-2.0217
-1.9604
-1.9085
-1.8553
-1.8003
-1.7867
-1.8128
-1.8736
-1.9838
-2.1845
-2.5681
-3.0175
-3.3997
-3.6912
-3.9914
-4.3359
-4.8200
-5.1595
-5.5558
-6.0237
-6.4025
-6.7240
-7.1068
-7.4296
-7.6561
-7.9006
-8.1485
-8.3974
-8.5397
-8.6149
-8.6756
-8.7274
-8.7621
-8.7904
-8.8051
-8.8279
-8.8754
-8.8650
-8.8537
-8.8473
-8.8395
-8.8542
-8.8519
-8.8222
-8.7775
-8.7716
-8.7713
-8.7324
-8.6452
-8.5906
-8.6459
-8.6777
-8.6408
-8.5961
-8.5894
-8.6176
-8.5467
-8.3852
-8.2575
-8.2524
-8.2896
-8.3046
-8.2633
-8.0944
-8.2580
-7.8865
-7.3517
-7.0912
-6.9603
-6.8080
-6.6172
-6.3510
-5.9556
-5.5999
-5.2236
-4.8489
-4.4816
-4.1470
-3.7617
-3.3553
-3.1010
-2.8094
-2.6353
-2.2197
-1.9707
-2.0013
-2.3271
-2.6526
-2.6442
-2.8446
-2.9032
-4.2569
-3.9566
-3.1479
-2.6922
-2.9433
-4.0502
-3.9780
-3.5613
-3.8551
-3.6091
-3.2199
-2.9439
-3.2586
-3.2882
-2.9536
-2.7279
-3.1476
-3.2176
-3.5804
-3.9160
-4.2007
-4.2823
-4.7589
-5.1164
-5.1729
-5.0911
-5.0669
-5.3970
-5.5817
-5.7188
-5.6579
-5.6337
-5.5924
-5.7568
-6.0387
-6.0817
-5.9533
-5.9952
-6.0576
-6.2085
-6.2103
-6.1690
-6.2225
-6.2561
-6.0507
-5.7962
