-2.0005
-1.8899
-1.7349
-1.5363
-1.6522
-1.7617
-2.0481
-2.1411
-2.2713
-2.4755
-2.6438
-2.9530
-3.1233
-3.0526
-2.9268
-2.7291
-2.3070
-1.8547
-1.4063
-1.0120
-0.5609
-0.2995
-0.0265
0.0139
0.0634
0.4564
0.5821
0.7116
0.6527
0.5268
0.5997
0.5677
0.7580
1.3013
1.8738
1.6706
1.5658
1.7006
2.1098
2.0861
2.2872
2.2941
2.2778
1.5777
1.3801
1.3427
-0.0599
-2.8221
-5.4636
-5.6669
-5.7485
-4.7083
-4.2183
-4.8331
-5.6427
-6.5523
-6.0588
-4.6694
-5.8496
-5.2174
-5.8537
-6.6839
-6.2001
-6.5830
-7.0606
-7.5978
-6.0728
-5.8080
-6.1912
-5.4542
-5.5459
-1.5971
-3.7498
-3.7918
-3.1708
-3.7022
-4.1100
-1.8908
-0.6848
-0.8633
-1.2151
-0.4305
0.8220
2.3386
5.1984
7.7397
8.7051
9.8187
10.6466
11.2777
12.3677
12.7938
12.5153
12.2983
12.9227
13.3872
14.1109
14.7024
15.0489
14.9468
14.5954
14.3503
14.2231
14.0317
13.6489
13.2497
12.9322
12.7329
12.4648
12.3491
12.3941
12.5120
12.7447
12.9663
13.0519
12.6569
12.2322
12.2916
12.1322
12.0044
11.8844
11.6272
11.4243
11.2925
11.1772
11.0074
10.8582
10.7764
10.7930
10.9042
11.0918
11.3439
11.6693
12.0386
12.3457
12.5378
12.7232
12.8830
12.9720
13.0122
13.0621
13.1456
13.2589
13.3412
13.2857
13.1396
12.9552
12.7308
12.5509
12.4684
12.1690
11.4724
10.8835
10.4552
10.2081
9.9964
9.9306
9.8347
8.7580
8.5046
8.3740
8.2206
7.9027
7.6236
7.2882
6.4952
5.9817
6.0639
6.1685
6.3965
6.6173
7.0548
8.0469
8.5020
8.4022
8.2122
8.2452
8.0029
7.7816
7.8387
8.0014
8.4328
8.5966
8.2889
7.9917
7.6990
7.4539
7.4336
7.6320
8.1720
8.6587
9.0259
9.1110
9.0768
8.7870
8.2088
7.8379
7.6555
7.3423
6.8627
6.6189
6.3539
6.1498
6.0200
5.8946
5.7327
5.5437
5.3023
5.0262
4.7364
4.4583
4.2613
4.1844
4.1097
3.9547
3.7315
3.1875
2.5540
2.2507
2.2001
2.2344
2.1911
2.1890
2.1003
1.9756
1.8715
1.7756
1.6724
1.5542
1.3992
1.2114
1.0088
0.7494
0.4794
0.2983
0.2165
0.1669
0.0738
-0.1923
-0.5344
-0.9277
-1.3928
-1.5354
-1.4503
-1.5050
-1.6754
-1.9296
-2.1598
-2.3768
-2.7090
-3.2218
-3.8143
-4.2495
-4.6033
-4.6517
-4.8218
-4.9509
-4.9446
-5.1151
-5.0201
-5.0130
-4.8294
-4.4415
-4.1113
-3.8794
-3.7169
-3.5942
-3.4325
-3.2063
-3.0031
-2.8203
-2.6408
-2.4847
-2.3149
-2.1975
-2.1439
-2.1080
-2.0855
-2.0220
-1.8030
-1.5525
-1.3714
-1.2340
-1.1667
-1.1812
-1.2459
-1.2576
-1.2632
-1.2121
-1.2058
-1.2153
-1.1548
-1.1346
-1.1178
-1.0167
-0.8398
-0.5920
-0.1553
-0.2106
-0.3566
-0.6724
-1.2058
-1.4603
-1.7978
-1.6054
-1.2692
-0.7396
-0.8933
-0.9915
-1.0817
-1.2317
-1.3179
-1.2920
-1.2822
-1.0159
-0.5613
-0.0350
0.0153
0.5373
0.4301
1.1921
1.5873
1.7219
2.1933
2.3049
3.1787
4.4346
4.6608
5.6686
7.1239
4.5185
10.7340
3.9805
1.7871
-1.2434
-3.6456
-6.6597
-6.9741
-6.4231
-6.6226
-7.0465
-5.8736
-4.6626
-3.5567
-6.4359
-5.6382
-4.1998
-5.0579
-5.6999
-5.8063
-5.8226
-6.2868
-4.7751
-4.4137
-4.0535
-4.1812
-4.3013
-4.4285
-3.5255
-2.8236
-2.2877
-2.1051
-1.4028
-1.3650
-1.4260
-1.5492
-1.2703
-0.9725
-0.7246
-0.7995
-0.7654
-0.5206
-0.3262
-0.3790
-0.3489
-0.0380
0.2090
