9.8575
9.4675
9.5706
9.4596
9.2005
9.0204
9.1281
9.2332
9.4016
9.5806
9.6550
9.6635
9.6053
9.6780
9.9023
10.1201
10.0848
9.8874
9.7697
9.2299
8.5374
8.3681
8.5303
8.6205
8.5551
8.5875
8.5391
8.4385
8.3246
8.3984
8.3787
8.2887
8.3034
8.3346
8.3846
8.2413
8.1971
8.1150
8.6616
9.1563
10.6354
6.7126
4.8543
2.9639
3.3057
3.9812
3.2581
2.0528
1.9865
2.6259
4.6695
6.7159
9.0947
11.0615
10.8132
9.6830
9.8374
11.3802
10.1668
10.1907
9.6714
8.9670
9.9117
10.3400
10.4890
11.0006
14.2333
14.7658
14.9192
14.9299
12.6591
14.9955
11.7659
7.4906
5.7330
5.9718
7.7326
7.8888
7.5206
6.1794
5.3929
5.0223
5.2690
5.1939
5.2749
4.0350
3.7659
4.4948
4.6312
3.8091
3.2051
2.9409
2.5848
2.7030
2.7441
2.2075
0.1600
-1.7876
-2.9959
-4.2012
-4.9946
-5.0512
-5.1054
-5.1088
-4.8568
-4.4683
-4.1417
-3.8654
-3.6302
-3.4953
-3.6804
-3.9197
-4.1750
-4.5246
-4.8583
-4.9766
-4.7406
-4.8288
-4.8400
-4.6871
-4.5809
-4.4508
-4.3874
-4.4406
-4.4626
-4.3993
-4.3608
-4.4818
-4.6213
-4.7167
-4.6419
-4.6286
-4.7013
-4.8003
-4.8930
-4.8993
-4.8389
-4.7719
-4.6993
-4.6313
-4.5681
-4.5425
-4.4956
-4.4825
-4.4153
-4.3381
-4.2777
-4.1839
-4.0883
-3.9464
-3.6184
-3.2867
-3.0958
-2.9683
-2.9800
-3.0993
-3.2693
-3.3310
-3.0300
-2.8661
-2.6659
-2.3163
-1.8439
-1.3720
-0.6164
0.4415
0.9356
0.9055
0.7998
0.6107
0.4401
0.4801
0.5996
0.7631
1.1209
1.3607
1.2686
1.3768
1.2540
1.1220
1.7290
2.1448
1.9333
1.9301
1.8466
1.7305
1.8590
2.2123
2.6398
2.4452
1.8612
1.3323
0.9782
0.7080
0.4346
0.2255
0.0952
-0.0534
0.0037
0.2508
0.2042
0.2160
0.2908
0.3334
0.3819
0.4522
0.6272
0.8984
1.2012
1.5775
2.0165
2.4343
2.7765
3.1197
3.5617
4.0076
4.0348
3.7938
3.6896
3.9600
4.3315
4.4506
4.5539
4.5978
4.5978
4.6362
4.6860
4.7273
4.7502
4.7183
4.6992
4.6896
4.6921
4.6943
4.6969
4.6806
4.6213
4.5721
4.6608
4.9544
5.2672
5.5623
5.8684
5.8324
5.7213
5.7875
5.9944
6.1348
6.0682
6.2168
6.5147
6.9986
7.1941
7.3420
7.4228
7.4486
7.5849
8.1531
8.6908
9.3273
9.7363
10.1210
10.3630
10.5731
10.7589
10.9091
11.0425
11.2157
11.3676
11.4129
11.3667
11.4110
11.4608
11.5260
11.5718
11.5920
11.6315
11.7952
11.9639
12.1267
12.2180
12.0689
11.9286
11.8783
11.8928
11.8157
11.7766
11.8487
11.9630
11.8868
11.6036
11.4097
11.3330
11.2201
11.0124
10.9389
11.0556
11.2094
11.3690
11.4841
11.5236
11.6718
11.8922
11.9546
11.3296
11.2804
11.6546
11.9832
11.2540
10.4930
10.2720
10.2408
10.1648
10.2185
10.3304
10.3057
10.2917
10.0687
9.9951
9.7060
9.9242
9.6359
8.9352
8.6639
8.8011
9.2544
8.0427
5.9039
4.7770
2.7369
0.5325
-1.3807
-1.2938
0.5698
2.3373
1.9940
-0.8040
-0.2466
1.5692
2.3523
2.4123
4.2689
5.7645
10.9789
9.8605
10.2231
12.5271
11.0471
10.3356
10.8647
10.3303
9.7999
9.4551
8.1495
7.4967
7.8420
7.9296
7.5436
7.7811
7.9780
8.6181
9.4141
9.5411
9.0176
8.9358
9.2793
9.3055
8.7100
8.1453
8.4477
9.0124
8.8625
8.6291
8.2109
7.4982
7.4351
8.3574
