4.9320
5.2700
5.4740
5.7460
5.8590
6.0320
6.1590
6.1870
6.1900
6.1370
6.0910
6.0010
5.9650
5.9200
5.8610
5.9030
5.8340
5.8310
5.8380
5.7080
5.7810
5.9260
5.9370
5.9420
5.9590
5.9510
5.8880
5.7890
5.6330
5.4930
5.3830
5.2980
5.1390
5.0280
4.9620
4.9590
5.0790
5.5740
5.8410
5.7950
5.7210
5.8950
5.9220
5.8400
5.6410
5.4330
5.3410
5.3140
5.4970
5.5060
5.4810
5.4430
5.3760
5.3790
5.3260
5.2990
5.2230
5.1140
5.0040
4.9390
4.8440
4.6750
4.5750
4.5270
4.4810
4.3840
4.3490
4.3520
4.4800
4.5020
4.5860
4.8640
5.1110
5.2690
5.3980
5.5640
5.6950
5.6680
5.6500
5.4800
5.0240
4.6320
4.5230
4.5660
4.5840
4.5680
5.0610
5.4920
5.6780
5.7160
5.7810
5.8910
6.0400
5.9580
6.1740
6.1470
6.1070
5.9940
5.9120
5.8550
5.7240
6.1160
6.0760
5.9350
5.8930
5.8620
5.6690
5.5440
5.4460
5.2810
5.1140
5.0060
4.9410
4.8410
4.6130
4.4900
4.0930
3.5830
3.8510
4.2090
4.4300
4.5100
4.5250
4.6580
4.7910
4.8770
4.9150
4.9820
5.0440
5.1330
5.2380
5.2950
5.3100
5.3220
5.3350
5.3490
5.3710
5.4200
5.5430
5.6790
5.7400
5.7400
5.7180
5.7120
5.7020
5.7120
5.8050
5.9760
6.1200
6.1610
6.1040
5.9830
5.8170
5.6800
5.6010
5.5560
5.5000
5.3390
5.0360
4.7660
4.8710
4.8490
4.8540
4.8310
4.7350
4.6750
4.6420
4.5920
4.5640
4.5170
4.4680
4.4030
4.3410
4.2850
4.2490
4.2470
4.1910
4.1320
4.1040
4.0870
4.0610
4.0080
3.9220
3.8350
3.7330
3.6080
3.4900
3.3620
3.1790
2.9900
2.8940
2.9030
2.9680
3.0240
3.0620
3.0980
3.1490
3.2270
3.3480
3.5270
3.7810
4.0800
4.2870
4.4070
4.5110
4.6260
4.7640
4.9130
5.1080
5.3070
5.4420
5.3480
4.9530
4.8810
4.6630
4.0650
3.7290
3.5450
3.6530
3.8590
3.7940
3.8770
3.8890
3.8980
3.9040
3.8960
3.8690
3.8350
3.7990
3.7430
3.6790
3.6140
3.5710
3.5370
3.5080
3.4970
3.4770
3.4450
3.4090
3.3640
3.3200
3.2770
3.2250
3.1480
3.0180
2.8760
2.7410
2.6480
2.5940
2.5560
2.5250
2.6250
2.6930
2.7430
2.8250
2.9440
3.1240
3.2960
3.4560
3.6320
3.7580
3.9060
4.1700
4.2990
4.5340
4.8970
5.0610
5.1730
5.2530
5.4270
5.5490
5.6550
5.8390
6.3390
6.5850
6.6480
6.7790
6.8090
6.9700
7.1030
7.1770
7.2390
7.2920
7.3250
7.3860
7.4150
7.4240
7.4380
7.4660
7.5110
7.5570
7.6050
7.6620
7.7240
7.7130
7.6760
7.7000
7.7120
7.6530
7.5450
7.4220
7.3170
7.2510
7.1560
7.0280
6.8950
6.6560
6.2350
5.8810
5.9030
5.4080
4.8350
4.5370
4.4220
4.7090
4.8620
4.7920
4.9140
5.2220
5.3420
5.3540
5.4200
5.5480
5.6520
5.7080
5.7330
5.7560
5.7690
5.7920
5.8040
5.7880
5.7770
5.7830
5.7860
5.7800
5.7710
5.7710
5.7940
5.8500
5.9410
6.0320
6.0920
6.1130
6.1070
6.0530
5.9110
5.8060
5.7730
5.8560
6.1120
6.1910
6.2710
6.3260
6.6000
6.8510
7.0640
7.2240
7.2760
7.2780
7.2650
7.3190
7.3270
7.3890
7.5270
7.5750
7.6210
7.6920
7.7300
7.7360
7.7420
7.7280
7.6990
7.7070
7.7350
7.7350
7.7470
7.7560
