835.6900
860.4100
790.1300
863.3700
843.8300
888.5500
879.7800
851.1900
865.9200
871.7100
892.3900
923.1800
901.8300
890.6000
896.3300
895.2500
916.0200
906.2600
904.6000
893.7500
884.6600
874.2800
884.2500
889.3100
886.6400
887.0800
895.2100
890.1400
901.2000
907.7100
911.7600
909.0800
910.5800
916.5800
908.1900
902.3400
896.9200
881.5000
873.4300
871.5000
862.5400
860.6900
856.7900
856.0500
847.2400
846.0700
835.5000
823.7700
821.2300
819.6400
812.3000
819.3300
820.6600
821.2700
822.0500
817.3800
820.2200
820.9700
817.6600
817.5600
814.3800
819.7400
818.2100
834.2000
848.1000
858.0200
870.9700
882.9700
895.1000
910.0100
924.7200
936.2800
944.3100
946.2800
953.0100
956.3700
964.1500
976.5100
986.3100
994.9300
999.4600
1006.2000
1011.6000
1018.5000
1024.7000
1029.6000
1038.1000
1027.3000
1015.4000
1015.6000
1020.2000
1026.3000
1032.7000
1037.6000
1036.1000
1037.8000
1043.8000
1050.7000
1054.9000
1070.8000
1076.7000
1079.5000
1079.3000
1080.2000
1090.9000
1098.0000
1105.9000
1113.8000
1122.8000
1132.9000
1144.6000
1184.9000
1221.9000
1239.8000
1252.3000
1254.0000
1266.9000
1284.3000
1307.6000
1326.6000
1332.0000
1338.5000
1348.3000
1347.7000
1358.3000
1368.8000
1374.4000
1378.0000
1378.0000
1378.7000
1379.4000
1384.5000
1391.8000
1397.1000
1404.7000
1396.9000
1389.6000
1390.9000
1392.9000
1401.2000
1403.2000
1402.2000
1398.5000
1395.7000
1401.2000
1406.8000
1408.6000
1412.4000
1408.0000
1407.2000
1410.3000
1416.2000
1421.0000
1418.8000
1420.1000
1421.2000
1425.5000
1431.6000
1435.9000
1456.9000
1475.6000
1486.5000
1494.8000
1498.6000
1509.4000
1521.9000
1539.6000
1554.4000
1562.6000
1569.6000
1581.6000
1580.2000
1585.6000
1596.2000
1607.0000
1619.1000
1626.7000
1639.6000
1647.2000
1656.0000
1666.8000
1675.7000
1683.3000
1652.8000
1621.9000
1613.9000
1615.9000
1630.9000
1630.4000
1622.6000
1605.1000
1592.8000
1598.6000
1605.9000
1605.4000
1619.6000
1618.8000
1614.1000
1614.4000
1617.5000
1621.0000
1620.1000
1621.1000
1616.3000
1612.4000
1612.8000
1612.5000
1647.7000
1683.3000
1692.9000
1696.9000
1688.3000
1694.1000
1710.0000
1735.3000
1754.9000
1757.1000
1761.9000
1770.4000
1758.7000
1762.7000
1769.7000
1773.4000
1779.6000
1778.0000
1774.6000
1768.8000
1766.3000
1768.1000
1765.6000
1764.9000
1748.6000
1726.3000
1719.0000
1715.3000
1715.9000
1710.1000
1698.8000
1684.2000
1671.4000
1667.5000
1661.9000
1652.1000
1644.0000
1625.5000
1611.7000
1602.7000
1592.2000
1586.9000
1574.2000
1559.3000
1549.9000
1545.1000
1543.4000
1537.0000
1561.6000
1582.1000
1583.8000
1582.5000
1573.2000
1573.9000
1580.1000
1596.4000
1604.2000
1600.5000
1601.7000
1606.3000
1590.4000
1588.0000
1595.6000
1600.8000
1613.0000
1616.9000
1627.2000
1629.0000
1629.4000
1633.3000
1633.7000
1635.6000
1606.3000
1571.6000
1561.6000
1553.7000
1558.1000
1551.3000
1538.4000
1514.9000
1493.3000
1487.3000
1482.0000
1473.8000
1488.3000
1488.7000
1479.9000
1472.1000
1460.8000
1458.1000
1455.8000
1458.7000
1455.9000
1447.8000
1448.3000
1448.6000
1471.9000
1499.2000
1506.9000
1509.1000
1502.7000
1506.1000
1515.1000
1531.0000
1542.0000
1539.9000
1536.3000
1537.3000
1522.6000
1516.5000
1516.5000
1512.7000
1509.9000
1499.4000
1492.2000
1479.9000
1472.3000
1468.3000
1460.5000
1454.5000
1429.0000
1400.4000
1384.6000
1371.0000
1363.8000
1346.9000
1325.6000
1297.6000
1273.2000
1258.2000
1244.6000
1228.9000
1230.0000
1222.6000
1211.4000
1204.6000
1198.6000
1197.5000
1192.5000
1189.4000
1182.7000
1171.8000
1163.4000
1153.0000
1158.8000
1166.3000
1166.5000
1167.8000
1164.8000
1169.3000
1180.3000
1196.3000
1210.6000
1221.1000
1229.2000
1238.2000
1228.9000
1228.5000
1234.6000
1240.0000
1248.4000
1248.5000
1250.0000
1244.6000
1240.2000
1241.3000
1242.8000
1241.3000
1211.3000
1182.5000
