7.0255
7.5624
7.8857
8.3168
8.4965
8.7706
8.9721
9.0177
9.0227
8.9375
8.8650
8.7214
8.6658
8.5936
8.4998
8.5664
8.4575
8.4520
8.4634
8.2580
8.3724
8.6024
8.6207
8.6286
8.6559
8.6433
8.5432
8.3858
8.1389
7.9162
7.7411
7.6062
7.3551
7.1789
7.0734
7.0691
7.2594
8.0453
8.4685
8.3949
8.2776
8.5543
8.5967
8.4659
8.1507
7.8207
7.6751
7.6322
7.9223
7.9373
7.8974
7.8367
7.7297
7.7345
7.6508
7.6078
7.4880
7.3143
7.1403
7.0373
6.8862
6.6175
6.4590
6.3839
6.3098
6.1557
6.1010
6.1058
6.3088
6.3433
6.4776
6.9185
7.3106
7.5609
7.7658
8.0284
8.2365
8.1937
8.1659
7.8952
7.1726
6.5492
6.3766
6.4444
6.4736
6.4488
7.2310
7.9141
8.2095
8.2702
8.3728
8.5476
8.7846
8.6546
8.9966
8.9534
8.8910
8.7117
8.5806
8.4909
8.2827
8.9039
8.8412
8.6171
8.5502
8.5014
8.1952
7.9970
7.8411
7.5803
7.3140
7.1440
7.0401
6.8807
6.5198
6.3241
5.6946
4.8846
5.3106
5.8794
6.2285
6.3565
6.3794
6.5908
6.8018
6.9379
6.9990
7.1050
7.2039
7.3443
7.5108
7.6023
7.6263
7.6444
7.6660
7.6873
7.7226
7.8000
7.9947
8.2114
8.3079
8.3080
8.2737
8.2637
8.2481
8.2634
8.4106
8.6824
8.9106
8.9763
8.8853
8.6933
8.4308
8.2121
8.0870
8.0164
7.9266
7.6718
7.1907
6.7629
6.9294
6.8944
6.9017
6.8652
6.7131
6.6174
6.5657
6.4864
6.4426
6.3679
6.2900
6.1859
6.0875
5.9988
5.9428
5.9395
5.8495
5.7563
5.7120
5.6846
5.6442
5.5596
5.4228
5.2847
5.1231
4.9244
4.7373
4.5344
4.2438
3.9440
3.7914
3.8067
3.9100
3.9985
4.0584
4.1158
4.1959
4.3202
4.5126
4.7965
5.1993
5.6743
6.0027
6.1934
6.3578
6.5400
6.7592
6.9954
7.3050
7.6212
7.8356
7.6853
7.0592
6.9451
6.5989
5.6501
5.1169
4.8251
4.9957
5.3228
5.2206
5.3513
5.3716
5.3844
5.3940
5.3816
5.3387
5.2849
5.2274
5.1388
5.0370
4.9345
4.8665
4.8120
4.7668
4.7486
4.7171
4.6663
4.6092
4.5379
4.4678
4.3996
4.3174
4.1952
3.9882
3.7641
3.5493
3.4017
3.3156
3.2550
3.2071
3.3645
3.4729
3.5528
3.6828
3.8713
4.1567
4.4306
4.6830
4.9629
5.1630
5.3975
5.8162
6.0218
6.3950
6.9710
7.2311
7.4075
7.5359
7.8121
8.0046
8.1739
8.4649
9.2587
9.6492
9.7492
9.9573
10.0043
10.2603
10.4712
10.5875
10.6866
10.7713
10.8229
10.9201
10.9658
10.9796
11.0031
11.0466
11.1182
11.1918
11.2666
11.3586
11.4560
11.4394
11.3801
11.4176
11.4366
11.3440
11.1728
10.9771
10.8101
10.7063
10.5542
10.3519
10.1406
9.7614
9.0935
8.5316
8.5668
7.7806
6.8724
6.3993
6.2173
6.6726
6.9146
6.8033
6.9973
7.4854
7.6772
7.6950
7.8009
8.0030
8.1681
8.2580
8.2966
8.3326
8.3545
8.3911
8.4101
8.3836
8.3667
8.3766
8.3808
8.3717
8.3572
8.3565
8.3943
8.4833
8.6271
8.7717
8.8662
8.8998
8.8900
8.8049
8.5787
8.4123
8.3610
8.4913
8.8987
9.0231
9.1513
9.2383
9.6730
10.0703
10.4084
10.6624
10.7459
10.7479
10.7285
10.8131
10.8260
10.9244
11.1439
11.2200
11.2928
11.4047
11.4656
11.4750
11.4846
11.4624
11.4167
11.4297
11.4736
11.4737
11.4934
11.5070
