-14.7617
-14.7872
-14.7802
-14.7893
-14.8028
-14.7765
-14.7277
-14.6847
-14.6469
-14.6284
-14.6269
-14.6490
-14.6920
-14.7161
-14.7249
-14.7385
-14.7478
-14.7155
-14.5965
-14.4458
-14.2941
-14.1864
-14.0696
-13.9446
-13.8645
-13.8176
-13.7621
-13.7037
-13.6393
-13.5393
-13.4206
-13.3081
-13.1960
-13.0712
-12.9333
-12.7969
-12.6939
-12.6768
-12.7326
-12.6926
-12.5546
-12.4708
-12.4361
-12.4200
-12.3898
-12.3084
-12.1967
-12.1124
-12.0843
-12.0431
-12.0130
-12.0486
-12.0836
-12.1485
-12.2263
-12.3309
-12.4388
-12.5497
-12.6693
-12.7977
-12.9241
-13.0219
-13.1168
-13.2126
-13.3056
-13.4122
-13.5068
-13.5785
-13.6316
-13.6794
-13.7105
-13.7376
-13.7189
-13.6834
-13.6817
-13.7078
-13.6123
-13.6126
-13.6817
-13.7301
-13.7403
-13.7546
-13.7630
-13.7681
-13.7694
-13.7928
-13.9073
-13.9906
-14.0077
-14.0719
-14.0773
-14.0821
-14.0812
-14.0785
-14.2082
-14.2450
-14.2123
-14.1394
-14.1617
-14.1301
-14.1934
-14.0568
-13.9055
-13.8584
-13.8606
-13.8754
-13.8296
-13.8290
-13.8714
-14.0075
-14.1783
-14.2368
-14.3102
-14.4044
-14.5693
-14.4514
-14.2723
-14.0155
-13.5343
-12.9844
-12.5986
-12.3343
-12.1221
-11.9648
-11.8000
-11.6069
-11.4008
-11.1818
-10.9534
-10.7663
-10.6429
-10.5523
-10.4610
-10.3515
-10.2323
-10.0837
-9.8967
-9.7037
-9.5659
-9.4899
-9.4314
-9.3849
-9.3542
-9.3330
-9.3090
-9.2688
-9.2251
-9.2236
-9.3119
-9.4931
-9.7556
-10.0581
-10.3364
-10.5892
-10.8237
-11.0353
-11.2550
-11.4665
-11.6945
-11.9423
-12.1248
-12.2835
-12.3994
-12.4542
-12.4415
-12.4116
-12.3781
-12.3449
-12.3262
-12.2820
-12.2311
-12.2100
-12.1700
-12.1139
-12.0329
-11.9263
-11.8723
-11.8096
-11.7121
-11.5921
-11.4483
-11.3150
-11.1815
-11.0580
-10.9736
-10.9391
-10.9449
-10.9582
-10.9774
-11.0339
-11.1863
-11.4000
-11.5757
-11.6518
-11.6388
-11.5868
-11.5350
-11.5114
-11.5313
-11.5768
-11.5926
-11.5364
-11.4530
-11.3945
-11.3787
-11.4006
-11.4495
-11.5122
-11.5756
-11.5942
-11.6739
-12.0864
-12.8056
-12.8297
-12.8482
-12.7042
-12.2869
-11.7889
-11.1781
-10.5802
-10.0731
-9.4817
-9.0183
-8.5933
-8.2852
-8.0590
-7.8934
-7.7850
-7.7201
-7.6839
-7.6641
-7.6432
-7.6226
-7.6250
-7.6442
-7.6603
-7.6718
-7.6724
-7.6678
-7.6818
-7.7305
-7.8025
-7.8977
-8.0112
-8.1063
-8.1980
-8.2895
-8.3846
-8.4691
-8.5800
-8.6868
-8.5561
-8.5177
-8.4519
-8.3839
-8.4282
-8.6877
-8.6442
-8.4638
-8.3992
-8.2907
-8.1389
-8.3160
-8.5313
-8.6256
-8.5888
-8.4439
-8.4912
-8.5391
-8.7363
-8.8331
-9.0134
-9.3281
-10.0817
-10.8654
-11.1647
-10.7440
-10.3575
-10.0434
-9.8280
-9.8538
-9.9859
-10.0714
-10.0863
-10.0220
-9.9796
-10.0226
-10.0815
-10.1230
-10.1406
-10.0799
-10.0521
-10.2305
-10.5844
-10.8103
-10.8616
-10.8832
-10.9278
-10.9161
-10.8779
-11.0305
-11.3469
-11.6228
-11.7862
-11.8883
-12.0083
-12.2071
-12.4453
-12.3151
-12.1485
-11.9847
-11.6223
-11.1725
-10.7026
-10.1534
-9.6738
-9.2379
-8.7509
-8.2325
-7.8143
-7.4398
-7.0452
-6.6368
-6.2932
-6.0251
-5.8003
-5.5884
-5.3699
-5.1492
-4.9491
-4.7730
-4.6168
-4.4860
-4.3761
-4.2789
-4.1966
-4.1356
-4.1026
-4.1036
-4.1418
-4.2070
-4.2927
-4.4011
-4.5528
-4.7709
-5.0324
-5.3484
-5.7276
-6.1128
-6.5010
-6.8882
-7.3416
-7.8454
-8.3831
-8.9649
-9.4578
-9.8294
-10.2142
-10.5932
-10.8638
-11.0987
-11.4169
-11.6819
-11.8643
-12.0386
-12.1824
-12.3051
-12.4203
-12.4975
-12.5551
-12.5988
-12.6187
-12.6404
-12.6632
-12.6644
-12.6943
-12.7570
