-1.6713
-1.2879
-0.8130
-0.3830
-0.0504
-0.0104
0.0213
0.0369
0.2012
0.3446
0.2722
0.1647
0.2448
0.3019
0.3379
0.4323
0.5942
0.7244
0.6521
0.7009
0.5642
0.3796
0.2909
0.2278
0.0747
-0.1743
-0.2120
-0.1700
-0.0175
0.2084
0.3736
0.4625
0.7423
0.9041
0.9858
1.0309
0.6960
0.1293
0.1196
0.5485
0.8690
1.1406
1.0829
0.9391
0.9280
1.0058
1.0414
0.9939
0.9957
1.0340
0.8453
0.6461
0.6104
0.4928
0.2498
0.0435
-0.0110
-0.2169
-0.5116
-0.6176
-0.7680
-0.6306
-0.8451
-0.6083
-0.5281
-0.4457
-0.3516
-0.4575
-0.6629
-0.7404
-0.5316
-0.3164
-0.5442
-0.7863
-1.2344
-2.0708
-3.0346
-3.0786
-2.7073
-2.4488
-2.0915
-1.6634
-1.4165
-1.2420
-0.7756
-0.0068
0.4745
1.0541
1.7066
2.0736
2.4215
2.6968
2.9237
3.4190
3.5664
2.8846
2.2352
1.8358
1.5184
1.4338
1.3977
0.9644
0.5470
0.4581
0.4711
0.7233
0.8662
0.9593
1.0993
1.2903
1.4584
1.5722
1.7170
1.9590
2.1850
2.2029
2.0268
1.9813
1.8134
1.6055
1.7173
1.8878
2.1557
2.7890
3.1350
3.3777
3.5976
3.8098
3.8671
3.8540
3.8404
3.7672
3.5842
3.3219
3.0763
2.9581
2.9552
2.9260
2.8462
2.7957
2.7854
2.7667
2.7169
2.6524
2.5985
2.5241
2.5166
2.6375
2.6911
2.5646
2.3181
2.0767
1.8970
1.7987
1.8117
1.8960
1.9764
2.0151
1.9930
1.9465
2.1197
2.2598
2.3397
2.2765
2.3967
2.5320
2.6070
2.6912
2.7435
2.7071
2.5499
2.4058
2.2269
2.0347
1.8914
1.7697
1.7423
1.7141
1.6133
1.5408
1.4877
1.3923
1.2632
1.1295
1.0224
0.9915
1.0134
0.9996
0.9496
0.9600
1.0780
1.3222
1.6145
1.8594
2.0604
2.2257
2.4092
2.6567
2.9799
3.3852
3.8455
4.2463
4.4931
4.6369
4.7211
4.8053
4.9035
4.9807
5.0414
5.0504
5.0109
4.8557
4.5535
4.4465
4.2162
3.6684
3.3429
3.1674
3.1299
3.0844
2.8495
2.6554
2.4528
2.2487
2.0757
1.9157
1.7139
1.4988
1.2887
1.0869
0.8943
0.7102
0.4896
0.2265
-0.0510
-0.3004
-0.5011
-0.6413
-0.7809
-0.9479
-1.1484
-1.3919
-1.6860
-1.9592
-2.1149
-2.1764
-2.2480
-2.3873
-2.5719
-2.7628
-2.9628
-3.2687
-3.4605
-3.5506
-3.6630
-3.7823
-3.8520
-3.9099
-4.0431
-4.1243
-4.1284
-4.1656
-4.1022
-4.0115
-4.1157
-4.3067
-4.3798
-4.2971
-4.0963
-3.9949
-3.8711
-3.5650
-3.1276
-2.4762
-1.5641
-0.8894
-0.6588
-0.4392
-0.1441
0.1183
0.3563
0.5720
0.7532
0.8706
0.9686
1.0351
1.0791
1.1584
1.2410
1.3220
1.2843
1.1941
1.1648
1.2002
1.3065
1.3808
1.3986
1.4527
1.6422
1.9772
2.3929
2.7734
3.0785
3.3319
3.5068
3.5474
3.4436
3.1472
2.8359
2.8178
2.5566
2.1794
1.8922
1.6465
1.5878
1.5269
1.4164
1.3904
1.4128
1.3996
1.3511
1.2606
1.1539
1.0467
0.9480
0.8194
0.6803
0.5643
0.4402
0.3520
0.2897
0.2271
0.1661
0.1262
0.0464
-0.1001
-0.2773
-0.4581
-0.6475
-0.8435
-1.0058
-1.1339
-1.2035
-1.2960
-1.4778
-1.6813
-2.0034
-2.4529
-2.8553
-3.1992
-3.4199
-3.6428
-3.8924
-4.1139
-4.1955
-4.0991
-4.0289
-3.7487
-3.4315
-3.2569
-3.1400
-3.0559
-3.0107
-2.9743
-2.9793
-2.8731
-2.7833
-2.6487
-2.4802
-2.3842
-2.3008
-2.2505
-2.2150
-2.1348
-2.0684
-2.0313
-1.9543
