-6.8238
-7.4519
-7.8436
-8.3079
-8.4964
-8.7705
-8.9721
-9.0177
-9.0205
-8.9309
-8.8608
-8.7198
-8.6624
-8.5883
-8.4931
-8.5555
-8.4366
-8.4209
-8.4382
-8.2282
-8.3534
-8.5941
-8.6157
-8.6256
-8.6555
-8.6415
-8.5405
-8.3840
-8.1388
-7.9134
-7.7321
-7.5921
-7.3176
-7.1217
-7.0043
-6.9935
-7.2259
-8.0443
-8.4677
-8.3770
-8.2318
-8.4779
-8.5282
-8.4137
-8.0977
-7.7557
-7.6041
-7.5672
-7.8594
-7.8696
-7.8521
-7.8101
-7.7056
-7.7188
-7.6467
-7.6077
-7.4880
-7.3111
-7.1220
-7.0102
-6.8432
-6.5874
-6.4034
-6.3548
-6.2876
-6.1395
-6.0909
-6.0887
-6.2738
-6.2999
-6.4557
-6.9112
-7.2903
-7.5199
-7.6671
-7.7567
-7.6570
-7.5933
-7.7041
-7.5058
-6.8609
-6.3345
-6.2173
-6.3235
-6.4270
-6.4488
-7.2154
-7.8436
-8.0301
-8.0060
-8.0149
-8.1110
-8.2838
-7.9506
-8.2596
-8.4760
-8.6054
-8.5160
-8.4452
-8.3690
-8.1639
-8.8515
-8.8242
-8.6049
-8.5372
-8.4705
-8.1493
-7.9392
-7.7637
-7.4697
-7.1672
-6.9689
-6.8275
-6.5959
-6.1427
-5.9281
-5.3217
-4.4647
-4.9914
-5.6560
-5.9871
-6.0698
-6.0041
-5.9717
-6.0362
-6.0602
-6.0036
-5.9972
-6.0780
-6.2518
-6.4548
-6.6033
-6.7315
-6.8848
-7.0217
-7.0953
-7.1348
-7.2304
-7.4709
-7.7209
-7.8270
-7.8338
-7.8149
-7.8264
-7.8281
-7.8685
-8.0253
-8.2721
-8.4945
-8.6022
-8.5776
-8.4416
-8.2146
-8.0126
-7.8815
-7.7890
-7.6763
-7.4024
-6.9090
-6.4767
-6.5972
-6.5135
-6.4930
-6.4767
-6.2707
-6.1138
-6.0260
-5.9017
-5.8292
-5.7638
-5.7499
-5.6989
-5.6655
-5.6432
-5.6338
-5.6697
-5.5841
-5.4952
-5.4794
-5.4718
-5.4446
-5.3824
-5.2736
-5.1626
-5.0201
-4.8236
-4.6276
-4.4229
-4.1362
-3.8254
-3.6349
-3.5697
-3.5611
-3.5398
-3.4964
-3.4621
-3.4352
-3.4067
-3.3888
-3.3980
-3.4993
-3.7638
-3.9805
-4.1057
-4.2583
-4.4362
-4.6522
-4.9121
-5.2864
-5.7075
-6.0240
-5.9570
-5.3942
-5.3351
-5.0764
-4.2972
-3.8739
-3.6399
-3.8936
-4.3380
-4.3744
-4.6460
-4.7789
-4.8924
-4.9787
-5.0291
-5.0561
-5.0679
-5.0661
-5.0225
-4.9570
-4.8832
-4.8418
-4.8067
-4.7665
-4.7391
-4.6904
-4.6220
-4.5425
-4.4378
-4.3177
-4.1736
-3.9745
-3.7096
-3.3813
-3.0712
-2.7466
-2.4232
-2.0926
-1.7209
-1.2278
-0.7971
-0.2930
0.1239
0.3817
0.8252
1.5623
2.0839
2.3630
2.7607
3.1005
3.4323
4.1231
4.4912
4.8946
5.4815
5.7538
6.0337
6.3253
6.7133
7.0063
7.3555
7.8659
8.9214
9.5216
9.7085
9.9355
9.9947
10.2593
10.4706
10.5815
10.6713
10.7449
10.7878
10.8771
10.9169
10.9264
10.9419
10.9767
11.0393
11.1179
11.2032
11.2987
11.3929
11.3646
11.2961
11.3317
11.3439
11.2245
10.9965
10.7131
10.4483
10.2541
10.0145
9.7398
9.4999
9.1338
8.5316
8.0465
8.0902
7.3486
6.5177
6.1132
5.9953
6.4810
6.7439
6.6542
6.8577
7.3508
7.5485
7.5755
7.6984
7.9194
8.1008
8.2034
8.2561
8.3047
8.3355
8.3796
8.4027
8.3786
8.3636
8.3750
8.3799
8.3716
8.3566
8.3519
8.3818
8.4586
8.5858
8.7138
8.7934
8.8180
8.7950
8.6800
8.4123
8.1703
7.9931
7.9969
8.3037
8.3499
8.3950
8.3783
8.7546
9.1547
9.5673
9.8719
10.0708
10.1854
10.2222
10.3471
10.3857
10.5013
10.7396
10.8173
10.9212
11.0598
11.1555
11.2038
11.2344
11.2291
11.1927
11.2130
11.2733
11.2857
11.3124
11.3399
