0.0002
0.0076
0.0097
0.0100
0.0087
0.0043
0.0035
0.0030
0.0015
0.0005
0.0005
0.0018
0.0018
-0.0009
-0.0003
-0.0016
-0.0041
-0.0081
-0.0079
-0.0033
0.0036
0.0064
0.0093
0.0204
0.0258
0.0306
0.0349
0.0415
0.0474
0.0587
0.0690
0.0792
0.0868
0.0889
0.0862
0.0799
0.0750
0.0766
0.0915
0.0876
0.0836
0.0840
0.0752
0.0782
0.0777
0.0813
0.0823
0.0841
0.0832
0.0708
0.0703
0.0720
0.0751
0.0708
0.0660
0.0601
0.0549
0.0492
0.0422
0.0336
0.0260
0.0136
0.0041
0.0034
-0.0032
-0.0010
-0.0038
-0.0059
0.0063
0.0219
0.0169
0.0087
0.0040
-0.0034
0.0059
0.0417
0.0229
0.0227
0.0209
0.0129
0.0065
0.0091
0.0156
0.0175
0.0058
0.0031
0.0000
-0.0118
-0.0009
-0.0005
-0.0031
-0.0027
-0.0102
-0.0032
0.0121
0.0069
0.0021
0.0062
0.0169
0.0146
0.0253
0.0117
0.0085
0.0105
0.0132
0.0071
0.0061
0.0144
0.0276
0.0408
0.0359
0.0199
0.0106
0.0048
0.0017
0.0019
-0.0011
0.0107
0.0338
0.0376
0.0339
0.0305
0.0335
0.0373
0.0349
0.0284
0.0245
0.0201
0.0224
0.0254
0.0254
0.0283
0.0356
0.0473
0.0534
0.0559
0.0564
0.0588
0.0599
0.0567
0.0522
0.0513
0.0509
0.0497
0.0458
0.0400
0.0363
0.0341
0.0309
0.0297
0.0274
0.0228
0.0174
0.0149
0.0112
0.0067
0.0006
-0.0047
-0.0069
-0.0052
-0.0069
-0.0069
-0.0085
-0.0072
-0.0056
-0.0043
-0.0031
-0.0027
-0.0027
-0.0033
-0.0018
-0.0019
-0.0019
-0.0008
-0.0009
-0.0012
-0.0012
-0.0017
-0.0036
-0.0052
-0.0057
-0.0059
-0.0064
-0.0061
-0.0053
-0.0034
-0.0022
-0.0024
-0.0018
0.0002
0.0030
0.0036
0.0027
0.0007
-0.0001
-0.0006
0.0001
0.0007
0.0014
0.0015
0.0015
0.0002
0.0000
-0.0005
0.0002
0.0009
0.0018
0.0020
0.0015
0.0002
-0.0022
-0.0055
-0.0072
-0.0087
-0.0076
-0.0083
-0.0084
-0.0065
-0.0011
0.0013
0.0041
0.0117
0.0173
0.0276
0.0381
0.0487
0.0593
0.0704
0.0797
0.0861
0.0878
0.0862
0.0846
0.0799
0.0712
0.0611
0.0483
0.0371
0.0275
0.0189
0.0101
0.0018
-0.0053
-0.0099
-0.0121
-0.0116
-0.0085
-0.0063
-0.0052
-0.0034
-0.0025
-0.0012
-0.0018
-0.0054
-0.0028
0.0075
0.0071
-0.0062
-0.0073
-0.0010
-0.0045
0.0013
0.0031
-0.0023
0.0007
-0.0020
-0.0036
-0.0017
-0.0003
-0.0004
-0.0011
0.0030
0.0040
0.0044
0.0014
-0.0044
-0.0060
-0.0040
-0.0045
-0.0065
-0.0067
-0.0080
-0.0082
-0.0078
-0.0059
-0.0063
-0.0064
-0.0066
-0.0048
-0.0052
-0.0079
-0.0077
-0.0060
-0.0051
-0.0069
-0.0081
-0.0077
-0.0070
-0.0059
-0.0037
-0.0030
-0.0041
-0.0056
-0.0070
-0.0087
-0.0105
-0.0121
-0.0117
-0.0130
-0.0135
-0.0108
-0.0111
-0.0110
-0.0086
-0.0018
-0.0015
-0.0024
-0.0005
0.0008
-0.0019
-0.0016
0.0016
0.0063
0.0102
0.0134
0.0159
0.0191
0.0226
0.0262
0.0272
0.0289
0.0324
0.0366
0.0430
0.0477
0.0511
0.0520
0.0504
0.0419
0.0261
0.0110
0.0017
-0.0031
-0.0044
-0.0043
-0.0001
0.0033
-0.0039
-0.0103
-0.0153
-0.0148
-0.0065
-0.0026
-0.0019
-0.0030
-0.0017
0.0019
0.0040
0.0040
0.0039
0.0034
0.0016
-0.0009
-0.0036
-0.0029
-0.0026
-0.0022
-0.0009
-0.0022
-0.0026
-0.0029
-0.0029
-0.0014
-0.0011
-0.0016
0.0004
0.0022
