3.7640
3.9490
4.2930
4.6060
4.8410
5.1130
5.3930
5.6500
5.8270
5.9900
6.1120
6.2810
6.2540
6.2880
6.3110
6.2190
6.1170
6.2510
6.2530
5.9780
6.0560
6.2500
6.5750
6.7980
6.9620
7.1530
7.2300
7.1780
7.0120
6.7640
6.6090
6.6090
6.7550
6.9430
7.1800
7.3300
7.4130
7.4660
7.4320
7.3520
7.2590
7.1840
7.0530
6.8980
6.7410
6.6210
6.5730
6.5400
6.6420
6.8680
6.9670
6.9990
6.6790
6.3060
5.9940
5.8770
5.3920
4.9560
4.4310
3.7670
3.5840
3.2800
3.3580
3.0280
3.2820
4.3560
3.7410
3.5890
3.4740
3.7240
4.0630
4.5170
4.9540
5.6160
6.0680
6.3040
6.4020
6.4710
6.3840
6.3120
6.2910
6.2520
6.2300
6.2080
6.0030
5.9190
6.0800
6.0480
6.2780
6.3920
6.4830
6.2670
6.0800
6.5020
6.8170
6.7800
6.6120
6.3380
6.4080
6.4110
6.2890
5.8070
5.2080
4.4660
3.2880
2.9290
2.9540
2.9960
3.0660
3.3050
3.9260
4.8270
5.5870
5.5360
5.4470
5.0060
4.4480
4.4950
4.3620
4.2790
4.1280
3.7260
3.1610
2.8320
2.4690
2.1160
1.8400
1.2820
0.7700
1.9870
3.2120
4.1110
4.6850
5.4260
5.5900
5.9130
5.9660
6.1430
5.9190
5.5510
5.5710
5.4420
5.5250
6.5520
7.6700
7.7320
6.0260
5.7520
5.8930
5.1970
6.1560
6.2370
6.4180
5.8410
5.6340
3.7340
5.4050
10.5380
10.3290
9.8470
7.1350
6.0020
4.9080
4.5310
5.1310
5.9840
6.9050
7.7030
7.8210
7.7290
7.9550
8.5650
10.3430
11.2670
10.9790
10.5240
9.9810
9.5810
9.1830
8.9770
8.7990
8.4370
8.1780
7.7330
7.6040
7.4910
7.4420
7.2880
7.2930
7.1320
6.9870
6.6560
6.5210
6.3130
6.1370
6.1080
5.9700
5.9580
5.9990
5.9810
5.8760
5.7630
5.9330
6.1960
6.3830
6.4420
6.3430
6.2670
5.9330
5.7040
5.5470
5.1390
4.6020
4.3520
4.4430
4.5830
4.7130
4.7770
4.8890
4.8620
4.9780
5.0560
5.0780
5.0390
5.0980
5.0120
5.0640
4.9720
4.8810
4.9310
4.9050
4.9460
5.1160
5.2360
5.3460
5.6710
5.7860
6.0660
6.2760
6.4540
6.6770
6.8630
6.9420
6.9760
7.0690
6.9950
7.0930
7.0290
7.1450
6.9540
6.9380
6.7890
6.8050
6.6130
6.4080
6.2300
5.9740
5.8990
5.9610
5.5790
5.5420
5.5140
5.5380
5.5810
5.6400
5.5190
5.4230
5.6290
5.7540
5.7350
5.6140
5.6230
5.5650
5.6580
5.7790
5.8170
5.8860
5.8310
5.7610
5.7290
5.7420
5.7580
5.7800
5.6480
5.6490
5.6240
5.6010
5.5610
5.5150
5.5300
5.5980
5.3970
4.9730
4.9280
4.8190
4.7490
4.8170
4.7970
4.7140
4.7030
4.7780
4.8410
4.8730
4.8860
4.8640
4.8250
4.6380
4.4290
4.2770
4.1910
4.1450
4.1000
4.0600
4.0310
4.0240
4.0220
4.0200
4.0270
4.0280
4.0510
4.0940
4.1290
4.1600
4.2230
4.2780
4.3840
4.5390
4.6680
4.7930
4.8980
4.9960
5.1040
5.2000
5.3050
5.4420
5.5870
5.6900
5.7200
5.7500
5.7520
5.7680
5.8210
5.8010
5.7980
5.9400
6.0670
6.0200
5.9090
5.8630
5.8760
5.9820
5.7880
5.5830
5.8340
6.0850
6.1730
6.2130
6.1880
6.0290
6.2050
6.1120
6.0900
5.9220
5.8870
5.9700
6.0960
6.0480
5.8770
6.0990
6.1380
6.2880
6.3770
6.2920
6.2260
6.0740
6.1460
6.1190
