561.0100
590.6800
590.3200
585.1700
634.0400
620.9800
586.0600
629.7300
589.6900
600.2200
598.3000
582.6500
576.8800
574.7600
589.3000
620.2300
646.1900
690.7400
692.1700
689.3900
681.0100
682.5100
707.9500
709.5600
717.1000
722.4300
730.2900
751.2300
780.0700
794.9000
802.5900
793.9900
793.8500
795.9900
802.2100
812.4200
814.9400
816.2500
818.5400
802.8900
788.2300
787.1200
782.5700
779.1700
770.9900
759.5200
743.1900
732.7200
727.0300
707.5400
709.0400
713.3100
728.5400
754.4500
767.2800
751.9200
770.6300
753.0300
754.8400
749.5500
746.4100
738.1700
735.0700
743.8200
761.8200
787.1400
820.3400
831.4100
838.9700
861.5200
860.5600
863.6300
874.4100
880.3100
890.5400
895.7900
915.7800
911.3100
911.3200
913.3100
933.4800
947.3400
964.3700
980.2000
1000.8000
1014.5000
1023.6000
1006.7000
978.4800
977.4700
983.5200
1012.2000
1034.5000
1011.0000
977.9700
984.2100
1002.6000
1018.3000
1018.7000
1013.8000
1004.6000
1016.2000
1033.1000
1048.0000
1056.8000
1052.6000
1059.1000
1051.0000
1054.5000
1049.1000
1045.7000
1066.8000
1071.6000
1079.0000
1077.4000
1070.7000
1069.2000
1081.2000
1110.0000
1110.3000
1130.7000
1143.1000
1152.3000
1176.1000
1189.6000
1191.1000
1200.9000
1198.1000
1197.9000
1203.8000
1211.4000
1211.9000
1222.3000
1225.6000
1225.4000
1212.6000
1188.4000
1192.0000
1190.8000
1161.0000
1169.6000
1131.8000
1116.1000
1067.8000
1085.1000
1012.7000
1010.4000
991.5700
951.8500
950.8500
961.2000
980.2400
999.5300
988.9100
985.0000
1035.3000
1080.5000
1117.6000
1116.4000
1088.3000
1153.8000
1076.0000
1058.2000
1081.7000
1088.1000
1069.9000
1079.5000
1069.4000
1085.0000
1109.0000
1102.1000
1048.4000
960.7700
941.9800
972.1400
984.0500
1004.2000
1009.6000
1030.0000
1034.4000
1036.3000
1055.7000
1062.9000
1052.5000
1025.4000
1016.7000
1009.2000
1018.5000
1011.0000
998.7300
972.7600
971.3900
963.1700
964.9600
969.8500
974.5400
972.8900
968.5900
956.7200
955.2000
955.6700
957.0500
949.2700
933.9600
923.4200
922.7500
924.3700
960.0800
999.2500
1015.2000
1014.6000
1011.7000
1017.0000
1035.9000
1055.4000
1060.1000
1053.6000
1053.3000
1041.8000
1037.9000
1033.3000
1027.4000
1024.2000
1017.4000
1011.2000
1016.4000
1009.8000
1021.0000
1024.7000
1017.3000
1019.9000
987.5700
959.2700
951.7600
944.9900
935.6300
925.5700
900.4700
867.9000
843.0500
828.5100
807.9200
797.8100
781.2700
756.6500
750.7900
728.1000
725.5000
700.8300
709.0000
694.5600
700.5700
680.9800
696.1200
694.1100
724.0300
753.4300
758.1100
754.9400
766.1300
777.4600
792.5700
794.5600
810.3900
805.4800
815.2000
826.7900
807.1900
797.7400
805.9700
817.9300
818.4600
828.5600
824.0700
811.0000
816.0400
809.7400
811.4400
814.6100
778.1200
739.3200
718.9700
709.3000
717.5900
710.2800
692.2200
663.3100
646.0700
631.9600
619.6800
604.4100
613.7000
621.8600
614.1500
608.4200
601.8900
593.7300
592.3400
597.9800
597.5300
602.7600
608.7800
612.6900
657.8500
694.4200
706.8600
712.8000
710.8800
727.2200
745.8200
771.9800
780.7000
768.8600
764.5700
759.5100
744.3900
739.4900
742.1400
745.1100
746.2200
740.4900
734.8400
723.7500
721.7100
723.0400
719.7900
715.5700
686.9400
657.0200
639.4300
625.1000
617.2800
602.5200
580.7100
556.8800
535.1400
522.2600
509.6400
504.0400
518.9900
519.6600
507.3100
503.6600
498.6000
490.0000
478.9400
484.5800
490.9400
487.4100
479.1800
458.7400
470.2500
500.6200
493.0700
490.9100
487.8500
491.5200
497.2400
516.4500
503.4600
509.8700
509.6700
510.6100
467.0100
435.7400
421.6500
414.9900
425.7900
398.1300
403.7300
400.8500
407.6800
436.7800
445.4700
461.4900
438.4000
422.0500
