5.1722
5.4665
6.0121
6.5088
6.8808
7.3126
7.7569
8.1654
8.4458
8.7049
8.8984
9.1671
9.1233
9.1768
9.2148
9.0677
8.9057
9.1191
9.1224
8.6858
8.8090
9.1173
9.6329
9.9873
10.2469
10.5500
10.6721
10.5904
10.3264
9.9324
9.6869
9.6875
9.9187
10.2172
10.5934
10.8310
10.9625
11.0462
10.9927
10.8657
10.7188
10.5998
10.3909
10.1450
9.8966
9.7053
9.6299
9.5775
9.7389
10.0978
10.2550
10.3058
9.7985
9.2058
8.7118
8.5252
7.7551
7.0636
6.2302
5.1768
4.8868
4.4042
4.5275
4.0043
4.4076
6.1123
5.1360
4.8953
4.7129
5.1096
5.6477
6.3673
7.0614
8.1114
8.8282
9.2024
9.3586
9.4674
9.3294
9.2149
9.1816
9.1211
9.0850
9.0506
8.7254
8.5922
8.8471
8.7967
9.1622
9.3425
9.4870
9.1441
8.8480
9.5173
10.0167
9.9586
9.6919
9.2563
9.3673
9.3734
9.1796
8.4144
7.4631
6.2869
4.4164
3.8471
3.8864
3.9546
4.0644
4.4440
5.4295
6.8593
8.0652
7.9846
7.8430
7.1433
6.2586
6.3326
6.1221
5.9904
5.7493
5.1122
4.2157
3.6941
3.1176
2.5573
2.1196
1.2346
0.4223
2.3520
4.2971
5.7226
6.6343
7.8101
8.0695
8.5822
8.6670
8.9476
8.5921
8.0074
8.0391
7.8347
7.9662
9.5970
11.3709
11.4683
8.7616
8.3274
8.5506
7.4458
8.9686
9.0969
9.3838
8.4689
8.1400
5.1253
7.7767
15.9219
15.5895
14.8257
10.5211
8.7232
6.9885
6.3901
7.3423
8.6955
10.1563
11.4225
11.6100
11.4636
11.8220
12.7910
15.6116
17.0787
16.6205
15.8987
15.0381
14.4034
13.7708
13.4442
13.1626
12.5869
12.1771
11.4707
11.2654
11.0863
11.0089
10.7648
10.7717
10.5161
10.2860
9.7619
9.5469
9.2180
8.9383
8.8920
8.6724
8.6544
8.7186
8.6911
8.5243
8.3439
8.6135
9.0323
9.3283
9.4221
9.2645
9.1447
8.6139
8.2515
8.0021
7.3546
6.5020
6.1060
6.2502
6.4722
6.6776
6.7798
6.9577
6.9145
7.0981
7.2233
7.2575
7.1962
7.2900
7.1523
7.2352
7.0891
6.9453
7.0240
6.9823
7.0473
7.3175
7.5083
7.6832
8.1988
8.3815
8.8252
9.1583
9.4412
9.7954
10.0901
10.2153
10.2696
10.4165
10.3001
10.4549
10.3533
10.5374
10.2341
10.2092
9.9728
9.9972
9.6931
9.3678
9.0863
8.6799
8.5603
8.6592
8.0527
7.9936
7.9501
7.9876
8.0564
8.1487
7.9579
7.8052
8.1313
8.3309
8.2999
8.1087
8.1230
8.0311
8.1783
8.3704
8.4303
8.5391
8.4527
8.3417
8.2901
8.3112
8.3371
8.3719
8.1628
8.1640
8.1239
8.0871
8.0239
7.9506
7.9752
8.0826
7.7637
7.0912
7.0189
6.8471
6.7348
6.8432
6.8119
6.6793
6.6622
6.7812
6.8808
6.9318
6.9530
6.9187
6.8553
6.5592
6.2276
5.9858
5.8497
5.7769
5.7055
5.6414
5.5955
5.5854
5.5823
5.5784
5.5892
5.5919
5.6283
5.6965
5.7511
5.8010
5.9011
5.9884
6.1560
6.4019
6.6063
6.8055
6.9718
7.1280
7.2992
7.4513
7.6182
7.8359
8.0651
8.2294
8.2760
8.3241
8.3272
8.3531
8.4361
8.4042
8.3993
8.6254
8.8274
8.7528
8.5761
8.5035
8.5239
8.6913
8.3837
8.0596
8.4569
8.8550
8.9952
9.0586
9.0196
8.7672
9.0465
8.8986
8.8626
8.5964
8.5412
8.6726
8.8724
8.7965
8.5256
8.8774
8.9393
9.1782
9.3192
9.1845
9.0792
8.8385
8.9529
8.9088
