-1.5818
-1.6161
-1.5907
-1.5792
-1.6236
-1.6447
-1.6533
-1.6805
-1.7444
-1.8205
-1.9132
-2.0064
-2.1120
-2.1885
-2.2923
-2.3739
-2.3609
-2.1941
-2.1399
-1.9061
-1.6070
-1.2072
-0.8642
-0.6778
-0.4357
-0.1239
0.1110
0.2890
0.4996
0.7897
1.1733
1.6135
2.0098
2.4035
2.6813
2.8520
3.0299
3.2222
3.3676
3.4934
3.6044
3.7000
3.7828
3.8702
3.9646
4.0680
4.1709
4.2696
4.3595
4.4500
4.5456
4.6304
4.6986
4.7631
4.8255
4.8756
4.8961
4.8915
4.8716
4.8479
4.7873
4.6733
4.5476
4.3557
4.0138
3.0480
2.5269
1.9729
2.0283
2.0409
1.6989
1.2779
0.9678
0.7639
0.5686
0.4837
0.4639
0.3224
0.0232
-0.2492
-0.4597
-0.6174
-0.7094
-0.7979
-0.9321
-1.0736
-1.1955
-1.3320
-1.4170
-1.5084
-1.5650
-1.6577
-1.7314
-1.7403
-1.7494
-1.7857
-1.8241
-1.8965
-1.9362
-1.9990
-2.0747
-2.2087
-2.3557
-2.5474
-2.7704
-2.7849
-2.7535
-2.7089
-2.6643
-2.6159
-2.5369
-2.4391
-2.3671
-2.4562
-2.4968
-2.4316
-2.2288
-1.8124
-1.4191
-1.0133
-0.5979
-0.2839
0.0327
0.3233
0.5805
0.8192
1.0122
1.0971
0.9914
0.3835
-0.4593
-0.9560
-1.3509
-1.7352
-1.7832
-1.9350
-1.9953
-2.1489
-2.0710
-1.9289
-1.7227
-1.5418
-0.8284
-0.7120
0.0360
0.1791
0.9093
1.2436
1.4800
1.8858
2.4282
2.5051
2.4314
2.2593
1.9579
1.4717
-1.5682
-3.5363
-3.0504
-2.9150
-2.0648
-1.2095
-0.8838
-1.0077
-1.3893
-1.4489
-1.5281
-1.7962
-2.0707
-2.2676
-2.4017
-2.3807
-2.3825
-2.3957
-2.5273
-2.6075
-2.6616
-2.6981
-2.7339
-2.7538
-2.7735
-2.8445
-2.9494
-3.0238
-2.9751
-2.9396
-2.9117
-2.8984
-2.8793
-2.8641
-2.8485
-2.8524
-2.8509
-2.8546
-2.8576
-2.8539
-2.8457
-2.8387
-2.8257
-2.8145
-2.8046
-2.8036
-2.7883
-2.7541
-2.7454
-2.7557
-2.7764
-2.8319
-2.9029
-2.9289
-2.9026
-2.8152
-2.6984
-2.5708
-2.4443
-2.2154
-1.9874
-1.6700
-1.3157
-0.9708
-0.6433
-0.3623
-0.1018
0.1672
0.4217
0.6463
0.8229
0.9748
1.0880
1.1492
1.1740
1.1540
1.0877
0.9587
0.8446
0.6999
0.5392
0.3720
0.2426
0.1470
0.0483
-0.0085
-0.0513
-0.0459
-0.0435
-0.0309
-0.0343
-0.0448
-0.0553
-0.0765
-0.1017
-0.1347
-0.2077
-0.3333
-0.5035
-0.6524
-0.8667
-1.0304
-1.2881
-1.5770
-1.8410
-2.0038
-2.1535
-2.2908
-2.4067
-2.4940
-2.5625
-2.6003
-2.6384
-2.6876
-2.7351
-2.7699
-2.8090
-2.8305
-2.8427
-2.8657
-2.8852
-2.9090
-2.9348
-2.9389
-2.9395
-2.9474
-2.9548
-2.9706
-2.9777
-2.9792
-2.9750
-2.9704
-2.9708
-2.9714
-2.9701
-2.9837
-2.9985
-3.0014
-3.0025
-3.0043
-3.0036
-3.0064
-3.0127
-3.0187
-3.0296
-3.0398
-3.0499
-3.0833
-3.1101
-3.1228
-3.1194
-3.1032
-3.0941
-3.0902
-3.0991
-3.0923
-3.0688
-3.0441
-3.0144
-2.9843
-2.9613
-2.9446
-2.9301
-2.9184
-2.9054
-2.8915
-2.8742
-2.8669
-2.8652
-2.8695
-2.8776
-2.8720
-2.8603
-2.8468
-2.8283
-2.8115
-2.7971
-2.7803
-2.7705
-2.7525
-2.7287
-2.6984
-2.6823
-2.6790
-2.6622
-2.6334
-2.6032
-2.5704
-2.5426
-2.5315
-2.5315
-2.5346
-2.5262
-2.5111
-2.5173
-2.5551
-2.5836
-2.5404
-2.5214
-2.5061
-2.4950
-2.5318
-2.5817
-2.5980
-2.6091
-2.6177
-2.6247
-2.6042
-2.5892
-2.5695
-2.5497
-2.5569
-2.5442
-2.5550
-2.5630
-2.5705
-2.5951
-2.6071
-2.6382
-2.6515
-2.6485
