-2.1686
-2.5095
-2.6824
-2.7217
-2.5894
-2.4670
-2.3186
-2.4733
-2.5304
-2.6101
-2.4147
-2.3722
-2.1476
-1.9119
-1.6090
-0.9036
-0.0056
1.1168
1.5639
1.6310
1.5603
2.0295
2.6205
2.9824
3.2803
3.6363
4.1410
4.5820
5.3906
5.7537
6.0459
6.3674
6.7782
7.1067
7.5075
7.9199
7.9770
8.1113
8.0095
7.9099
7.7481
7.7423
7.5262
7.2552
6.9611
6.7866
6.6354
6.3376
6.0228
5.6197
5.7479
5.9096
5.8713
5.8062
5.7400
5.4838
5.3255
4.6869
4.0604
3.2153
2.6930
2.4233
3.0004
1.8327
-0.9558
-1.5533
-0.0935
0.1526
-1.5182
-2.3257
-2.8937
-2.8663
-2.5249
-2.6623
-2.4802
-2.1748
-1.8918
-2.0978
-2.0625
-1.9751
-1.8313
-1.9103
-1.8786
-1.7819
-1.5549
-1.3994
-1.5718
-1.4323
-1.8077
-1.8227
-1.8336
-1.3027
-0.6957
-0.9009
-0.9846
-0.5237
-0.1591
0.2242
0.1175
0.0940
-0.1212
0.1332
0.5750
0.9327
1.6819
1.4806
1.3724
0.9639
0.6795
0.3658
0.2200
-0.2555
-0.6737
-0.8395
-0.8110
-0.8012
-0.8550
-0.6014
-0.4295
-0.2321
0.4853
0.9529
1.2880
1.7602
1.7731
1.4306
1.2673
0.6107
-0.4128
-1.6869
-2.9884
-4.3254
-4.9841
-5.7629
-5.6347
-6.4729
-6.5213
-7.4664
-7.7188
-7.0933
-7.5459
-7.6853
-7.9431
-9.5772
-11.2634
-11.1744
-8.1058
-7.7553
-7.7105
-6.3896
-6.6747
-6.3387
-5.7129
-6.1386
-6.1611
-2.8825
3.8142
4.3550
2.5023
-2.0445
-4.1670
-6.9132
-6.9656
-5.8159
-4.8582
-4.6903
-3.8486
-3.0442
-2.2916
-0.9273
-0.5191
-3.2173
-6.1740
-5.8548
-4.7388
-4.2502
-3.8276
-3.5636
-3.1963
-3.2856
-3.2717
-2.9366
-2.8777
-2.5059
-2.6600
-2.7793
-3.0069
-3.0699
-3.2411
-3.2338
-3.2499
-3.0132
-3.0710
-2.9780
-2.8833
-3.0250
-3.0563
-3.1713
-3.3300
-3.4161
-3.3834
-3.3857
-3.6302
-3.8968
-4.1669
-4.3329
-4.3590
-4.1930
-4.0347
-3.6762
-3.4065
-2.9252
-2.4702
-2.2693
-2.3620
-2.4303
-2.4406
-2.5728
-2.6990
-2.8212
-2.9633
-3.0396
-3.0827
-3.1019
-3.1564
-3.1536
-3.3299
-3.4282
-3.5137
-3.8220
-4.1043
-4.5081
-5.0241
-5.5726
-6.0233
-6.6672
-7.0582
-7.6013
-8.0255
-8.3925
-8.7604
-9.0376
-9.1247
-9.1506
-9.1951
-9.0101
-9.0931
-8.8398
-8.8371
-8.3305
-8.1718
-7.7051
-7.6698
-7.3009
-7.0957
-6.8181
-6.5151
-6.4830
-6.7029
-6.2222
-6.3105
-6.2644
-6.4273
-6.4108
-6.6240
-6.5533
-6.5107
-6.8530
-7.1285
-7.2103
-7.0363
-7.1256
-7.1230
-7.2490
-7.4028
-7.4399
-7.4835
-7.4123
-7.3347
-7.2604
-7.2395
-7.2988
-7.3204
-7.1182
-7.0516
-6.9928
-6.9700
-6.9013
-6.8820
-6.9240
-7.1014
-6.8521
-6.2555
-6.1992
-6.1096
-6.1073
-6.2931
-6.2872
-6.1981
-6.2089
-6.3056
-6.4023
-6.4424
-6.4557
-6.4374
-6.3958
-6.1487
-5.8673
-5.6597
-5.5670
-5.5553
-5.5637
-5.5681
-5.5602
-5.5668
-5.5767
-5.5784
-5.5867
-5.5791
-5.5981
-5.6394
-5.6568
-5.6584
-5.7109
-5.7555
-5.8899
-6.1245
-6.3460
-6.5571
-6.7197
-6.8906
-7.0686
-7.2791
-7.4842
-7.7510
-7.9990
-8.1894
-8.2492
-8.3114
-8.3201
-8.3501
-8.4357
-8.4037
-8.3942
-8.6064
-8.7872
-8.7019
-8.5275
-8.4467
-8.4528
-8.6142
-8.3317
-8.0263
-8.4117
-8.7984
-8.9276
-8.9638
-8.9201
-8.6793
-8.9276
-8.7795
-8.7571
-8.5300
-8.5026
-8.6496
-8.8585
-8.7898
-8.5256
-8.8770
-8.9393
-9.1737
-9.3089
-9.1706
-9.0742
-8.8383
-8.9526
-8.9087
