4.6956
4.8565
5.3805
5.9124
6.3750
6.8839
7.4023
7.7819
8.0578
8.3043
8.5645
8.8548
8.8670
8.9755
9.0732
9.0226
8.9057
9.0504
8.9873
8.5313
8.6697
8.8886
9.2696
9.5316
9.7077
9.9035
9.8360
9.5479
8.8077
8.0961
7.5685
7.3010
7.2413
7.3407
7.4739
7.3882
7.5196
7.4983
7.5292
7.4496
7.4067
7.2397
7.1643
7.0910
7.0346
6.9379
6.9790
7.1807
7.6532
8.3895
8.4928
8.4432
7.8446
7.1438
6.5534
6.5274
5.6375
5.2846
4.7253
4.0572
4.0779
3.6775
3.3905
3.5603
4.3027
5.9116
5.1351
4.8929
4.4616
4.5497
4.8501
5.6857
6.5945
7.6620
8.4727
8.9417
9.1654
9.2321
9.0986
9.0008
8.9971
8.9188
8.8887
8.8734
8.5858
8.4775
8.7064
8.6793
8.9821
9.1630
9.3081
9.0509
8.8206
9.4745
9.9682
9.9448
9.6906
9.2536
9.3665
9.3729
9.1788
8.4134
7.4410
6.2174
4.0837
3.5508
3.6360
3.8353
4.0072
4.4289
5.4251
6.8545
8.0370
7.9403
7.8009
7.0982
6.1999
6.3040
6.1070
5.9859
5.7288
5.0226
4.0141
3.2477
2.5643
2.1197
1.6990
1.0730
0.0894
-1.6390
-3.0878
-3.7470
-4.3787
-5.2714
-5.7764
-5.6353
-5.7088
-4.9308
-3.7741
-3.7154
-2.7723
-1.5227
-0.6068
-0.6166
1.5600
2.5796
3.3260
3.0334
3.6961
3.8227
5.9904
6.5249
7.4443
5.8344
5.3198
4.2380
-6.7771
-15.3147
-15.3874
-14.6841
-9.6607
-5.3199
-0.5662
2.6473
5.5053
7.3221
9.3989
11.0094
11.3816
11.4260
11.8106
12.3798
14.3389
16.0438
15.9307
15.3201
14.5429
13.9556
13.3948
13.0366
12.7495
12.2395
11.8322
11.1936
10.9469
10.7323
10.5903
10.3178
10.2725
10.0065
9.7591
9.2852
9.0395
8.7238
8.4605
8.3617
8.1160
8.0524
8.0576
7.9916
7.8241
7.6261
7.8111
8.1485
8.3459
8.3668
8.1750
8.1268
7.6106
7.3873
7.2408
6.7478
6.0145
5.6687
5.7867
5.9985
6.2156
6.2727
6.4129
6.3128
6.4500
6.5526
6.5702
6.4934
6.5712
6.4195
6.4234
6.2051
5.9909
5.8931
5.6487
5.4168
5.3201
5.0320
4.7698
4.7717
4.5201
4.4839
4.4120
4.3246
4.3823
4.4869
4.5925
4.6616
4.8942
4.9908
5.1596
5.3897
5.7396
5.9447
6.1196
6.3315
6.4124
6.3761
6.1162
6.0062
5.7353
5.5900
5.4820
5.1118
4.9067
4.8950
4.7425
4.8794
4.7459
4.5148
4.3048
4.3765
4.3113
4.1110
4.0302
3.8998
3.7096
3.7864
3.9065
3.9644
4.1126
4.0627
3.9730
4.0014
4.0824
4.0292
4.0621
3.9952
4.1142
4.1351
4.1013
4.0932
3.9811
3.9576
3.8599
3.6502
3.3397
3.2917
3.0913
2.8388
2.6882
2.6217
2.4893
2.4156
2.4948
2.5211
2.5584
2.5822
2.5354
2.4676
2.2841
2.0877
1.9486
1.7967
1.5849
1.2641
0.9062
0.6269
0.4557
0.2501
-0.0024
-0.1683
-0.3782
-0.5821
-0.8045
-1.0373
-1.2785
-1.4864
-1.6540
-1.7905
-1.8640
-1.8362
-1.8218
-1.8579
-1.8244
-1.8204
-1.5924
-1.4227
-1.1502
-1.0299
-0.8104
-0.6657
-0.4595
-0.3438
-0.2256
-0.0831
0.0918
0.2934
0.5711
0.8418
0.9430
0.9113
0.9815
1.0988
1.1554
0.9323
0.7329
0.8732
0.9995
1.1002
1.3072
1.3356
1.2379
1.4621
1.4513
1.3632
1.0661
0.8111
0.6311
0.4970
0.3446
-0.0176
-0.0844
0.0112
0.2875
0.4387
0.5041
0.3018
-0.0706
-0.0722
0.0466
