0.0000
-0.0027
-0.0030
-0.0013
-0.0015
-0.0043
-0.0027
-0.0011
0.0014
0.0004
0.0035
0.0026
0.0013
0.0030
0.0072
0.0014
0.0024
0.0028
-0.0049
-0.0057
-0.0072
0.0031
0.0010
-0.0011
-0.0028
-0.0018
0.0001
-0.0028
0.0003
-0.0030
0.0005
0.0042
0.0001
0.0043
0.0079
0.0021
0.0022
0.0029
0.0017
0.0004
0.0043
0.0022
0.0007
0.0013
0.0018
0.0050
0.0045
0.0030
0.0009
0.0035
0.0055
-0.0003
-0.0024
-0.0031
-0.0083
-0.0072
-0.0053
-0.0072
-0.0051
0.0036
-0.0129
-0.0452
-0.0267
0.0300
0.0712
-0.0749
-0.0013
-0.0263
-0.0230
-0.0147
-0.0107
-0.0019
0.0007
0.0019
0.0043
0.0074
0.0001
-0.0027
-0.0054
-0.0070
-0.0086
-0.0018
-0.0005
0.0072
0.0068
0.0001
0.0006
-0.0017
-0.0045
-0.0031
0.0040
0.0025
0.0088
-0.0040
-0.0013
0.0043
0.0037
-0.0034
-0.0039
0.0016
0.0080
0.0188
0.0228
0.0469
0.0449
-0.0076
-0.0056
-0.0046
-0.0081
-0.0047
-0.0204
-0.0218
-0.0182
-0.0058
0.0025
0.0076
0.0148
0.0150
0.0150
0.0199
0.0274
0.0309
0.0323
0.0427
0.0450
0.0541
0.0725
0.1121
0.1521
0.1189
-0.0091
-0.0233
0.0304
0.0042
0.0141
0.0201
0.0252
0.0301
0.0258
0.0012
0.0183
0.0063
0.0140
0.0347
0.0241
0.0579
0.0004
0.0130
0.0013
-0.0174
0.0640
0.0513
0.0456
0.0628
0.0615
0.1649
0.1767
-0.1318
-0.1390
-0.0370
0.0229
-0.0017
-0.0384
-0.0320
-0.0441
-0.0524
-0.0402
-0.0384
-0.0458
-0.0221
-0.0596
-0.0688
-0.0572
-0.0261
-0.0273
-0.0283
-0.0206
-0.0168
-0.0111
-0.0083
0.0000
-0.0027
-0.0042
-0.0070
-0.0107
-0.0069
-0.0052
-0.0076
-0.0015
0.0016
0.0076
0.0076
0.0113
0.0074
0.0063
0.0057
0.0056
0.0044
0.0059
0.0080
0.0094
0.0086
0.0040
-0.0006
0.0014
0.0004
0.0038
0.0026
-0.0013
0.0001
0.0070
0.0104
0.0087
0.0054
0.0106
0.0133
0.0128
0.0108
0.0147
0.0181
0.0219
0.0216
0.0209
0.0233
0.0271
0.0294
0.0355
0.0468
0.0598
0.0802
0.0988
0.1097
0.1090
0.1027
0.0917
0.0819
0.0705
0.0577
0.0516
0.0480
0.0405
0.0346
0.0305
0.0294
0.0260
0.0274
0.0268
0.0263
0.0288
0.0318
0.0350
0.0360
0.0393
0.0422
0.0445
0.0448
0.0443
0.0321
0.0311
0.0230
0.0143
0.0057
0.0054
0.0031
0.0055
0.0071
0.0039
-0.0016
0.0021
0.0057
0.0076
0.0066
0.0043
0.0026
0.0005
0.0032
0.0043
0.0047
0.0072
0.0054
0.0076
0.0066
0.0106
0.0087
0.0075
0.0063
0.0078
0.0061
0.0039
0.0009
0.0019
0.0087
0.0049
0.0028
0.0044
0.0019
0.0017
0.0052
0.0039
0.0022
0.0025
0.0036
0.0042
0.0052
0.0056
0.0082
0.0086
0.0085
0.0086
0.0065
0.0036
0.0005
-0.0005
0.0005
0.0015
0.0030
0.0042
0.0052
0.0035
0.0020
-0.0003
-0.0018
-0.0036
-0.0042
-0.0038
-0.0051
-0.0055
-0.0041
-0.0027
-0.0023
-0.0021
0.0000
0.0019
0.0017
0.0022
0.0004
0.0008
0.0011
0.0012
0.0015
-0.0001
0.0018
0.0048
0.0058
0.0046
0.0053
0.0076
0.0065
0.0053
0.0058
0.0078
0.0125
0.0148
0.0133
0.0137
0.0124
0.0062
0.0066
0.0088
0.0124
0.0138
0.0145
0.0155
0.0145
0.0152
0.0174
0.0213
0.0194
0.0187
0.0178
0.0162
0.0179
0.0146
0.0135
0.0160
0.0172
0.0218
