3.3970
3.3810
3.3420
3.3000
3.3110
3.3070
3.3400
3.4200
3.5080
3.5930
3.6130
3.6550
3.8700
3.9980
4.1520
4.2630
4.3300
4.4020
4.2780
4.1730
3.7440
3.3430
3.1890
3.3120
3.3500
3.3090
3.3810
3.2920
3.1670
3.1310
3.2120
3.2910
3.4240
3.7650
4.1490
4.4270
4.5740
4.7100
4.7750
4.7980
4.8770
5.0880
5.3670
5.5860
5.6970
5.8700
6.1240
6.3460
6.4570
6.5070
6.4980
6.4710
6.3950
6.3140
6.2020
6.0850
6.0610
6.0900
6.1310
6.1830
6.2670
6.1640
6.1240
6.1640
6.1070
6.0440
6.3150
6.3330
6.3420
6.5080
6.2180
5.9550
5.8050
5.7420
5.8650
5.7380
5.7220
5.4560
5.5180
5.3220
5.1580
5.1320
5.1510
5.1410
4.8890
4.8340
4.6330
4.5390
4.3790
4.3300
4.3400
4.5570
4.6250
4.5730
4.5610
4.6550
4.7440
4.8020
4.8280
4.7750
4.7400
4.7860
4.7390
4.8260
4.8710
5.0040
5.0480
5.0650
5.0910
5.1230
5.0990
5.0120
4.9360
4.8490
4.7630
4.7180
4.7830
4.4490
4.3000
4.2920
4.1260
3.9970
4.0050
4.0410
3.9840
3.9830
4.0100
3.9570
3.9800
4.0240
4.0680
4.1200
4.1280
4.1390
4.1770
4.1890
4.1360
4.0990
4.0790
4.0870
4.0650
4.0000
3.9170
3.8830
3.8250
3.8140
3.7940
3.8380
3.8860
3.8550
3.9380
3.9130
3.9290
3.9840
4.0010
3.9490
3.9490
3.9040
3.8330
3.7550
3.7920
3.8070
3.8500
3.8810
3.9270
3.9810
4.0240
4.0630
4.1440
4.1110
4.2020
4.2070
4.2360
4.2560
4.2730
4.3950
4.4780
4.4260
4.2900
4.2100
4.1010
4.1670
4.2890
4.3600
4.3920
4.5210
4.5350
4.5470
4.6080
4.6570
4.7630
4.8410
4.8690
4.8730
4.9390
5.0220
5.0260
5.0530
5.1180
5.2440
5.3990
5.5710
5.6990
5.8090
5.9460
6.0360
6.0410
6.0200
5.9860
5.9830
5.9520
5.9290
5.9480
5.9930
6.0490
6.0690
6.0040
6.0320
6.1250
6.1440
6.2140
6.4280
6.5660
6.7330
6.6340
6.7860
6.8090
7.0200
6.7130
6.2550
6.2770
6.2410
6.2090
6.2470
6.3820
6.4730
6.4050
6.4960
6.6430
6.7680
6.6630
6.5140
6.3650
6.1650
5.9350
5.8350
5.8360
5.9710
6.0810
6.1230
6.1010
6.1090
6.0910
6.1360
6.1250
5.9300
5.9450
5.9250
5.9050
5.9240
6.1090
6.0990
6.1570
6.1260
6.0050
5.8300
5.7600
5.7710
5.7480
5.7490
5.7890
5.7270
5.6900
5.6150
5.5220
5.3780
5.4450
5.4150
5.2990
5.1290
5.2060
5.2320
5.2520
5.1720
5.0740
5.0770
4.8500
4.7230
4.5680
4.4970
4.6480
4.5440
4.5180
4.7140
4.5650
4.7000
4.7900
4.7350
4.7980
4.9480
4.8750
4.9240
4.9130
4.9910
5.1100
5.1800
5.2560
5.4120
5.5740
5.6940
5.8110
5.6880
5.7660
5.9120
5.8790
6.0810
6.2280
6.8330
6.4960
6.3590
6.0210
6.3570
6.7110
6.7780
6.6740
6.8590
6.8480
6.3520
6.0540
5.7640
5.6100
5.5560
5.2570
5.5350
5.3120
5.5320
5.5870
6.1480
5.9400
5.6410
5.6650
5.8020
5.6430
5.3510
5.2880
5.0590
5.0570
5.1160
5.2030
5.2340
5.3600
5.3140
5.2960
5.1590
5.1160
5.0310
5.0580
5.0000
4.9980
4.9320
4.9790
4.8810
4.9610
5.0360
5.0370
4.9190
4.7350
4.6590
4.6050
4.5980
4.4880
4.4570
4.3180
4.1930
4.1500
4.2610
4.4730
