518.1900
507.8500
500.6900
490.7500
490.9100
504.8600
508.7900
518.7200
504.7300
537.4600
548.9100
562.0900
590.8800
600.7500
627.7000
656.5500
666.3300
682.6500
681.1400
674.3700
681.9400
693.7100
714.0400
722.9300
720.2800
713.3800
723.1700
718.0200
719.8100
724.5400
729.2400
737.2600
751.5600
755.4700
762.4900
773.9500
787.4300
795.1400
803.7800
804.3100
801.2900
805.7200
812.2400
821.1700
830.3000
835.5000
843.4100
848.0800
864.0600
869.9900
876.3200
890.2700
898.8100
904.7400
912.1300
923.5000
937.0000
945.2200
967.0900
973.8000
978.8400
1001.3000
1016.6000
1040.3000
1066.8000
1092.7000
1119.3000
1140.1000
1170.1000
1174.9000
1211.1000
1226.3000
1241.2000
1257.2000
1264.5000
1289.6000
1307.7000
1343.5000
1351.0000
1375.0000
1398.0000
1416.3000
1426.7000
1438.1000
1460.2000
1466.6000
1479.6000
1449.9000
1434.4000
1433.1000
1440.8000
1440.4000
1442.8000
1444.2000
1431.2000
1424.7000
1432.7000
1434.6000
1437.1000
1448.0000
1449.9000
1446.9000
1453.6000
1458.2000
1471.2000
1469.2000
1475.1000
1480.6000
1487.1000
1494.8000
1506.6000
1546.1000
1578.0000
1592.5000
1602.7000
1602.4000
1611.0000
1633.1000
1663.0000
1677.9000
1689.3000
1701.1000
1704.6000
1700.1000
1715.5000
1725.9000
1732.9000
1743.7000
1750.5000
1758.2000
1768.9000
1780.5000
1792.1000
1802.2000
1811.0000
1802.4000
1796.0000
1797.8000
1797.8000
1800.4000
1798.2000
1792.8000
1784.3000
1776.7000
1774.5000
1766.9000
1758.8000
1743.0000
1724.8000
1716.8000
1701.0000
1699.7000
1694.2000
1684.1000
1675.9000
1672.0000
1669.4000
1672.4000
1671.4000
1707.6000
1728.2000
1740.5000
1745.2000
1747.5000
1751.8000
1763.6000
1783.6000
1797.6000
1795.3000
1808.5000
1807.0000
1795.1000
1795.6000
1805.4000
1813.1000
1812.5000
1811.0000
1819.6000
1826.5000
1827.7000
1840.5000
1838.2000
1830.6000
1783.7000
1746.4000
1725.3000
1720.2000
1729.8000
1721.2000
1701.4000
1671.6000
1648.0000
1641.9000
1637.8000
1633.9000
1651.9000
1652.8000
1638.5000
1628.9000
1618.8000
1614.0000
1606.7000
1608.0000
1601.0000
1591.2000
1590.4000
1590.7000
1619.9000
1648.1000
1654.7000
1657.0000
1650.2000
1652.9000
1659.2000
1675.3000
1690.2000
1693.7000
1693.1000
1692.3000
1676.9000
1678.0000
1680.2000
1679.1000
1691.1000
1694.2000
1683.0000
1675.4000
1678.3000
1684.8000
1681.7000
1672.2000
1635.2000
1589.5000
1559.0000
1532.3000
1517.7000
1499.9000
1470.9000
1425.3000
1397.0000
1373.4000
1359.9000
1336.2000
1325.7000
1311.1000
1278.7000
1268.8000
1240.1000
1221.7000
1216.9000
1207.4000
1181.0000
1180.0000
1167.9000
1172.3000
1192.2000
1194.4000
1208.1000
1223.5000
1211.2000
1212.8000
1244.9000
1258.2000
1283.1000
1288.3000
1280.7000
1281.2000
1252.1000
1244.4000
1219.4000
1213.3000
1210.2000
1208.2000
1201.6000
1183.7000
1168.4000
1157.6000
1163.5000
1166.4000
1119.1000
1057.3000
1045.0000
1050.1000
1057.2000
1030.1000
999.6600
968.1500
949.4500
945.5600
945.5800
930.1300
951.5400
953.6700
940.1700
938.2500
923.5700
926.9000
933.3700
939.0700
932.3500
927.4200
925.5000
930.4200
949.6200
971.7500
978.7300
978.7500
967.9600
966.6500
973.7900
984.8800
1005.3000
1008.3000
1010.4000
1019.9000
1005.5000
999.2500
971.5100
1000.5000
1011.2000
1032.0000
1021.3000
998.1300
995.0500
1002.1000
987.2900
1001.0000
993.1500
951.2900
947.1400
927.0400
922.6400
914.3900
872.6400
857.5600
830.4100
815.2200
786.7000
784.7900
801.0400
794.2600
781.9800
791.8600
790.6800
780.7300
796.3800
796.6100
777.6500
768.5900
774.3700
765.3800
796.4000
815.1800
844.5200
857.3600
860.4200
873.5600
887.1200
894.7000
913.5000
911.5000
920.7100
913.0200
895.5000
891.7100
907.9800
920.9100
929.8200
927.6900
935.1500
938.4100
940.9600
944.7500
939.6900
937.5500
893.4700
843.2300
