4.5898
4.5646
4.5022
4.4366
4.4543
4.4479
4.4995
4.6265
4.7667
4.9014
4.9323
5.0000
5.3403
5.5441
5.7879
5.9636
6.0709
6.1843
5.9883
5.8208
5.1404
4.5044
4.2598
4.4550
4.5155
4.4497
4.5654
4.4241
4.2252
4.1686
4.2959
4.4222
4.6336
5.1733
5.7838
6.2248
6.4578
6.6733
6.7763
6.8130
6.9388
7.2740
7.7156
8.0634
8.2395
8.5147
8.9168
9.2691
9.4459
9.5254
9.5104
9.4686
9.3476
9.2182
9.0407
8.8561
8.8177
8.8632
8.9277
9.0107
9.1435
8.9812
8.9171
8.9803
8.8897
8.7908
9.2199
9.2496
9.2632
9.5262
9.0669
8.6495
8.4105
8.3118
8.5057
8.3042
8.2792
7.8575
7.9560
7.6451
7.3852
7.3426
7.3728
7.3569
6.9583
6.8699
6.5515
6.4018
6.1479
6.0712
6.0872
6.4307
6.5395
6.4561
6.4365
6.5868
6.7279
6.8191
6.8616
6.7772
6.7216
6.7941
6.7201
6.8578
6.9285
7.1409
7.2094
7.2371
7.2782
7.3290
7.2905
7.1534
7.0318
6.8940
6.7574
6.6866
6.7897
6.2595
6.0224
6.0110
5.7474
5.5430
5.5555
5.6119
5.5212
5.5196
5.5632
5.4789
5.5152
5.5856
5.6550
5.7369
5.7494
5.7672
5.8273
5.8462
5.7627
5.7035
5.6728
5.6850
5.6499
5.5466
5.4153
5.3617
5.2697
5.2521
5.2196
5.2901
5.3654
5.3169
5.4493
5.4096
5.4347
5.5215
5.5487
5.4667
5.4664
5.3939
5.2821
5.1586
5.2176
5.2403
5.3090
5.3579
5.4315
5.5176
5.5857
5.6472
5.7748
5.7236
5.8675
5.8759
5.9221
5.9524
5.9802
6.1743
6.3048
6.2227
6.0066
5.8808
5.7066
5.8116
6.0059
6.1178
6.1683
6.3730
6.3952
6.4153
6.5125
6.5890
6.7578
6.8808
6.9263
6.9329
7.0376
7.1679
7.1752
7.2178
7.3205
7.5213
7.7662
8.0393
8.2435
8.4179
8.6351
8.7777
8.7859
8.7530
8.6987
8.6941
8.6439
8.6074
8.6388
8.7099
8.7985
8.8302
8.7265
8.7720
8.9194
8.9490
9.0607
9.3990
9.6193
9.8832
9.7259
9.9683
10.0047
10.3385
9.8525
9.1249
9.1598
9.1029
9.0527
9.1127
9.3270
9.4715
9.3627
9.5074
9.7408
9.9388
9.7733
9.5360
9.3000
8.9826
8.6169
8.4585
8.4599
8.6746
8.8487
8.9153
8.8816
8.8929
8.8653
8.9357
8.9197
8.6095
8.6339
8.6023
8.5691
8.6000
8.8938
8.8772
8.9689
8.9200
8.7289
8.4507
8.3394
8.3579
8.3203
8.3216
8.3857
8.2880
8.2280
8.1099
7.9623
7.7333
7.8399
7.7922
7.6086
7.3378
7.4606
7.5012
7.5341
7.4060
7.2515
7.2556
6.8956
6.6945
6.4482
6.3361
6.5760
6.4101
6.3689
6.6797
6.4435
6.6582
6.8011
6.7134
6.8125
7.0510
6.9357
7.0124
6.9957
7.1199
7.3081
7.4195
7.5405
7.7876
8.0442
8.2351
8.4214
8.2258
8.3497
8.5803
8.5286
8.8485
9.0828
10.0420
9.5084
9.2896
8.7535
9.2878
9.8483
9.9554
9.7897
10.0840
10.0654
9.2799
8.8059
8.3457
8.1015
8.0155
7.5420
7.9820
7.6289
7.9783
8.0651
8.9559
8.6251
8.1502
8.1894
8.4070
8.1546
7.6914
7.5904
7.2270
7.2239
7.3172
7.4557
7.5049
7.7054
7.6317
7.6042
7.3856
7.3178
7.1827
7.2263
7.1343
7.1300
7.0258
7.1012
6.9451
7.0718
7.1902
7.1927
7.0057
6.7134
6.5931
6.5071
6.4954
6.3220
6.2715
6.0513
5.8534
5.7856
5.9619
6.2982
