-6.3668
-6.3673
-6.2787
-6.2721
-6.3586
-6.4570
-6.5149
-6.5494
-6.5812
-6.6136
-6.6536
-6.7040
-6.7438
-6.7586
-6.8108
-6.8662
-6.8516
-6.8711
-7.0927
-7.1127
-7.1407
-7.0011
-6.5707
-6.0567
-5.6018
-5.1242
-4.6623
-4.2619
-3.8852
-3.5691
-3.2775
-3.0579
-2.9118
-2.7188
-2.5672
-2.5490
-2.5873
-2.6164
-2.6524
-2.6983
-2.7657
-2.8824
-3.0671
-3.3230
-3.6510
-4.0253
-4.4717
-4.9198
-5.3568
-5.8070
-6.2339
-6.6254
-7.0065
-7.3785
-7.8317
-8.1723
-8.4859
-8.8000
-9.1116
-9.3461
-9.5285
-9.7150
-9.9018
-10.0889
-10.2529
-10.4219
-10.4434
-10.5014
-10.4538
-10.4273
-10.4406
-10.4643
-10.4744
-10.4519
-10.4106
-10.3347
-10.2845
-10.2470
-10.2244
-10.2073
-10.1973
-10.1914
-10.1931
-10.1909
-10.1877
-10.1962
-10.2249
-10.2647
-10.2803
-10.2694
-10.2318
-10.1941
-10.1754
-10.1608
-10.1448
-10.1265
-10.1305
-10.1397
-10.1576
-10.1734
-10.1805
-10.1896
-10.1818
-10.1527
-10.1126
-10.0870
-10.0822
-10.0871
-10.0988
-10.1130
-10.1298
-10.1325
-10.1330
-10.1472
-10.1618
-10.1635
-10.1343
-10.1566
-10.1101
-10.0404
-9.9651
-9.8783
-9.7783
-9.6827
-9.5949
-9.5002
-9.3984
-9.2995
-9.2020
-9.1151
-9.0513
-9.0038
-8.9961
-9.0101
-9.0272
-9.0467
-9.0536
-9.0410
-9.0207
-9.0104
-9.0136
-9.0232
-9.0399
-9.0663
-9.1015
-9.1407
-9.1877
-9.2500
-9.3276
-9.4171
-9.5169
-9.6278
-9.7366
-9.8333
-9.9127
-9.9882
-10.0617
-10.1337
-10.2080
-10.2808
-10.3341
-10.3711
-10.4113
-10.4494
-10.4806
-10.5088
-10.5252
-10.5334
-10.5344
-10.5237
-10.5170
-10.5262
-10.5301
-10.5205
-10.5125
-10.5011
-10.4914
-10.4766
-10.4630
-10.4780
-10.5080
-10.5133
-10.5089
-10.5183
-10.5163
-10.5042
-10.5088
-10.5159
-10.5311
-10.5528
-10.5762
-10.5992
-10.6287
-10.6617
-10.6926
-10.7220
-10.7470
-10.7648
-10.7723
-10.7752
-10.7724
-10.7688
-10.7685
-10.7654
-10.7580
-10.7539
-10.7542
-10.7578
-10.7695
-10.7847
-10.7942
-10.7825
-10.7974
-10.7483
-10.7273
-10.7046
-10.6836
-10.6677
-10.6519
-10.6223
-10.5942
-10.5555
-10.5015
-10.6816
-10.8801
-10.9513
-11.1893
-11.7460
-12.7063
-12.8564
-12.7062
-12.7356
-12.6899
-12.5634
-12.2851
-12.0080
-11.8221
-11.6557
-11.5670
-11.6448
-11.8014
-11.8395
-11.7622
-11.6927
-11.5827
-11.4635
-11.3835
-11.2929
-11.2245
-11.1503
-11.1068
-11.0360
-10.9431
-10.8659
-10.8509
-10.9447
-11.0668
-11.1881
-11.3089
-11.3941
-11.4590
-11.4963
-11.4843
-11.4512
-11.4355
-11.4233
-11.3883
-11.3580
-11.3457
-11.3349
-11.3331
-11.3341
-11.3254
-11.3311
-11.3445
-11.3353
-11.3071
-11.2883
-11.2643
-11.2176
-11.1556
-11.1169
-11.0958
-11.0680
-11.0252
-10.9790
-10.9271
-10.8816
-10.8554
-10.8376
-10.8291
-10.8311
-10.8279
-10.8227
-10.8167
-10.8158
-10.8127
-10.8009
-10.7854
-10.7685
-10.7500
-10.7389
-10.7525
-10.7901
-10.8394
-10.8331
-10.9107
-10.9426
-10.9691
-10.9947
-11.0186
-11.0399
-11.0657
-11.1011
-11.1503
-11.2154
-11.2807
-11.3544
-11.4020
-11.4340
-11.4525
-11.4556
-11.4618
-11.4620
-11.4439
-11.4340
-11.4190
-11.4094
-11.4083
-11.3629
-11.3467
-11.3218
-11.2884
-11.2637
-11.2652
-11.2807
-11.3003
-11.3378
-11.3232
-11.3304
-11.3332
-11.3364
-11.3124
-11.2927
-11.2959
-11.3116
-11.3388
-11.3769
-11.4064
-11.4486
-11.5005
-11.5627
-11.6224
-11.6785
-11.7536
-11.8172
-11.8555
-11.8818
-11.8954
-11.9204
-11.9359
-11.9290
-11.9038
-11.8684
-11.8411
-11.8184
-11.7942
-11.7718
-11.7547
-11.7406
-11.7323
-11.7279
-11.7204
-11.7044
-11.6872
-11.6660
-11.6467
