3.9212
4.0279
3.9962
4.0269
4.0963
4.1727
4.2298
4.4147
4.5952
4.7408
4.8152
4.9251
5.3187
5.5437
5.7785
5.9163
5.9617
5.9838
5.7106
5.4140
4.6374
3.9801
3.7124
3.7252
3.6172
3.4470
3.3355
3.1038
2.8039
2.5519
2.2851
1.8797
1.5575
1.6013
1.6607
1.4945
1.1741
0.9530
0.6845
0.3943
0.0906
-0.2175
-0.3770
-0.5585
-0.8290
-1.1078
-1.4099
-1.6214
-1.8872
-2.2688
-2.5692
-2.7140
-2.7119
-2.6425
-2.6518
-2.5306
-2.4746
-2.5471
-2.6375
-2.9020
-3.1046
-2.9809
-2.9676
-3.0465
-3.0970
-3.1079
-3.2851
-3.4897
-3.7130
-4.0358
-3.9650
-3.9105
-4.0819
-4.3074
-4.6886
-4.8206
-4.9220
-4.7177
-4.7466
-4.7036
-4.6207
-4.5304
-4.5656
-4.5343
-4.3081
-4.1685
-3.8381
-3.5516
-3.3600
-3.3401
-3.3463
-3.4083
-3.4682
-3.4607
-3.5697
-3.6465
-3.7120
-3.8911
-4.0246
-4.0450
-4.0404
-4.1572
-4.2197
-4.3657
-4.4332
-4.6605
-4.8228
-4.9548
-5.0797
-5.1676
-5.1830
-5.2212
-5.2284
-5.1449
-5.0390
-4.9689
-4.9636
-4.5727
-4.4229
-4.4730
-4.3767
-4.3180
-4.3986
-4.5294
-4.5219
-4.5634
-4.6394
-4.6307
-4.6991
-4.7934
-4.8905
-4.9536
-4.9385
-4.8840
-4.8442
-4.7978
-4.7008
-4.6303
-4.5874
-4.5716
-4.5283
-4.4735
-4.4071
-4.4116
-4.4034
-4.4262
-4.4462
-4.5369
-4.6176
-4.6371
-4.7429
-4.7637
-4.8029
-4.8954
-5.0038
-5.0308
-5.1103
-5.1063
-5.0710
-5.0144
-5.1233
-5.1846
-5.2750
-5.3346
-5.4015
-5.4859
-5.5632
-5.6369
-5.7696
-5.7232
-5.8670
-5.8758
-5.9220
-5.9473
-5.9706
-6.1645
-6.2931
-6.2013
-5.9557
-5.8323
-5.6498
-5.7611
-5.9750
-6.0958
-6.1296
-6.3338
-6.3249
-6.3366
-6.4437
-6.5217
-6.6989
-6.8258
-6.8603
-6.8563
-6.9497
-7.0840
-7.1073
-7.1618
-7.2664
-7.4800
-7.7326
-8.0169
-8.2245
-8.4027
-8.6240
-8.7650
-8.7684
-8.7304
-8.6662
-8.6621
-8.6076
-8.5566
-8.5884
-8.6634
-8.7462
-8.7589
-8.6382
-8.6487
-8.7617
-8.7301
-8.7369
-8.9827
-8.9208
-8.6915
-8.5978
-8.8504
-8.9674
-9.1026
-8.5646
-8.1369
-8.1278
-8.0827
-8.0837
-8.2364
-8.4779
-8.5636
-8.3457
-8.4261
-8.7008
-8.8470
-8.6463
-8.4284
-8.2695
-8.0290
-7.6795
-7.6497
-7.6639
-7.8789
-8.0004
-8.0846
-8.0644
-8.1372
-8.0486
-8.0136
-7.6358
-7.3484
-7.5170
-7.4571
-7.3197
-7.5128
-7.8019
-7.6969
-8.0048
-7.9164
-7.5809
-7.4057
-7.4326
-7.5217
-7.5305
-7.7559
-7.8572
-7.7890
-7.6823
-7.4844
-7.4081
-7.3497
-7.5021
-7.3757
-7.1175
-7.0149
-7.3157
-7.3166
-7.0526
-6.9367
-6.9531
-7.1082
-6.8198
-6.6429
-6.3835
-6.2711
-6.5303
-6.3855
-6.3680
-6.6794
-6.4404
-6.6499
-6.7597
-6.6461
-6.7363
-6.9921
-6.8723
-6.9428
-6.8709
-6.9122
-6.9717
-7.0599
-7.1402
-7.3506
-7.6009
-7.7835
-7.9370
-7.7283
-7.7733
-7.8247
-7.6463
-8.0297
-8.2303
-9.0661
-8.6877
-8.6139
-8.2235
-8.0912
-9.1766
-8.9847
-8.7349
-9.0448
-8.8718
-8.3259
-8.0430
-7.9088
-7.5616
-7.4499
-6.9501
-7.3232
-6.7745
-7.0253
-6.7741
-7.7526
-7.4327
-7.0133
-6.9708
-7.3333
-7.3374
-6.9053
-6.6509
-6.4407
-6.4679
-6.2546
-6.1633
-6.2190
-6.3513
-6.4353
-6.3504
-6.0916
-5.8677
-5.5847
-5.6449
-5.4113
-5.3358
-5.2359
-5.3587
-5.2602
-5.3505
-5.4101
-5.3932
-5.1715
-4.9375
-4.8153
-4.7581
-4.7731
-4.6096
-4.5143
-4.2709
-4.0664
-3.9437
-3.9435
-4.0753
