2.3855
2.1474
2.0738
1.8622
1.7496
1.5404
1.5345
1.3839
1.2670
1.2443
1.0681
0.8617
0.4798
0.0684
-0.3289
-0.7497
-1.1463
-1.5618
-1.8024
-2.1376
-2.2176
-2.1091
-2.0890
-2.4434
-2.7030
-2.8138
-3.1172
-3.1526
-3.1607
-3.2963
-3.6377
-4.0029
-4.3640
-4.9192
-5.5403
-6.0427
-6.3501
-6.6049
-6.7417
-6.8015
-6.9382
-7.2708
-7.7064
-8.0440
-8.1977
-8.4423
-8.8046
-9.1262
-9.2554
-9.2512
-9.1567
-9.0713
-8.9456
-8.8314
-8.6431
-8.4869
-8.4633
-8.4893
-8.5292
-8.5307
-8.6003
-8.4721
-8.4088
-8.4477
-8.3328
-8.2231
-8.6148
-8.5660
-8.4865
-8.6290
-8.1540
-7.7150
-7.3535
-7.1086
-7.0968
-6.7618
-6.6572
-6.2836
-6.3850
-6.0269
-5.7611
-5.7784
-5.7891
-5.7934
-5.4643
-5.4607
-5.3096
-5.3262
-5.1486
-5.0699
-5.0849
-5.4532
-5.5441
-5.4502
-5.3559
-5.4853
-5.6112
-5.6000
-5.5573
-5.4378
-5.3717
-5.3738
-5.2301
-5.2887
-5.3246
-5.4104
-5.3587
-5.2750
-5.2124
-5.1972
-5.1272
-4.8897
-4.7022
-4.5888
-4.5024
-4.4744
-4.6329
-4.2746
-4.0874
-4.0155
-3.7253
-3.4757
-3.3936
-3.3133
-3.1679
-3.1050
-3.0700
-2.9282
-2.8871
-2.8674
-2.8394
-2.8938
-2.9439
-3.0670
-3.2391
-3.3406
-3.3334
-3.3303
-3.3371
-3.3794
-3.3787
-3.2792
-3.1469
-3.0473
-2.8947
-2.8273
-2.7342
-2.7206
-2.7323
-2.6013
-2.6833
-2.5634
-2.5432
-2.5539
-2.3980
-2.1390
-1.9406
-1.7376
-1.4782
-1.2111
-0.9875
-0.7624
-0.5992
-0.4994
-0.5703
-0.5902
-0.5006
-0.3406
-0.2454
-0.0671
-0.0778
-0.0162
0.0324
0.2472
0.3393
0.3480
0.3835
0.5153
0.7801
0.7543
0.8034
0.7642
0.6082
0.5180
0.6897
0.7059
0.9457
1.0020
0.9439
0.9393
0.8905
0.8682
0.9540
1.0279
1.1085
1.0932
0.9848
0.8974
0.8880
0.7869
0.7212
0.6004
0.5589
0.5055
0.4376
0.4722
0.5541
0.6295
0.7522
0.7453
0.7922
0.9334
0.9313
0.8988
0.9571
1.1201
1.2388
1.4656
1.6698
1.9673
2.4003
2.7665
3.5985
4.7048
4.5467
4.5866
4.4362
4.9017
4.8702
4.1296
4.2240
4.1872
4.0748
3.8991
3.8882
4.0463
4.2438
4.4035
4.3795
4.5290
4.5562
4.4605
4.2550
4.0277
3.9085
3.6094
3.5824
3.6293
3.7807
3.7579
3.7213
3.5876
3.7168
3.9534
4.6105
4.4861
4.2472
4.2886
4.4555
4.1856
4.2696
4.4231
4.0453
4.1106
4.3271
4.0707
3.7817
3.6440
3.5381
3.0158
2.9299
2.8323
2.9465
3.1233
2.9186
2.4053
2.2765
2.5134
2.6894
2.1526
1.4634
1.6540
2.6503
2.5944
2.0589
1.4547
1.0194
0.8294
0.9107
0.9053
0.7738
0.5606
0.1058
-0.0656
-0.1996
-0.3327
-0.7492
-0.9483
-1.0162
-0.9097
-0.9355
-0.9853
-1.3156
-1.7071
-2.1918
-2.2816
-2.4242
-2.5719
-2.6335
-2.6894
-2.8151
-2.8171
-3.0486
-3.5208
-3.7778
-3.7174
-3.8417
-4.3182
-3.8642
-3.4781
-2.9996
-4.5602
-3.5748
-4.2877
-4.4205
-4.4585
-4.7542
-4.0983
-3.5853
-2.6647
-2.9078
-2.9578
-2.9287
-3.1755
-3.5082
-3.7813
-4.3769
-4.4840
-4.3759
-4.1520
-4.2981
-4.1110
-3.5580
-3.3875
-3.6578
-3.2782
-3.2172
-3.7975
-4.1954
-4.2008
-4.3628
-4.1023
-4.1828
-4.1760
-4.3727
-4.5169
-4.5116
-4.6494
-4.7293
-4.6848
-4.6596
-4.5347
-4.6242
-4.7360
-4.7589
-4.7260
-4.5487
-4.5035
-4.4389
-4.4054
-4.3266
-4.3535
-4.2869
-4.2103
-4.2332
-4.4714
-4.8020
