2.3960
2.6320
2.7700
2.9020
2.9870
3.0580
3.0970
3.1260
3.1340
3.1690
3.2340
3.2510
3.2910
3.3700
3.3540
3.3990
3.4680
3.4680
3.3840
3.1680
3.0560
3.0280
3.0490
3.0870
3.1240
3.1260
3.0460
3.0190
3.0320
3.1060
3.1870
3.3060
3.4440
3.5900
3.6770
3.7660
3.8020
3.8450
3.8960
4.0880
4.4170
4.6580
4.9830
5.0550
4.9640
4.9500
4.9320
5.2210
5.2830
5.2260
5.2380
4.6560
4.6310
4.7800
4.6570
4.7220
4.9050
5.0180
4.7920
5.0980
4.7670
5.2720
4.8610
4.5460
4.3130
4.3900
4.4160
4.4410
4.5480
4.2750
4.2780
4.3610
4.3480
4.5080
4.2240
4.1070
4.0460
4.1550
4.0800
4.0480
3.8990
3.8620
3.9540
3.8250
3.9370
3.9250
4.0250
4.1590
4.4970
4.4950
4.4480
4.6220
4.5520
4.5280
4.5590
4.6130
4.7050
4.7580
4.7090
4.7160
4.7030
4.6990
4.7120
4.8160
4.9660
4.9190
4.9130
5.0110
5.0420
5.2110
5.5180
5.4850
5.5100
5.3610
5.1630
5.0410
4.8010
4.8750
4.8470
4.8330
4.8210
4.8770
4.9240
4.8410
4.7470
4.7380
4.7370
4.7020
4.6960
4.7130
4.6780
4.6040
4.6930
4.8150
4.9450
5.0340
5.0980
5.1540
5.1950
5.9980
6.4440
5.6980
5.7920
5.6830
5.4700
5.3960
6.4570
6.2430
6.1990
6.1930
6.0770
6.4280
6.2000
6.0780
6.6340
5.8420
6.5800
6.9550
5.9080
6.0000
4.6730
5.6510
4.0170
4.0880
2.2490
1.8790
2.5290
2.8890
3.0120
3.3550
4.5820
4.6180
4.5380
4.7380
5.3160
5.4950
5.1890
4.9560
4.5640
4.4920
4.8750
4.6640
4.7470
4.8200
5.0130
5.0660
5.1200
5.1560
5.0300
4.9600
4.8300
4.7760
4.9010
5.0930
5.1690
5.1390
5.1320
4.9590
4.8420
4.9030
4.9730
4.8880
4.8480
5.0400
5.0300
5.0720
5.0430
4.9430
4.9200
4.5660
4.3680
4.4430
4.4100
4.3090
4.2000
4.2180
4.2660
4.2590
4.2770
4.2800
4.2570
4.2090
4.1380
4.0590
3.9910
3.9890
3.9940
4.0020
3.9290
3.7640
3.6000
3.4130
3.2310
3.0220
2.8860
2.8390
2.8540
2.9310
3.0510
3.1520
3.3000
3.3730
3.5820
3.7590
4.0140
4.2330
4.1120
4.0880
3.9500
3.9990
3.9060
3.8260
3.6670
3.5450
3.5140
3.3400
3.2040
3.1820
3.0760
2.9740
2.9180
2.8150
2.7920
2.6620
2.6180
2.5160
2.5650
2.6090
2.5180
2.5080
2.4850
2.3500
2.2060
2.0420
1.8830
1.7790
1.5990
1.3390
1.1590
1.2610
1.4610
1.6870
1.9270
2.1850
2.4280
2.7090
2.9430
3.2440
3.4730
3.6600
3.7770
3.8590
3.8970
3.8930
3.8410
3.7750
3.7070
3.5830
3.4000
3.2690
3.1820
3.0840
3.0040
3.0240
3.0270
2.9870
2.9430
2.9180
2.8340
2.5080
2.1450
2.0130
2.0250
2.0480
1.9200
1.9540
1.9720
2.0660
2.0500
2.1670
2.3330
2.5810
2.4400
2.5930
2.9020
3.1540
3.3520
3.6000
3.7790
4.0590
4.2170
4.4640
4.6060
4.7570
4.9120
5.1050
5.2960
5.4340
5.6340
5.8380
6.1140
6.3760
6.5280
6.7830
6.8860
6.8560
6.8350
6.7330
6.7030
6.6930
6.7060
6.6350
6.5530
6.4480
6.3020
6.1800
6.0710
5.9700
5.8100
5.7140
5.6450
5.5960
5.5550
5.4860
5.3810
5.4070
5.3770
5.3830
5.4280
5.5420
5.5380
5.5400
5.5490
5.6130
5.7210
5.6590
5.6360
