284.7200
321.1900
318.8500
314.2500
324.5400
319.0600
330.8400
319.6200
318.0200
338.2300
328.1700
354.8600
346.5100
356.9200
363.8600
386.5600
400.4100
405.0400
405.8300
409.8200
408.1700
421.7200
433.3700
453.3800
455.3400
460.1900
465.7600
464.1800
475.8100
476.1300
480.4600
483.6800
476.0600
471.1300
464.5900
468.3500
471.8900
464.9300
466.0900
442.4300
423.4900
411.0100
406.2000
411.2100
425.2000
408.0000
384.0300
363.1000
346.5900
330.4400
304.5800
337.8400
353.0900
355.4400
379.5900
368.7000
334.1200
280.3200
296.6900
274.6800
289.6900
261.9000
292.8800
296.6800
303.6200
296.1100
313.8400
311.8600
299.2300
320.9200
328.1800
314.1000
323.1800
322.2600
333.8300
346.5300
358.2700
346.4000
350.9800
350.6300
358.3700
363.8500
363.4000
366.3600
357.4000
359.9900
360.0300
324.6700
272.4500
258.6800
257.8000
248.1600
248.7100
231.0400
203.7400
194.2200
186.2300
179.1900
176.5300
176.8300
167.0700
159.5400
151.2500
144.6600
134.5200
134.5500
134.9100
129.2100
123.2000
116.2800
106.0700
128.3500
137.5500
130.6100
141.3000
122.8700
119.3900
115.7400
118.7900
113.8100
101.5300
89.0830
76.7460
73.0590
69.7400
60.3660
54.9010
41.4830
26.7270
11.4490
1.5411
-7.6491
-21.2480
-34.9210
-42.1930
-70.1080
-91.9070
-111.9600
-138.9200
-192.4000
-234.1800
-210.7400
-231.2000
-250.0800
-274.4700
-312.2400
-337.9000
-342.8500
-356.8300
-364.7700
-341.7200
-358.5000
-383.0000
-440.1100
-411.2600
-396.3600
-389.8200
-368.8800
-356.1400
-384.1600
-279.7100
-224.6000
-241.1400
-249.7100
-231.6000
-219.4600
-259.7600
-310.0300
-335.4200
-293.7700
-204.5800
-217.1000
-184.5900
-222.6000
-205.3100
-179.2600
-165.2900
-125.6400
-96.8270
-93.7110
-77.1240
-68.2880
-25.6100
-35.2220
-61.9720
-77.7780
-73.5430
-68.2930
-77.2660
-83.5110
-93.7520
-96.8110
-87.5660
-79.8490
-73.5300
-54.7510
-38.8230
-27.9150
-24.7510
-19.4230
-6.2250
10.0260
26.5720
37.8860
50.9840
65.8900
80.3750
118.9700
155.2800
172.5500
180.8500
183.4600
195.0400
213.8000
239.6100
248.8500
249.5200
254.7300
258.6800
264.2700
276.2900
286.1100
290.9100
293.4900
297.7500
300.6800
305.5600
310.3400
309.0600
308.2600
308.8200
284.1500
262.8400
252.8700
245.9200
248.8000
240.0800
231.1300
213.2000
207.1600
204.4000
200.8800
189.4000
192.1900
173.5400
159.3600
184.1700
178.4600
186.9800
173.1600
196.2800
208.2800
210.2100
214.0200
203.6000
236.8700
271.2200
281.2000
294.8400
318.4800
332.1300
351.5700
394.4600
418.9200
420.7800
440.5900
440.7200
456.4800
467.6700
469.8000
485.6500
491.1200
505.1200
509.8200
515.4400
516.7700
542.1400
538.4000
544.9700
507.7600
481.0200
479.4300
478.6700
488.5800
492.5500
474.3800
450.5500
441.5600
441.5300
438.5200
441.4500
452.2200
447.6100
443.6200
438.2900
439.2300
446.9700
455.9600
465.1100
465.4600
465.6200
474.1700
474.9700
506.0000
533.9800
543.6000
546.4800
539.5800
547.3600
553.3600
579.0700
593.7100
594.5300
604.6200
611.7400
608.8200
613.0300
611.1400
628.9700
635.7800
636.8000
627.1700
631.8700
628.6100
628.8500
626.9100
631.8100
591.7100
560.3700
544.8700
533.2600
522.3300
512.4400
493.1200
463.3000
444.2300
425.9200
418.3500
405.2600
408.7900
412.1400
399.3700
409.5000
400.2800
396.3300
418.5500
426.9400
435.3900
437.5900
430.3200
421.4100
439.3600
444.0500
469.4000
466.1900
481.3100
500.7200
507.1300
527.6500
542.8400
570.7700
577.3200
586.8300
575.4500
578.1100
567.2100
570.9400
574.7400
570.3700
561.4600
560.3800
558.4300
561.8200
559.2700
554.2500
528.4800
495.1000
