3.0024
3.3758
3.5949
3.8043
3.9390
4.0529
4.1144
4.1598
4.1725
4.2286
4.3308
4.3580
4.4215
4.5476
4.5217
4.5928
4.7035
4.7021
4.5702
4.2264
4.0486
4.0048
4.0377
4.0985
4.1575
4.1594
4.0329
3.9900
4.0111
4.1282
4.2564
4.4451
4.6650
4.8958
5.0347
5.1761
5.2331
5.3004
5.3818
5.6869
6.2081
6.5904
7.1070
7.2207
7.0764
7.0548
7.0266
7.4849
7.5835
7.4927
7.5110
6.5881
6.5485
6.7847
6.5894
6.6932
6.9827
7.1620
6.8039
7.2888
6.7638
7.5647
6.9136
6.4137
6.0444
6.1655
6.2071
6.2472
6.4164
5.9840
5.9875
6.1204
6.0994
6.3530
5.9030
5.7170
5.6201
5.7931
5.6738
5.6226
5.3860
5.3277
5.4733
5.2688
5.4469
5.4272
5.5863
5.7994
6.3353
6.3330
6.2576
6.5345
6.4230
6.3852
6.4343
6.5197
6.6655
6.7505
6.6715
6.6829
6.6631
6.6555
6.6760
6.8416
7.0804
7.0058
6.9959
7.1509
7.2002
7.4685
7.9556
7.9036
7.9435
7.7071
7.3925
7.1992
6.8177
6.9347
6.8906
6.8683
6.8498
6.9389
7.0126
6.8819
6.7316
6.7180
6.7170
6.6602
6.6518
6.6778
6.6222
6.5057
6.6459
6.8397
7.0465
7.1885
7.2890
7.3781
7.4429
8.7169
9.4257
8.2416
8.3913
8.2171
7.8795
7.7614
9.4451
9.1063
9.0360
9.0272
8.8434
9.3995
9.0373
8.8445
9.7263
8.4705
9.6403
10.2362
8.5753
8.7200
6.6147
8.1663
5.5733
5.6869
2.7686
2.1818
3.2121
3.7843
3.9798
4.5240
6.4708
6.5281
6.4006
6.7176
7.6347
7.9192
7.4342
7.0647
6.4420
6.3278
6.9356
6.6004
6.7318
6.8475
7.1543
7.2390
7.3248
7.3815
7.1808
7.0707
6.8633
6.7778
6.9766
7.2809
7.4017
7.3546
7.3435
7.0688
6.8832
6.9791
7.0916
6.9560
6.8928
7.1978
7.1816
7.2475
7.2022
7.0434
7.0070
6.4450
6.1316
6.2495
6.1971
6.0379
5.8651
5.8932
5.9692
5.9584
5.9872
5.9910
5.9549
5.8793
5.7655
5.6410
5.5330
5.5294
5.5376
5.5499
5.4344
5.1728
4.9126
4.6152
4.3269
3.9947
3.7798
3.7047
3.7290
3.8510
4.0416
4.2010
4.4367
4.5525
4.8843
5.1651
5.5697
5.9160
5.7241
5.6868
5.4684
5.5457
5.3977
5.2705
5.0187
4.8246
4.7751
4.5000
4.2834
4.2482
4.0808
3.9186
3.8305
3.6669
3.6309
3.4244
3.3546
3.1920
3.2700
3.3405
3.1956
3.1802
3.1432
2.9292
2.7006
2.4397
2.1877
2.0224
1.7374
1.3249
1.0389
1.2015
1.5186
1.8774
2.2576
2.6666
3.0528
3.4986
3.8691
4.3473
4.7100
5.0068
5.1929
5.3226
5.3833
5.3778
5.2949
5.1894
5.0823
4.8859
4.5950
4.3877
4.2494
4.0934
3.9673
3.9989
4.0030
3.9393
3.8700
3.8308
3.6962
3.1789
2.6031
2.3944
2.4133
2.4500
2.2460
2.3008
2.3282
2.4777
2.4531
2.6380
2.9012
3.2959
3.0712
3.3150
3.8046
4.2049
4.5195
4.9129
5.1960
5.6399
5.8915
6.2831
6.5090
6.7474
6.9940
7.3005
7.6034
7.8220
8.1400
8.4641
8.9020
9.3170
9.5585
9.9632
10.1261
10.0786
10.0453
9.8829
9.8366
9.8197
9.8405
9.7283
9.5977
9.4309
9.1990
9.0060
8.8340
8.6725
8.4191
8.2662
8.1567
8.0792
8.0142
7.9044
7.7385
7.7795
7.7323
7.7412
7.8128
7.9945
7.9875
7.9910
8.0050
8.1064
8.2780
8.1791
8.1434
