-2.0464
-2.0028
-1.9359
-1.8751
-1.8202
-1.7604
-1.7018
-1.6561
-1.6208
-1.5954
-1.5845
-1.5828
-1.5909
-1.6003
-1.6137
-1.6296
-1.6380
-1.6963
-1.7144
-1.7692
-1.7297
-1.6977
-1.6419
-1.5952
-1.5771
-1.5672
-1.5379
-1.4901
-1.4449
-1.4301
-1.4455
-1.4678
-1.4950
-1.5205
-1.5226
-1.5115
-1.4967
-1.4953
-1.5215
-1.5770
-1.6631
-1.7545
-1.8244
-1.8750
-1.9767
-2.0375
-2.0265
-2.0547
-2.1269
-2.0733
-2.0383
-2.0173
-2.0570
-2.1153
-2.1514
-2.1809
-2.1809
-2.1880
-2.1798
-2.1931
-2.2235
-2.2584
-2.3195
-2.3545
-2.4124
-2.4382
-2.4877
-2.4915
-2.5136
-2.5742
-2.5659
-2.5566
-2.5804
-2.5704
-2.5723
-2.6050
-2.6619
-2.6553
-2.6522
-2.6580
-2.6671
-2.6714
-2.6725
-2.6848
-2.6998
-2.6911
-2.6745
-2.6593
-2.6240
-2.6177
-2.6193
-2.6285
-2.6328
-2.6128
-2.6034
-2.5841
-2.5473
-2.5282
-2.5188
-2.5068
-2.4844
-2.4729
-2.4697
-2.4582
-2.4463
-2.4571
-2.4639
-2.4584
-2.4496
-2.4238
-2.3836
-2.3616
-2.3067
-2.2806
-2.2341
-2.1544
-2.0575
-1.8864
-1.6310
-1.3721
-1.0692
-0.7651
-0.4330
-0.0641
0.4549
1.0170
1.4986
1.8543
2.1797
2.5625
3.0047
3.4553
3.8612
4.2594
4.5660
4.7747
5.0036
5.2396
5.4308
5.6045
5.8775
6.0883
6.1992
6.3028
6.4033
6.4398
6.2942
5.9870
6.3315
6.4373
6.1589
5.7283
5.3934
5.9706
5.8378
5.8608
5.3683
4.3097
4.0182
4.2971
2.8185
0.0494
-0.0861
-0.1637
0.5191
0.7491
0.2982
0.2973
0.7862
0.8492
0.4478
-0.0604
-0.3419
-0.2972
-0.1616
-0.5890
-0.7922
-1.1060
-1.8268
-2.4922
-2.8483
-3.1758
-3.4277
-3.6753
-3.8707
-4.0232
-4.1523
-4.2333
-4.3141
-4.3813
-4.4551
-4.4973
-4.5404
-4.6188
-4.7089
-4.7468
-4.7459
-4.7444
-4.9065
-5.1482
-5.3166
-5.3621
-5.3673
-5.4793
-5.5560
-5.6049
-5.6498
-5.6509
-5.6359
-5.5871
-5.4500
-5.2391
-4.9934
-4.7547
-4.4679
-4.0750
-3.6857
-3.3319
-2.9595
-2.6343
-2.3525
-2.0473
-1.7495
-1.5007
-1.2885
-1.0903
-0.8995
-0.7283
-0.5734
-0.4099
-0.2200
-0.0105
0.1918
0.3518
0.4669
0.5384
0.5693
0.5404
0.4553
0.3178
0.1557
0.0032
-0.1837
-0.4249
-0.6996
-0.9469
-1.1573
-1.3566
-1.5962
-1.8604
-2.0823
-2.2451
-2.3674
-2.4527
-2.5234
-2.5839
-2.6353
-2.6929
-2.7664
-2.8128
-2.8446
-2.8691
-2.8916
-2.9097
-2.9293
-2.9514
-2.9911
-3.0245
-3.0373
-3.0621
-3.0965
-3.1203
-3.1445
-3.1830
-3.2403
-3.2406
-3.1941
-3.1011
-3.0250
-2.9722
-2.9535
-2.9492
-2.9168
-2.8916
-2.8991
-2.8892
-2.8861
-2.9110
-2.9227
-2.8820
-2.7918
-2.6670
-2.6145
-2.6437
-2.6694
-2.7424
-2.8872
-3.0184
-3.0572
-2.9970
-2.8883
-2.7898
-2.6875
-2.5820
-2.5024
-2.4610
-2.4625
-2.4702
-2.5217
-2.6798
-2.5775
-2.2578
-1.8819
-1.5300
-1.2117
-0.9487
-0.7521
-0.6176
-0.5589
-0.5499
-0.5187
-0.4620
-0.3869
-0.3423
-0.4448
-0.6541
-0.8221
-0.9135
-0.9802
-1.0084
-0.9617
-0.8670
-0.7681
-0.7019
-0.7520
-0.8465
-0.9188
-0.9871
-1.0436
-1.1546
-1.2898
-1.3829
-1.4886
-1.5522
-1.6311
-1.7608
-1.8742
-1.9882
-2.0954
-2.1663
-2.1896
-2.2170
-2.3168
-2.3890
-2.3857
-2.4951
-2.5507
-2.6601
-2.7878
-2.9016
-2.9920
-3.0628
-3.1167
-3.1468
-3.1581
-3.1572
-3.1554
-3.1284
-3.1005
-3.0813
-3.0653
-3.0549
-3.0423
-3.0258
-3.0116
-3.0260
-3.0431
