-2.9747
-3.2959
-3.4731
-3.6179
-3.6952
-3.8082
-3.9520
-4.0774
-4.1340
-4.2096
-4.3134
-4.3440
-4.4105
-4.5301
-4.4748
-4.5335
-4.6326
-4.5873
-4.4240
-4.0469
-3.8299
-3.7114
-3.6711
-3.6387
-3.6477
-3.6716
-3.6581
-3.7147
-3.7677
-3.8692
-3.9174
-4.0119
-4.1653
-4.4289
-4.5795
-4.7347
-4.7630
-4.7736
-4.7717
-4.9299
-5.3641
-5.6458
-5.8707
-5.8377
-6.1819
-6.2477
-6.1937
-6.7965
-7.0672
-6.7953
-6.6539
-5.9252
-6.1244
-6.5984
-6.5578
-6.6464
-6.9303
-7.0130
-6.7089
-7.1671
-6.7067
-7.5226
-6.9132
-6.4133
-6.0441
-6.1652
-6.1865
-6.2079
-6.3200
-5.8478
-5.8371
-6.0155
-5.9630
-6.2176
-5.8263
-5.5969
-5.3849
-5.6707
-5.5851
-5.5726
-5.3382
-5.2643
-5.3459
-5.1772
-5.3738
-5.3323
-5.4962
-5.7305
-6.3065
-6.3012
-6.1822
-6.4357
-6.2946
-6.2528
-6.2634
-6.3151
-6.4564
-6.5310
-6.4501
-6.4581
-6.4387
-6.4513
-6.4804
-6.6122
-6.8329
-6.7119
-6.6474
-6.7634
-6.7734
-6.9976
-7.4618
-7.3199
-7.2784
-7.0534
-6.3449
-5.9832
-5.6102
-5.6589
-5.4236
-5.1074
-4.7960
-4.7725
-4.7487
-4.4525
-3.8745
-3.2116
-2.5684
-2.1604
-1.8925
-1.5676
-1.0747
-0.3686
0.4305
1.7129
2.9098
3.3172
3.5986
3.7718
3.4355
3.4323
4.9435
4.9881
5.5555
5.4984
5.3950
4.0979
4.3163
4.6115
5.6067
5.1283
4.9463
4.6908
3.7578
5.1588
7.4615
5.7473
6.3045
4.8927
4.8405
6.5249
3.9293
1.7112
-0.6454
1.5802
1.3249
2.1786
1.5537
0.5214
2.2050
3.5888
2.9808
2.6484
0.9303
1.7480
5.4691
7.3997
7.3294
7.0336
6.1408
5.6546
6.0786
5.4951
5.8745
6.1946
6.4024
6.4566
6.5399
6.2677
5.9034
5.8224
5.8108
5.7177
5.8234
6.0886
6.0886
5.9332
5.8586
5.5998
5.5648
5.8363
5.9806
5.8322
5.8393
6.1638
6.1620
6.2205
6.0759
5.9252
5.8296
5.5183
5.2497
5.2586
5.0610
4.8843
4.6760
4.5450
4.4278
4.3659
4.3369
4.2131
3.9979
3.7423
3.4933
3.2989
3.1281
3.0577
2.9851
2.9527
2.8150
2.6769
2.6174
2.4911
2.2730
1.9703
1.6469
1.3306
0.9885
0.4418
-0.1070
-0.6678
-0.9439
-0.9857
-1.3322
-1.7194
-2.1437
-2.5063
-2.6261
-2.8206
-3.1629
-3.6306
-3.8370
-3.9727
-3.9013
-3.7205
-3.6807
-3.4172
-3.2752
-3.3655
-3.3986
-3.4598
-3.4914
-3.4357
-3.5412
-3.3641
-3.2814
-3.1605
-3.2678
-3.1920
-2.9795
-2.9347
-2.8324
-2.5873
-2.2834
-1.9789
-1.6737
-1.3598
-0.8305
-0.5772
-0.1875
0.0256
0.2070
0.4362
0.5879
0.6958
0.9438
0.8655
0.9288
0.9639
0.9475
0.9221
1.0683
1.1770
1.1374
1.1423
1.2273
1.3219
1.3331
1.3699
1.4995
1.5235
1.3728
1.3580
1.3016
1.1316
0.9953
0.9004
0.8084
0.6339
0.4159
0.1551
-0.0161
-0.0913
-0.1573
-0.4803
-0.5813
-0.9053
-1.1801
-1.5992
-1.9134
-2.3396
-2.7131
-3.1505
-3.0478
-3.3049
-3.7996
-4.2039
-4.5192
-4.9090
-5.1831
-5.6116
-5.8511
-6.2131
-6.4401
-6.6815
-6.9301
-7.2290
-7.5390
-7.7770
-8.1026
-8.4354
-8.8656
-9.2764
-9.4968
-9.8733
-10.0150
-9.9178
-9.8530
-9.5948
-9.4300
-9.2950
-9.1453
-8.8980
-8.7509
-8.4983
-8.1948
-7.8281
-7.4071
-7.2558
-6.9452
-6.7172
-6.3746
-6.2458
-6.1096
-6.0075
-5.8337
-5.9903
-6.0473
-6.0985
-6.2494
-6.4737
-6.4690
-6.6181
-6.6611
-6.7973
-6.9400
-6.7738
-6.7644
