-0.4074
-0.7302
-0.9281
-1.1765
-1.3642
-1.3871
-1.1446
-0.8241
-0.5654
-0.3997
-0.3882
-0.3498
-0.3127
-0.3981
-0.6498
-0.7354
-0.8133
-1.0325
-1.1467
-1.2188
-1.3125
-1.5045
-1.6810
-1.8862
-1.9947
-1.9546
-1.6978
-1.4562
-1.3761
-1.4393
-1.6646
-1.9142
-2.1006
-2.0864
-2.0921
-2.0917
-2.1676
-2.3037
-2.4889
-2.8348
-3.1253
-3.3996
-4.0056
-4.2496
-3.4439
-3.2767
-3.3182
-3.1355
-2.7504
-3.1568
-3.4843
-2.8801
-2.3184
-1.5792
-0.6443
-0.7900
-0.8536
-1.4535
-1.1327
-1.3260
-0.8765
-0.7968
0.0707
0.0649
-0.0511
0.0671
0.5052
0.6994
1.1084
1.2697
1.3338
1.1286
1.2829
1.3048
0.9486
1.1653
1.6091
1.1845
0.9993
0.7483
0.7155
0.8191
1.1741
0.9783
0.8893
1.0106
0.9997
0.8914
0.6040
0.6340
0.9682
1.1324
1.2780
1.2934
1.4734
1.6206
1.6563
1.7075
1.7043
1.7185
1.7148
1.6360
1.6042
1.7568
1.8558
2.0078
2.1803
2.3220
2.4421
2.6101
2.7593
2.9809
3.1819
3.1064
3.7934
4.0036
3.8739
4.0083
4.2502
4.5922
4.8906
5.0370
5.1601
5.2474
5.5049
5.9006
6.2065
6.3001
6.3769
6.4912
6.5344
6.4953
6.6319
6.6217
6.4177
6.3774
6.3387
6.3411
6.6026
8.0127
8.0253
6.5608
6.2889
6.1065
5.7429
6.5914
8.4011
7.8523
7.0861
7.4290
7.3308
8.1454
8.2190
7.1841
6.2391
6.2223
7.2931
8.9912
7.0785
5.7848
-5.3211
-7.9850
-5.5358
-5.4630
-2.4311
0.1183
2.8114
3.7482
3.3131
2.7544
5.7434
5.9668
6.3327
6.4861
5.3272
2.8212
1.2440
0.6626
-1.9467
-2.8402
-3.3397
-3.6563
-3.2875
-2.9181
-3.1927
-3.2736
-3.2990
-3.8990
-4.0882
-4.0117
-3.6523
-3.6397
-3.8420
-3.9925
-4.2088
-4.3460
-4.4276
-4.3140
-4.0511
-3.8268
-3.8109
-3.7909
-3.6624
-3.7170
-3.6884
-3.7191
-3.8671
-3.8081
-3.8877
-3.3296
-3.1681
-3.3769
-3.5764
-3.5497
-3.5404
-3.7514
-4.0033
-4.0548
-4.1278
-4.2593
-4.4133
-4.5345
-4.5867
-4.5758
-4.5639
-4.6070
-4.6642
-4.6993
-4.6485
-4.4263
-4.1573
-3.8851
-3.6818
-3.4750
-3.4022
-3.4575
-3.5956
-3.8255
-4.0402
-4.1476
-4.3352
-4.4445
-4.6991
-4.8705
-5.1406
-5.3588
-5.0861
-4.9380
-4.4610
-4.1921
-3.7964
-3.4635
-3.1571
-3.0716
-3.0420
-2.9279
-2.7606
-2.5924
-2.2589
-1.8400
-1.5758
-1.2814
-0.8020
-0.6399
-0.6972
-0.4473
0.1224
0.9850
1.1552
1.2253
1.3628
1.3734
1.4420
1.4269
1.4089
1.4970
1.5261
1.1926
1.0218
1.2012
1.5045
1.8260
2.1797
2.5743
2.9033
3.3898
3.7560
4.2391
4.6137
4.9211
5.0818
5.1908
5.2618
5.2551
5.1507
5.0182
4.9043
4.6900
4.3434
4.1148
4.0216
3.8616
3.7477
3.8355
3.8773
3.8350
3.7846
3.7780
3.6727
3.1751
2.6030
2.3927
2.4082
2.4025
2.1695
2.1152
2.0070
1.8925
1.5351
1.2188
1.0275
0.9680
0.3780
0.2580
0.1945
0.0920
-0.0561
0.1951
0.3657
0.5647
0.6888
0.9349
0.9445
0.9404
0.9432
1.0186
0.9878
0.8380
0.7796
0.6960
0.8043
0.8692
1.0845
1.3358
1.4960
1.7930
1.9558
2.3689
2.7989
3.1671
3.6332
3.9325
3.9417
4.0891
4.1793
4.4529
4.8141
4.7504
4.7587
4.8176
5.0889
5.1247
5.1866
5.1371
5.0846
4.9636
4.8186
4.7680
4.6887
4.6908
4.6853
4.4784
4.4396
4.4170
4.5124
4.5840
4.5340
