0.0001
-0.0040
-0.0049
-0.0046
-0.0052
-0.0062
-0.0061
-0.0045
-0.0042
-0.0034
-0.0020
-0.0010
-0.0009
-0.0011
-0.0001
-0.0009
-0.0012
0.0026
0.0064
0.0072
0.0060
0.0051
0.0045
0.0029
-0.0005
-0.0025
-0.0048
-0.0050
-0.0041
-0.0036
-0.0043
-0.0057
-0.0082
-0.0108
-0.0107
-0.0097
-0.0087
-0.0077
-0.0074
-0.0117
-0.0115
-0.0094
-0.0082
0.0016
0.0043
-0.0042
-0.0038
0.0018
-0.0064
-0.0024
-0.0117
0.0140
-0.0008
-0.0081
0.0008
-0.0065
-0.0102
-0.0029
-0.0100
0.0098
-0.0138
0.0055
0.0133
0.0069
-0.0078
-0.0010
0.0057
0.0114
0.0112
0.0083
-0.0052
0.0045
0.0045
0.0006
0.0060
0.0164
0.0155
-0.0011
0.0131
0.0078
0.0121
0.0077
0.0043
0.0087
0.0116
0.0022
0.0029
-0.0006
0.0023
0.0126
0.0071
0.0094
0.0049
0.0074
0.0071
0.0055
0.0040
0.0093
0.0084
0.0066
0.0077
0.0086
0.0082
0.0039
0.0073
0.0098
0.0057
0.0045
0.0097
0.0030
0.0047
0.0150
0.0126
0.0233
0.0031
0.0154
0.0130
0.0169
0.0191
0.0213
0.0193
0.0251
0.0406
0.0515
0.0632
0.0750
0.0741
0.0559
0.0342
0.0291
0.0321
0.0361
0.0421
0.0637
0.0331
0.0117
0.0088
-0.0006
-0.0081
0.0180
0.0516
0.0210
0.0039
0.0257
0.0109
-0.0069
0.0350
-0.0120
-0.0061
0.0413
0.0042
0.0408
-0.0061
0.1102
0.1218
0.0348
0.1314
0.0205
-0.0381
0.0018
0.1975
-0.0509
0.0216
-0.0486
-0.0363
-0.0265
-0.0247
-0.0086
-0.0303
-0.0005
0.0172
0.0293
0.0265
0.0358
0.0204
0.0184
-0.0066
0.0094
0.0112
-0.0158
-0.0106
-0.0062
-0.0066
-0.0171
-0.0163
-0.0177
-0.0152
-0.0141
-0.0137
-0.0106
-0.0117
-0.0092
-0.0017
-0.0014
-0.0062
-0.0090
-0.0068
-0.0037
0.0040
0.0012
-0.0076
-0.0091
-0.0085
-0.0089
-0.0095
-0.0028
-0.0044
-0.0061
-0.0067
-0.0072
-0.0059
-0.0065
-0.0038
-0.0043
-0.0036
-0.0038
-0.0040
-0.0016
0.0020
0.0018
0.0036
0.0088
0.0141
0.0186
0.0233
0.0263
0.0287
0.0305
0.0325
0.0384
0.0521
0.0664
0.0871
0.1116
0.1343
0.1530
0.1613
0.1629
0.1532
0.1377
0.1203
0.1113
0.0985
0.0759
0.0519
0.0406
0.0369
0.0337
0.0246
0.0168
0.0121
0.0096
0.0113
0.0003
-0.0056
-0.0093
-0.0130
-0.0037
-0.0024
-0.0022
-0.0044
-0.0016
-0.0022
-0.0099
-0.0083
-0.0020
0.0097
0.0015
-0.0067
-0.0040
-0.0068
-0.0043
-0.0029
0.0010
-0.0009
-0.0044
-0.0078
-0.0080
-0.0049
-0.0035
-0.0009
-0.0030
-0.0057
-0.0053
-0.0042
-0.0038
-0.0035
-0.0039
-0.0040
-0.0036
-0.0029
-0.0053
-0.0059
-0.0064
-0.0058
-0.0064
-0.0039
-0.0025
-0.0042
-0.0085
-0.0086
-0.0080
-0.0088
-0.0090
-0.0072
-0.0043
-0.0017
-0.0027
-0.0027
-0.0011
-0.0003
0.0032
0.0061
0.0107
0.0121
0.0141
0.0138
0.0101
-0.0001
-0.0112
-0.0193
-0.0178
-0.0156
-0.0102
-0.0029
-0.0028
-0.0030
0.0024
0.0064
0.0096
0.0093
0.0104
0.0089
0.0054
0.0035
0.0012
0.0027
0.0022
0.0021
0.0054
0.0079
0.0118
0.0140
0.0136
0.0099
0.0083
0.0060
0.0025
-0.0010
0.0012
0.0011
0.0003
0.0016
0.0039
-0.0016
0.0040
0.0019
0.0010
0.0031
0.0056
0.0054
-0.0010
-0.0026
-0.0014
0.0017
-0.0010
0.0020
0.0055
0.0060
0.0067
0.0065
0.0069
0.0034
0.0058
0.0093
0.0122
0.0095
