3.5030
3.6260
3.7460
3.8880
4.0320
4.1420
4.2820
4.4650
4.5920
4.7290
4.8950
5.0190
5.1340
5.1960
5.1960
5.1860
4.9660
4.6770
4.3260
3.7630
3.3170
3.1630
3.1320
2.9360
2.7680
2.6570
2.5140
2.4180
2.3460
2.3180
2.3780
2.4850
2.6050
2.7210
2.8960
3.1540
3.4740
3.8050
4.1210
4.5470
5.0040
5.3270
5.5180
5.6330
5.9000
5.9090
5.9770
6.1290
6.2030
6.2890
6.3320
6.4230
6.3740
6.2270
6.1150
6.2470
6.2860
6.2220
6.3040
6.3590
6.3740
6.3360
6.3640
6.3370
6.5910
6.5820
6.4530
6.1390
5.9310
5.7580
5.5680
5.4510
5.5470
5.4180
5.3720
5.4580
5.4380
5.4130
5.5780
5.6200
5.6590
4.6630
5.2050
5.7200
5.8050
5.9500
6.0390
6.1210
6.2900
6.3500
6.5610
6.4610
6.6570
6.7670
7.2060
7.8470
7.5410
7.1790
7.2070
7.3630
7.3940
7.3030
7.0050
7.0040
7.0450
6.5830
6.4130
6.5840
7.0780
6.9250
7.3530
6.9750
7.3450
7.4280
7.3680
7.5400
7.7440
7.7240
7.6050
7.5850
7.6370
7.5440
7.5080
7.4000
7.1740
7.0980
6.6990
6.3440
6.2620
6.3370
6.2500
6.1030
5.9730
5.9200
6.0390
6.1370
6.1000
5.8930
5.7700
5.7200
5.6850
5.5490
5.3410
5.2200
5.3020
5.5300
5.7490
5.8940
5.9180
5.8790
5.8160
5.8560
5.8280
5.7060
5.6830
5.6670
5.6870
5.5210
5.5450
5.5240
5.4800
5.7350
5.8000
5.7470
5.6260
5.4500
5.1130
5.0020
4.8570
4.8350
4.6270
4.7220
4.4860
4.2840
4.2040
4.1890
4.0990
4.2680
4.3190
4.2370
4.3770
4.3650
4.5020
4.4830
4.2180
4.2680
4.1230
4.0450
4.1410
4.2120
4.3010
4.2230
4.2950
4.4670
4.5030
4.5530
4.6020
4.5800
4.6080
4.7230
4.7290
4.8090
4.8900
4.8550
4.8620
4.8900
4.8750
4.7970
4.7230
4.6450
4.6180
4.5530
4.4820
4.3350
4.2260
4.1560
4.1480
4.1120
4.0500
3.9120
3.7010
3.6820
3.5140
3.4460
3.5530
3.6350
3.6630
3.7210
3.8150
3.9440
4.1130
4.1610
4.3270
4.6450
4.8770
4.9640
4.9910
5.1680
5.2420
5.4590
5.5230
5.5420
5.5350
5.4390
5.5720
5.5130
5.3770
5.4350
5.6900
5.6870
5.5170
5.4550
5.5120
5.5950
5.6110
5.5600
5.5010
5.3500
5.2580
5.1310
4.9640
4.9160
4.9490
4.9840
4.9480
4.9260
4.9530
5.0230
5.0450
5.0780
5.1530
5.2520
5.3110
5.4070
5.4880
5.5720
5.6370
5.6830
5.7480
5.8290
5.9160
5.9110
5.8770
5.8240
5.7890
5.7190
5.6210
5.5930
5.5620
5.5410
5.5250
5.5400
5.5650
5.5880
5.6380
5.7140
5.7750
5.8210
5.8590
5.9280
6.0080
6.1130
6.1530
6.1730
6.1670
6.1130
5.9910
5.8310
5.8030
5.7970
5.6760
5.6700
5.5790
5.5350
5.5000
5.4920
5.5380
5.5930
5.6110
5.7580
5.9170
6.1600
6.4150
6.6040
6.7280
6.7200
6.7830
6.8330
6.8690
6.8410
6.8970
6.9200
6.8250
6.5780
6.2680
5.9930
5.7030
5.3940
5.2880
5.4390
5.4600
5.4180
5.6340
5.8980
6.0430
6.0360
6.2170
6.4680
6.2790
6.3080
6.1120
5.8900
5.5890
5.4890
5.2390
5.2760
5.5330
5.7760
5.8430
5.7020
5.7490
6.2130
6.3890
6.7090
7.1650
7.4840
7.5300
7.1900
6.9530
6.8000
6.9190
6.9020
6.7930
6.6180
6.4920
6.4120
6.9590
