747.6100
740.0900
804.7400
756.5000
793.6700
799.9800
761.6600
771.1500
749.7400
775.5000
775.4500
784.2100
784.9500
762.9200
768.1500
790.7400
795.5900
800.6200
788.4600
790.0300
786.2500
801.7900
816.1900
814.4100
814.3800
807.9100
797.7900
802.6000
803.0300
801.7900
798.4800
793.0500
793.7900
791.8300
792.3700
794.3800
790.7100
786.3400
779.2000
762.4200
749.9600
738.9700
727.1300
721.1300
712.7200
702.3600
687.5700
672.1000
668.0200
660.7300
654.4200
647.9200
642.3000
640.1500
636.3900
632.0500
627.4200
630.1900
618.5700
617.8300
614.5800
621.8600
618.0300
618.1900
603.4700
596.0200
599.4800
607.4200
617.9100
611.8100
611.4000
619.7400
604.2900
616.7800
617.0100
615.1100
626.7500
634.5000
639.2600
648.8800
662.2600
736.4400
715.4100
698.6800
698.9500
680.6500
672.6400
635.0600
583.6200
571.4200
561.5300
590.7800
577.7800
549.4600
502.7200
469.7600
498.9100
515.4500
520.2000
512.0000
496.6100
499.2000
498.4900
506.6700
489.8700
513.8300
508.2600
512.2900
477.6600
497.6500
485.9800
544.6900
556.0600
550.8300
575.1100
569.1700
575.6500
593.9100
618.4900
613.4200
613.1300
620.9400
620.0300
621.5100
634.8900
629.0700
638.8500
659.3000
658.3000
666.9400
685.4700
708.4300
720.1900
734.3100
743.8400
747.2200
748.0800
757.6600
762.1200
767.7600
766.2800
763.3500
753.7900
751.9200
753.2900
747.0600
751.1200
748.0500
737.7700
737.1600
740.7000
731.4300
731.8700
737.4500
731.5400
723.9200
702.5700
710.6800
698.4500
710.8300
734.4100
731.8500
727.0000
738.1700
752.6400
774.4200
811.0200
820.6100
825.7200
831.0800
858.2300
849.2400
868.5000
884.5600
893.9500
910.4700
918.0900
914.1700
914.4300
927.3100
927.6000
936.5300
936.5400
904.7000
887.7900
869.3500
871.3100
884.3000
871.2300
857.1900
835.7400
829.4800
828.7100
817.9800
820.6100
830.9400
829.4600
829.9600
826.6000
819.8300
823.8800
818.1000
818.4100
818.7600
814.2300
809.2900
807.9100
848.9100
892.6600
915.6700
928.1600
929.5200
944.2600
967.1400
994.5000
1012.4000
1017.7000
1019.3000
1021.6000
1022.6000
1036.6000
1047.9000
1057.0000
1060.6000
1055.6000
1059.3000
1065.7000
1075.9000
1083.8000
1081.5000
1078.6000
1054.8000
1025.4000
1007.8000
1000.1000
1004.3000
998.1700
978.1500
961.7800
940.4000
941.0200
939.0500
942.5800
958.8300
952.3000
949.5800
958.4100
955.8700
941.7500
939.3800
938.8900
942.2700
937.8800
918.9800
918.5000
950.4800
973.4700
989.6200
1003.6000
1014.7000
1033.9000
1050.2000
1067.9000
1082.2000
1093.4000
1105.2000
1110.1000
1091.2000
1090.6000
1092.5000
1092.9000
1097.3000
1101.6000
1096.3000
1082.0000
1077.4000
1080.6000
1086.3000
1091.4000
1060.6000
1026.6000
1017.7000
1016.2000
1025.1000
1020.1000
1007.7000
992.2700
975.3800
976.0900
978.5000
973.9500
989.2400
989.8300
983.9300
977.9200
970.2400
969.1100
968.7100
972.0500
965.5100
960.4700
959.2700
956.6300
980.7500
1005.6000
1014.1000
1019.5000
1016.8000
1023.7000
1033.8000
1050.2000
1065.6000
1067.9000
1070.7000
1070.3000
1051.3000
1045.4000
1042.7000
1038.2000
1030.5000
1021.0000
1011.2000
994.4300
987.0100
978.3200
970.3100
958.3500
928.0100
900.8200
889.0300
881.4300
876.0100
861.5400
849.1300
837.0700
827.5900
822.0300
823.4800
817.2700
807.3000
798.7100
793.1700
791.1400
772.1100
747.5500
728.8800
722.8100
711.9200
717.0000
715.8600
728.2200
749.4900
770.5100
780.9200
793.2100
801.5700
805.4400
819.1600
839.1500
833.4700
817.9200
814.7500
810.2400
803.7200
788.2100
776.6100
781.5200
787.6300
788.0500
786.0300
774.4700
769.5800
768.8000
767.7400
769.5100
733.3400
688.2500
