4.7577
4.9540
5.1445
5.3694
5.5977
5.7716
5.9951
6.2852
6.4869
6.7038
6.9676
7.1633
7.3465
7.4452
7.4442
7.4291
7.0797
6.6207
6.0649
5.1716
4.4638
4.2192
4.1692
3.8588
3.5928
3.4157
3.1896
3.0365
2.9231
2.8779
2.9733
3.1433
3.3337
3.5182
3.7954
4.2052
4.7118
5.2377
5.7389
6.4144
7.1396
7.6526
7.9563
8.1384
8.5624
8.5754
8.6838
8.9245
9.0434
9.1796
9.2473
9.3925
9.3135
9.0809
8.9028
9.1132
9.1751
9.0727
9.2034
9.2900
9.3137
9.2532
9.2986
9.2561
9.6585
9.6439
9.4386
8.9414
8.6114
8.3368
8.0347
7.8502
8.0011
7.7975
7.7243
7.8599
7.8281
7.7884
8.0504
8.1174
8.1796
6.5986
7.4589
8.2756
8.4106
8.6407
8.7822
8.9128
9.1809
9.2763
9.6114
9.4526
9.7628
9.9375
10.6350
11.6510
11.1665
10.5919
10.6359
10.8841
10.9324
10.7881
10.3152
10.3134
10.3785
9.6461
9.3766
9.6471
10.4310
10.1889
10.8675
10.2673
10.8545
10.9861
10.8910
11.1645
11.4878
11.4569
11.2673
11.2360
11.3174
11.1703
11.1132
10.9425
10.5833
10.4622
9.8298
9.2658
9.1366
9.2547
9.1178
8.8833
8.6780
8.5931
8.7821
8.9379
8.8787
8.5506
8.3552
8.2756
8.2203
8.0052
7.6752
7.4824
7.6124
7.9740
8.3218
8.5531
8.5908
8.5279
8.4279
8.4924
8.4474
8.2539
8.2182
8.1921
8.2234
7.9601
7.9992
7.9657
7.8955
8.2995
8.4026
8.3189
8.1271
7.8484
7.3136
7.1369
6.9064
6.8719
6.5415
6.6919
6.3182
5.9977
5.8702
5.8467
5.7040
5.9723
6.0532
5.9236
6.1458
6.1264
6.3428
6.3129
5.8924
5.9724
5.7427
5.6185
5.7712
5.8841
6.0240
5.9006
6.0147
6.2881
6.3446
6.4249
6.5016
6.4675
6.5117
6.6946
6.7037
6.8314
6.9592
6.9039
6.9152
6.9592
6.9362
6.8120
6.6945
6.5711
6.5277
6.4249
6.3117
6.0779
5.9061
5.7951
5.7818
5.7246
5.6257
5.4071
5.0718
5.0417
4.7763
4.6674
4.8380
4.9685
5.0115
5.1041
5.2529
5.4584
5.7261
5.8021
6.0657
6.5705
6.9393
7.0766
7.1195
7.3996
7.5174
7.8617
7.9633
7.9946
7.9830
7.8298
8.0413
7.9480
7.7324
7.8243
8.2285
8.2244
7.9534
7.8551
7.9467
8.0784
8.1040
8.0223
7.9284
7.6885
7.5426
7.3417
7.0772
7.0000
7.0523
7.1079
7.0510
7.0167
7.0594
7.1706
7.2053
7.2581
7.3769
7.5343
7.6271
7.7790
7.9086
8.0419
8.1442
8.2177
8.3206
8.4495
8.5866
8.5801
8.5248
8.4412
8.3861
8.2748
8.1192
8.0755
8.0258
7.9915
7.9674
7.9913
8.0303
8.0662
8.1455
8.2671
8.3631
8.4358
8.4963
8.6065
8.7329
8.9005
8.9634
8.9951
8.9858
8.8998
8.7061
8.4524
8.4082
8.3984
8.2067
8.1966
8.0523
7.9820
7.9271
7.9137
7.9867
8.0743
8.1028
8.3358
8.5886
8.9743
9.3787
9.6793
9.8761
9.8631
9.9634
10.0426
10.0997
10.0551
10.1438
10.1797
10.0291
9.6385
9.1461
8.7088
8.2499
7.7585
7.5915
7.8310
7.8630
7.7965
8.1399
8.5582
8.7893
8.7769
9.0655
9.4639
9.1632
9.2086
8.8976
8.5455
8.0688
7.9098
7.5136
7.5713
7.9791
8.3644
8.4721
8.2484
8.3225
9.0592
9.3376
9.8455
10.5693
11.0750
11.1485
10.6090
10.2335
9.9902
10.1791
10.1517
9.9786
9.7016
9.5012
9.3748
10.2430
