-7.8552
-7.8373
-7.8155
-7.7822
-7.7337
-7.6828
-7.6304
-7.5858
-7.5545
-7.5304
-7.5117
-7.4884
-7.4627
-7.4518
-7.4780
-7.5549
-7.7440
-7.9580
-8.0505
-7.9266
-7.6799
-7.3099
-6.9414
-6.5890
-6.1903
-5.7986
-5.5077
-5.2976
-5.1253
-4.9967
-4.9288
-4.9443
-5.0087
-5.0374
-5.0348
-5.0432
-5.0274
-4.9720
-4.9387
-5.0549
-5.2654
-5.3773
-5.4353
-5.5443
-5.7656
-5.8248
-5.7771
-5.6612
-5.9689
-6.0576
-5.9065
-5.8872
-5.9006
-5.8635
-5.8585
-5.9727
-6.0977
-6.0344
-6.0069
-6.0616
-6.0659
-6.0989
-6.1945
-6.2611
-6.2915
-6.3681
-6.4738
-6.5277
-6.6685
-6.7604
-6.9096
-7.0674
-7.1841
-7.2141
-7.2133
-7.1997
-7.2339
-7.2682
-7.2988
-7.3501
-7.3746
-7.5085
-7.5037
-7.4865
-7.5587
-7.5624
-7.5702
-7.5337
-7.5083
-7.4691
-7.4728
-7.5130
-7.5428
-7.5711
-7.5942
-7.5942
-7.5912
-7.6186
-7.6979
-7.7417
-7.8029
-7.8498
-7.9000
-7.9543
-7.9995
-8.0532
-8.1019
-8.1553
-8.1709
-8.2242
-8.2442
-8.2829
-8.2384
-8.3074
-8.3085
-8.3244
-8.3295
-8.3327
-8.3265
-8.3090
-8.2744
-8.2217
-8.1648
-8.1156
-8.0190
-7.9400
-7.9015
-7.8834
-7.8120
-7.7803
-7.7672
-7.7534
-7.6838
-7.5783
-7.4166
-7.2987
-7.1705
-7.0716
-6.9979
-6.9189
-6.7526
-6.5433
-6.3284
-6.1563
-6.2579
-6.6062
-6.8530
-7.0687
-7.2040
-7.2946
-7.3747
-7.4702
-7.5565
-7.6271
-7.7001
-7.8067
-7.9075
-8.0059
-8.0978
-8.1807
-8.2602
-8.3315
-8.3455
-8.3612
-8.3801
-8.4009
-8.4345
-8.4759
-8.5098
-8.5296
-8.5367
-8.5433
-8.5484
-8.5552
-8.5582
-8.5636
-8.5693
-8.5775
-8.5873
-8.5957
-8.6025
-8.6098
-8.6112
-8.6151
-8.6179
-8.6166
-8.6276
-8.6450
-8.6650
-8.6890
-8.7115
-8.7315
-8.7469
-8.7605
-8.7704
-8.7730
-8.7710
-8.7657
-8.7580
-8.7513
-8.7456
-8.7436
-8.7490
-8.7593
-8.7710
-8.7795
-8.7875
-8.8058
-8.8382
-8.8843
-8.9298
-8.9379
-8.9368
-8.9199
-8.8957
-8.8945
-8.8905
-8.8695
-8.8456
-8.8176
-8.7728
-8.6813
-8.5435
-8.3905
-8.3095
-8.2588
-8.1931
-8.1099
-8.0226
-7.9492
-7.9257
-7.8865
-7.8460
-7.8274
-7.8112
-7.8262
-7.8440
-7.8646
-7.8684
-7.8630
-7.8521
-7.8637
-7.8931
-7.9247
-7.9499
-7.9701
-7.9837
-7.9979
-8.0051
-8.0258
-8.0453
-8.0769
-8.1030
-8.1332
-8.1743
-8.2162
-8.2459
-8.3052
-8.3479
-8.3937
-8.4337
-8.4713
-8.5040
-8.5266
-8.5493
-8.5827
-8.6080
-8.6204
-8.6353
-8.6496
-8.6586
-8.6631
-8.6666
-8.6707
-8.6703
-8.6603
-8.6469
-8.6355
-8.6275
-8.6234
-8.6278
-8.6411
-8.6557
-8.6733
-8.6941
-8.7172
-8.7402
-8.7570
-8.7651
-8.7826
-8.7949
-8.8058
-8.8134
-8.8160
-8.8111
-8.7987
-8.7881
-8.7746
-8.7557
-8.7403
-8.7322
-8.7349
-8.7450
-8.7581
-8.7674
-8.7628
-8.7623
-8.7409
-8.7135
-8.6769
-8.5844
-8.5393
-8.4368
-8.3145
-8.1828
-8.0470
-7.9389
-7.8533
-7.7769
-7.7123
-7.6511
-7.5815
-7.5036
-7.4037
-7.2855
-7.1029
-6.9405
-6.8221
-6.7524
-6.6623
-6.5538
-6.3683
-6.1803
-5.8801
-5.4201
-5.0248
-4.9237
-4.8629
-4.7848
-4.7549
-4.8118
-5.0228
-5.2254
-5.3522
-5.4484
-5.5339
-5.8037
-6.1220
-6.3069
-6.3973
-6.3809
-6.4227
-6.6271
-6.8605
-7.1015
-7.2944
-7.5211
-7.7633
-7.9057
-7.8845
-7.8924
-7.9553
-8.0501
-8.0570
-8.0223
-8.0309
-8.1066
-8.1408
-8.1587
-8.1482
-8.1204
-8.0631
-7.9945
-7.8992
-7.7676
-7.7923
-7.7762
