-2.0559
-2.1583
-2.2495
-2.4221
-2.6286
-2.8276
-2.9563
-3.1217
-3.2103
-3.2031
-3.1691
-3.1198
-3.0871
-2.9771
-2.8799
-2.7993
-2.6587
-2.4699
-2.2336
-1.8513
-1.5177
-1.3739
-1.3269
-1.3545
-1.4351
-1.5022
-1.6330
-1.8821
-2.1283
-2.3814
-2.6703
-2.9881
-3.2887
-3.5159
-3.7920
-4.1950
-4.7028
-5.2329
-5.7359
-6.4144
-7.1386
-7.6524
-7.9559
-8.1370
-8.5517
-8.5570
-8.6537
-8.8910
-8.9710
-9.0745
-9.1376
-9.2691
-9.1336
-8.9108
-8.7140
-8.8505
-8.8774
-8.7436
-8.8295
-8.8256
-8.7920
-8.6416
-8.6849
-8.5706
-8.8456
-8.7674
-8.5125
-7.9171
-7.5208
-7.2711
-6.9754
-6.7949
-6.9390
-6.7419
-6.7824
-6.9945
-7.0049
-7.1398
-7.4571
-7.5406
-7.7080
-5.9069
-7.0015
-8.0636
-8.2343
-8.4935
-8.6336
-8.7940
-9.0805
-9.1313
-9.4502
-9.2260
-9.5840
-9.8858
-10.6069
-11.6454
-11.0427
-10.2643
-10.2450
-10.7783
-10.8549
-10.7390
-10.3137
-10.3127
-10.3785
-9.6220
-9.3621
-9.6440
-10.4277
-10.1553
-10.8242
-10.2400
-10.7649
-10.7740
-10.5979
-10.6819
-11.1155
-11.2180
-11.1504
-11.0850
-11.2286
-11.0899
-10.9193
-10.6201
-10.3829
-10.2619
-9.4123
-8.5308
-8.2579
-8.2669
-7.6604
-6.8492
-6.8057
-6.2131
-6.3105
-6.5849
-6.6096
-6.1821
-5.9352
-5.6076
-5.6688
-5.6831
-5.3714
-5.0610
-4.5687
-3.9992
-3.6325
-3.4898
-3.3274
-3.2620
-3.0798
-3.0605
-2.9547
-2.8381
-2.8208
-2.8471
-2.8318
-2.7220
-2.7702
-2.8202
-2.8721
-3.0298
-3.1842
-3.2211
-3.3565
-3.4922
-3.5055
-3.4695
-3.4014
-3.6083
-3.5843
-3.7284
-3.5117
-3.2915
-3.2734
-3.3883
-3.2929
-3.2643
-3.2969
-3.2153
-3.2656
-3.1743
-3.1773
-3.1818
-3.1050
-3.2708
-3.1996
-3.2346
-3.3494
-3.3453
-3.4358
-3.4041
-3.4771
-3.6699
-3.7355
-3.8929
-4.0965
-4.2311
-4.3403
-4.5387
-4.6465
-4.8157
-4.9834
-5.0268
-5.1561
-5.3716
-5.4906
-5.4878
-5.4337
-5.3779
-5.4254
-5.4345
-5.4936
-5.4654
-5.4733
-5.4669
-5.5305
-5.5347
-5.4952
-5.3226
-5.0098
-5.0124
-4.7440
-4.6341
-4.8162
-4.9544
-4.9852
-5.0424
-5.1422
-5.3203
-5.5897
-5.6977
-5.9844
-6.4530
-6.8118
-6.9684
-7.0249
-7.3166
-7.4510
-7.8130
-7.9464
-7.9911
-7.9829
-7.8297
-8.0413
-7.9471
-7.7258
-7.8115
-8.1984
-8.1879
-7.9320
-7.8183
-7.8975
-8.0242
-8.0166
-7.9200
-7.8382
-7.5739
-7.3461
-7.0595
-6.7545
-6.6377
-6.6739
-6.7362
-6.6606
-6.6130
-6.7129
-6.8258
-6.8652
-6.9489
-7.1258
-7.3088
-7.3966
-7.5982
-7.7492
-7.8913
-7.9891
-8.0371
-8.1236
-8.2597
-8.4092
-8.3986
-8.3194
-8.2049
-8.1174
-7.9530
-7.7258
-7.6735
-7.5888
-7.5046
-7.4853
-7.5070
-7.5269
-7.5470
-7.6652
-7.8247
-7.9203
-7.9767
-8.0467
-8.1700
-8.2697
-8.3801
-8.3817
-8.3673
-8.3229
-8.1922
-7.9683
-7.7230
-7.6785
-7.6719
-7.5032
-7.4778
-7.2591
-7.1783
-7.1264
-7.1675
-7.3160
-7.4569
-7.5183
-7.7848
-8.0102
-8.3907
-8.7617
-9.0235
-9.1106
-9.0064
-9.1890
-9.2800
-9.3203
-9.2536
-9.2379
-9.1722
-8.9776
-8.4580
-7.6138
-6.6661
-6.1617
-5.6670
-5.5292
-5.9629
-6.1255
-6.2728
-6.4077
-6.7200
-7.0823
-7.3154
-7.9003
-8.4012
-8.0810
-7.9733
-7.2629
-6.8628
-6.7147
-6.9852
-6.8632
-6.9067
-7.3986
-7.8149
-7.8869
-7.9050
-8.2789
-9.0591
-9.3371
-9.8355
-10.5473
-11.0655
-11.1291
-10.5642
-10.0942
-9.6830
-9.7020
-9.5716
-9.2930
-8.9645
-8.7173
-8.7771
-10.0069
