4.2906
4.4591
4.6266
4.7920
4.9421
5.0314
5.2155
5.4551
5.6368
5.8891
6.2052
6.4482
6.6664
6.8240
6.8645
6.8815
6.5615
6.1427
5.6386
4.8289
4.1979
3.9893
3.9524
3.6133
3.2937
3.0676
2.7398
2.3829
2.0037
1.6159
1.3076
0.9755
0.5459
0.1255
-0.1617
-0.2931
-0.2916
-0.2252
-0.1858
-0.0290
0.1205
0.0548
-0.0867
0.1526
0.4285
0.5604
0.7214
0.7731
1.1423
1.3851
1.4202
1.5174
1.8218
1.7492
1.8238
2.1723
2.3183
2.4216
2.5966
2.9004
3.0734
3.3082
3.3220
3.4957
3.8785
4.0172
4.0772
4.1555
4.1946
4.0783
3.9876
3.9313
3.9835
3.9175
3.6963
3.5854
3.4943
3.1116
3.0333
3.0053
2.7371
2.9411
2.5720
1.8611
1.7129
1.5886
1.6087
1.4506
1.3542
1.6336
1.7529
2.0571
1.8600
1.0125
0.7730
0.3619
1.6583
2.6139
2.8570
1.5137
1.2997
1.0280
0.1761
-0.1236
-0.0131
0.6813
0.5225
0.2423
-0.2656
-0.8257
-0.9696
-0.7487
-1.3922
-2.1480
-2.5099
-3.2468
-2.9010
-2.3276
-1.6189
-1.8357
-1.4145
-1.3382
-2.0671
-2.6365
-2.0500
-2.0374
-2.8342
-3.6168
-3.9095
-4.1601
-4.9450
-5.6570
-5.3842
-5.9363
-6.1075
-6.0436
-5.9283
-5.9071
-5.8807
-6.0861
-5.9530
-5.6379
-5.4825
-5.5112
-6.0889
-6.8986
-7.4871
-7.8088
-7.9203
-7.8794
-7.8451
-7.9217
-7.9138
-7.7506
-7.7189
-7.6814
-7.7205
-7.4803
-7.5042
-7.4497
-7.3546
-7.7267
-7.7759
-7.6700
-7.4016
-7.0286
-6.4187
-6.2368
-6.0108
-5.8484
-5.4722
-5.5570
-5.2524
-5.0139
-4.8728
-4.7648
-4.6576
-5.0013
-5.0766
-4.9750
-5.2064
-5.2399
-5.4896
-5.4525
-5.0079
-4.9971
-4.7688
-4.5940
-4.6998
-4.8406
-4.9482
-4.8197
-4.9078
-5.1061
-5.1283
-5.1112
-5.0487
-4.8914
-4.8544
-4.9212
-4.8321
-4.8453
-4.8576
-4.7323
-4.6081
-4.4246
-4.2385
-4.0357
-3.9104
-3.7758
-3.6299
-3.4272
-3.1078
-2.6590
-2.2192
-1.9226
-1.6862
-1.4624
-1.2048
-0.9521
-0.7904
-0.5428
-0.5554
-0.5566
-0.4594
-0.3741
-0.5129
-0.7913
-1.0728
-1.2202
-1.2424
-1.0958
-0.9903
-1.2370
-1.3241
-1.2327
-1.1566
-1.1052
-0.9969
-0.8742
-0.5188
-0.2350
-0.0368
-0.0442
0.0313
0.1199
0.3205
0.4475
0.7036
0.7739
0.5836
0.7596
0.8833
0.9338
1.1871
1.2773
1.1926
1.3223
1.7101
2.0161
2.1126
2.2227
2.2792
2.2684
2.3136
2.3455
2.1845
2.1967
2.1878
2.0959
1.9084
1.8295
1.8609
1.6675
1.5796
1.5488
1.5821
1.7134
1.8001
1.7810
1.7368
1.7552
1.8603
1.9833
2.1059
2.2853
2.4970
2.5162
2.6123
2.7467
2.7292
2.7397
2.7986
2.8471
2.7557
2.6682
2.6852
2.7448
2.7271
2.7061
2.8064
2.9987
3.1766
3.3016
3.3874
3.4779
3.5073
3.4347
3.4261
3.4169
3.3243
3.3567
3.4850
3.4907
3.4717
3.3546
3.2036
3.0965
3.0214
2.9804
3.0985
3.1834
3.3456
3.5023
3.8125
4.0204
3.8513
3.8387
3.8906
3.9339
4.1901
4.4155
4.4706
4.6220
5.0677
5.6042
5.4858
5.2989
5.2018
5.0762
4.9300
4.6300
5.0198
5.2995
5.2051
4.8497
4.4463
4.3572
4.3200
4.6071
5.1397
5.0920
4.4742
3.7109
3.0579
3.1020
2.9878
2.9815
3.0940
2.3551
0.8509
-0.0492
-0.0926
0.4418
0.6806
0.4598
0.6580
0.9745
1.6825
2.4583
3.0797
3.3825
3.6348
3.7093
3.7790
3.2939
2.1864
