3.4500
3.7020
3.8190
3.9080
4.0900
4.1130
4.2970
4.5090
4.6400
4.8220
4.9880
5.1350
5.1640
5.2140
5.2680
5.2430
5.0900
5.0550
4.8100
4.5280
4.2600
4.2240
4.2480
4.2780
4.3820
4.4020
4.3860
4.3840
4.4400
4.5410
4.6670
4.6350
4.6590
4.7860
5.0030
5.1200
5.1670
5.2900
5.3920
5.4420
5.4480
5.4810
5.6100
5.7080
5.8210
5.9320
5.9520
5.7150
5.2880
6.3180
4.8180
5.3560
5.3540
5.8850
5.3510
5.6610
5.4470
5.4580
5.4740
5.6380
5.9670
5.6530
5.6860
5.7200
5.4860
5.1420
5.2070
5.3580
5.3650
5.0410
5.1240
4.8670
4.6780
6.5850
3.9650
2.4790
2.0460
2.4870
3.9110
4.3090
3.5490
3.0000
2.9160
3.2730
3.3610
4.3110
4.2640
4.8580
4.8850
5.0290
5.2050
5.0080
5.0650
5.5670
5.7920
6.1180
5.9580
5.9330
5.7120
5.5990
5.5140
5.2990
5.1130
4.6150
4.2760
4.1230
4.1170
4.3460
4.5560
4.7870
4.8460
4.9110
4.8040
4.5240
4.4950
4.4140
4.4740
4.2220
4.0940
4.0100
3.9210
3.7620
3.7850
3.8930
3.8770
3.8280
4.0050
4.1640
3.9710
3.9270
3.9010
3.7740
3.5280
3.1990
2.8700
2.6880
2.5180
2.3060
2.4220
2.6300
2.5550
2.5410
2.4780
2.3510
2.3370
2.3680
2.4840
2.6100
2.9370
3.3670
3.4700
3.3130
3.2360
3.0470
3.0930
3.0210
3.0630
3.0570
3.0320
3.0350
3.0360
3.0690
3.3240
3.4250
3.5400
4.0890
4.4330
4.5360
4.3050
4.1640
4.1440
4.1920
4.2380
4.3630
4.3230
4.3880
4.2950
4.2290
4.4370
4.5610
4.7990
5.0710
5.3280
5.3660
5.5290
5.5770
5.5920
5.5170
5.5290
5.5830
5.4940
5.3910
5.4950
5.5660
5.5440
5.4410
5.4110
5.3360
5.1460
4.9170
4.8420
4.9190
4.8840
4.8720
4.9770
5.2250
5.3200
5.4170
5.5290
5.3680
5.0260
4.7890
4.3370
4.0180
3.6010
3.5720
3.7320
3.8450
3.8000
3.8870
3.8070
3.7590
3.7390
3.7060
3.5890
3.4960
3.5900
3.4880
3.3990
3.4410
3.3290
3.3310
3.2700
3.2730
3.0430
3.1180
3.1580
2.8660
3.0210
3.3460
3.3940
3.6370
4.0610
4.3570
4.7480
5.1590
5.8780
6.2430
6.2460
6.0460
6.0380
6.0870
6.1130
6.1720
6.1110
6.1350
6.1140
6.0130
5.9560
5.9530
6.1630
6.5090
6.6040
6.5810
6.6230
6.5350
6.4710
6.3750
6.3050
6.2060
6.0340
5.8380
5.8140
5.7400
5.7600
5.8440
5.9070
6.0510
6.1420
6.1340
6.1960
6.2630
6.3430
6.3320
6.2900
6.1970
6.0970
6.0760
6.0750
6.0660
5.9820
5.9710
5.9370
5.8400
5.8060
5.7250
5.7040
5.7310
5.7110
5.5910
5.5780
5.6020
5.7060
5.7500
5.7560
5.8080
5.8590
5.8550
5.7540
5.5320
5.4380
5.4890
5.5410
5.6580
6.0100
6.1880
6.2160
6.3130
6.3690
6.4690
6.5290
6.6670
6.7150
6.8130
6.8720
6.8770
6.8770
6.8510
6.8180
6.7660
6.7230
6.6560
6.6200
6.5290
6.5560
6.4160
6.2820
6.2850
6.1550
6.2390
6.2500
6.1650
6.0950
5.9880
6.0000
6.1230
5.7710
5.7840
5.9510
5.8660
5.8280
5.8050
5.6980
5.7880
5.5980
5.4940
5.4350
5.4140
5.3290
5.2320
5.2950
5.2590
5.3220
5.3870
5.4210
5.3100
5.0200
4.6000
4.2310
3.9720
3.9730
3.8860
3.8400
3.7700
3.7020
3.6950
3.8470
