198.0800
194.7500
226.6100
221.9300
251.9500
236.3400
217.9800
207.2300
202.6400
204.1100
215.9600
212.9700
210.3100
203.9200
198.7500
210.4800
218.0300
207.9500
194.0000
176.6900
159.2000
159.9500
157.2100
149.9000
137.4900
123.4000
117.6900
117.6400
121.5700
119.5400
106.7900
92.1350
76.2510
64.8500
56.5000
46.2770
35.9350
18.0710
4.3886
-25.1440
-51.9330
-66.3800
-80.0410
-92.0750
-109.1900
-127.8500
-144.0800
-158.9200
-170.2300
-161.7400
-186.3100
-186.2400
-203.2200
-232.6500
-255.4400
-254.3500
-295.1900
-268.1800
-274.3700
-300.1200
-282.6000
-280.7200
-270.7500
-266.6600
-291.7000
-287.2500
-293.3700
-259.6100
-253.8100
-251.6200
-253.6100
-266.1700
-289.0900
-173.1000
-200.4400
-194.8400
-205.8800
-95.8750
-73.7650
-114.5300
-122.3000
-114.3700
-139.6000
-88.5020
-130.6900
-107.6300
-111.4300
-119.5900
-142.2100
-150.0500
-150.1400
-149.4300
-144.9700
-131.6600
-138.7400
-117.5100
-128.1400
-145.5600
-165.4700
-145.0600
-137.1500
-128.8300
-106.1600
-86.6700
-49.9690
-44.6370
-22.7060
-14.1200
2.6654
24.1340
41.3840
86.8970
121.5200
131.3600
134.2600
138.4400
157.5500
168.0000
194.7800
221.8500
233.1600
245.2300
256.7500
270.2200
290.1200
306.1900
323.9400
336.8100
334.9900
340.3200
342.4400
345.6600
350.3900
352.5200
362.6500
353.7200
336.5900
316.9700
321.9700
314.1100
325.5800
317.2400
305.7300
315.4100
310.3900
310.7900
303.1400
292.0000
272.6000
268.0800
270.8100
274.2300
258.8300
271.5600
257.2100
257.9100
253.8500
243.4800
245.6900
285.2200
305.6400
333.2200
361.8000
348.9400
391.5000
400.1200
434.5300
452.4000
467.1800
469.6700
474.7900
478.8400
493.8700
518.5400
532.3600
533.5000
533.2600
544.3400
546.0200
551.3900
572.2000
587.6700
606.5400
586.1900
555.6600
548.7000
543.0600
552.5000
548.7800
531.6600
505.7700
499.6500
496.9000
488.9400
483.4300
505.3300
509.3800
505.6400
502.6600
509.9200
513.4600
516.8800
532.9100
537.4600
526.9700
517.7900
517.5000
532.2900
539.1100
532.2600
525.1300
516.8400
517.4300
523.6100
539.1900
539.7200
543.4200
544.0500
557.4000
559.7400
563.6600
577.0800
572.5700
584.7000
591.6500
602.6300
597.4100
606.8700
612.0900
608.1200
615.9500
585.0200
563.8400
552.9300
547.8800
539.8200
520.1300
514.4000
478.2500
450.9900
438.9600
416.1900
407.4400
395.8400
380.7300
375.8300
365.8100
366.1400
367.6000
367.8000
375.3800
383.9600
386.0400
389.9000
394.4600
408.8400
439.1300
443.7400
453.5000
453.4300
460.2800
464.6500
487.0300
493.2900
489.9700
520.3100
527.9900
525.8500
540.5600
524.1300
554.4400
547.8200
566.1400
566.7700
570.7500
563.7100
568.9500
572.5100
575.1700
540.5100
510.3900
498.3100
498.8200
505.6800
501.9500
492.6600
469.3000
452.3500
455.3300
453.5100
459.5200
473.6200
471.2300
469.7800
464.6800
462.8800
464.8000
462.1200
462.2400
461.2400
453.0900
454.5100
454.5800
485.4800
510.9500
522.0000
523.7800
521.5300
528.2600
545.1000
565.8100
575.9300
574.8800
580.5500
585.7000
573.3900
575.3600
574.2200
572.8700
571.3400
566.0200
554.1500
541.3700
532.3500
528.9600
524.4000
523.8000
490.1800
462.1200
447.9400
435.2300
431.7600
415.7500
397.4200
372.9200
353.7300
350.8000
344.6400
336.5600
326.7900
313.2200
310.2900
304.4000
308.5700
306.5700
281.1200
316.8100
314.5300
284.2900
279.1700
287.8200
300.1800
320.8800
324.2000
342.9000
340.9800
349.8900
367.7400
388.0300
401.3500
383.1900
383.0000
383.0000
375.0000
365.9100
364.0700
380.5200
391.3900
395.2100
399.8100
390.7600
391.7700
391.4500
388.3600
396.9400
364.0600
335.2000
