4.6744
5.0736
5.2602
5.4005
5.6904
5.7268
6.0187
6.3552
6.5633
6.8506
7.1152
7.3477
7.3946
7.4728
7.5589
7.5193
7.2771
7.2210
6.8316
6.3849
5.9591
5.9019
5.9409
5.9883
6.1528
6.1850
6.1592
6.1557
6.2457
6.4056
6.6048
6.5552
6.5921
6.7943
7.1382
7.3247
7.3980
7.5943
7.7556
7.8350
7.8450
7.8976
8.1015
8.2577
8.4373
8.6123
8.6444
8.2685
7.5911
9.2244
6.8442
7.6983
7.6960
8.5377
7.6908
8.1823
7.8424
7.8603
7.8866
8.1456
8.6689
8.1700
8.2225
8.2758
7.9046
7.3595
7.4617
7.7018
7.7128
7.1989
7.3305
6.9230
6.6233
9.6496
5.4921
3.1337
2.4463
3.1464
5.4052
6.0380
4.8312
3.9596
3.8272
4.3931
4.5333
6.0399
5.9656
6.9080
6.9507
7.1795
7.4590
7.1465
7.2373
8.0336
8.3900
8.9078
8.6534
8.6150
8.2631
8.0849
7.9491
7.6082
7.3136
6.5230
5.9844
5.7421
5.7333
6.0958
6.4297
6.7961
6.8890
6.9931
6.8222
6.3780
6.3320
6.2046
6.2986
5.8996
5.6960
5.5623
5.4218
5.1687
5.2060
5.3776
5.3513
5.2747
5.5543
5.8074
5.5002
5.4316
5.3891
5.1881
4.7977
4.2759
3.7540
3.4654
3.1955
2.8590
3.0428
3.3732
3.2543
3.2326
3.1314
2.9306
2.9089
2.9568
3.1407
3.3410
3.8598
4.5433
4.7064
4.4573
4.3354
4.0343
4.1081
3.9930
4.0599
4.0503
4.0112
4.0154
4.0169
4.0693
4.4736
4.6342
4.8170
5.6878
6.2348
6.3980
6.0304
5.8076
5.7749
5.8520
5.9247
6.1229
6.0592
6.1630
6.0157
5.9098
6.2408
6.4364
6.8152
7.2465
7.6542
7.7153
7.9732
8.0500
8.0724
7.9535
7.9725
8.0582
7.9179
7.7537
7.9187
8.0319
7.9977
7.8338
7.7866
7.6672
7.3648
7.0020
6.8833
7.0060
6.9493
6.9306
7.0969
7.4908
7.6422
7.7948
7.9731
7.7171
7.1755
6.7988
6.0811
5.5748
4.9137
4.8678
5.1214
5.3009
5.2297
5.3675
5.2412
5.1653
5.1330
5.0802
4.8952
4.7476
4.8960
4.7351
4.5940
4.6595
4.4829
4.4856
4.3879
4.3933
4.0283
4.1467
4.2106
3.7482
3.9942
4.5089
4.5858
4.9710
5.6442
6.1129
6.7341
7.3859
8.5275
9.1066
9.1111
8.7933
8.7809
8.8591
8.9005
8.9936
8.8970
8.9354
8.9020
8.7414
8.6506
8.6463
8.9791
9.5275
9.6795
9.6427
9.7095
9.5701
9.4683
9.3153
9.2046
9.0473
8.7747
8.4636
8.4262
8.3073
8.3399
8.4733
8.5731
8.8017
8.9462
8.9334
9.0321
9.1382
9.2654
9.2471
9.1803
9.0331
8.8752
8.8412
8.8389
8.8246
8.6914
8.6745
8.6205
8.4664
8.4127
8.2842
8.2508
8.2934
8.2615
8.0712
8.0503
8.0885
8.2548
8.3231
8.3330
8.4159
8.4963
8.4897
8.3307
7.9773
7.8281
7.9091
7.9920
8.1782
8.7364
9.0183
9.0640
9.2180
9.3059
9.4655
9.5592
9.7795
9.8557
10.0114
10.1035
10.1129
10.1128
10.0708
10.0181
9.9365
9.8684
9.7621
9.7038
9.5607
9.6021
9.3801
9.1680
9.1728
8.9665
9.0993
9.1175
8.9818
8.8717
8.7022
8.7201
8.9155
8.3574
8.3773
8.6429
8.5074
8.4479
8.4117
8.2420
8.3848
8.0826
7.9169
7.8236
7.7904
7.6564
7.5017
7.6020
7.5448
7.6448
7.7485
7.8015
7.6257
7.1660
6.4986
5.9128
5.5018
5.5049
5.3653
5.2928
5.1813
5.0741
5.0630
5.3048
