-2.2783
-2.2178
-2.1503
-2.1014
-2.0841
-2.1122
-2.1167
-2.1136
-2.1205
-2.1232
-2.1351
-2.1517
-2.1684
-2.1816
-2.1893
-2.1824
-2.1698
-2.1690
-2.0796
-1.9587
-1.7521
-1.4711
-1.1273
-0.7065
-0.2296
0.2245
0.6518
1.0917
1.5685
1.9865
2.2988
2.6110
3.0386
3.5137
3.8804
4.1262
4.3517
4.5780
4.7753
4.9621
5.1641
5.3914
5.5828
5.7315
5.9132
6.1049
6.2177
6.2732
6.3466
5.5224
5.7757
5.8980
6.2669
6.1563
6.2541
6.3627
6.3470
6.3984
6.4249
6.4320
6.3706
6.3113
6.2513
6.2209
6.0979
5.8919
5.8156
5.8078
5.7670
5.3712
5.2619
4.8653
3.8383
-0.2508
-0.0578
0.0816
0.0184
-0.1188
-0.1074
-0.3042
-0.4210
-0.3619
-0.3352
-0.4610
-0.0102
0.3145
0.0763
-0.3277
-0.5259
-0.6924
-0.7783
-0.9047
-0.9963
-1.1868
-1.3302
-1.4594
-1.4959
-1.4954
-1.5466
-1.6835
-1.7007
-1.7333
-1.7947
-2.0037
-2.5896
-2.8799
-3.0452
-3.2102
-3.4468
-3.7315
-4.0102
-4.2659
-4.3428
-4.3930
-4.3856
-4.3107
-4.1696
-3.9669
-3.7273
-3.5042
-3.2711
-2.9670
-2.6234
-2.3040
-2.0018
-1.6931
-1.3903
-1.1325
-0.8974
-0.6392
-0.3971
-0.1891
0.0166
0.2342
0.4632
0.6195
0.7894
0.8569
0.8803
0.9547
0.9672
0.9980
1.1018
1.1182
1.0731
0.9152
0.6490
0.3351
-0.0902
-0.5787
-0.9775
-1.1974
-1.2794
-1.2611
-1.2737
-1.3600
-1.3996
-1.4625
-1.5244
-1.5630
-1.6300
-1.7216
-1.7557
-1.8048
-1.8363
-2.1943
-2.5580
-2.3675
-2.1414
-2.3458
-2.4088
-2.3883
-2.4409
-2.5052
-2.5697
-2.5986
-2.4935
-2.4153
-2.3666
-2.3373
-2.3840
-2.4656
-2.5749
-2.6572
-2.7006
-2.7521
-2.7673
-2.7325
-2.7656
-2.7391
-2.6664
-2.6298
-2.5998
-2.6288
-2.6396
-2.6541
-2.6540
-2.6043
-2.5298
-2.4393
-2.3869
-2.3219
-2.2935
-2.2900
-2.2464
-2.1922
-2.1814
-2.1401
-2.1120
-2.2530
-2.4111
-2.3414
-2.1965
-1.9075
-1.6044
-1.2136
-0.7845
-0.4378
-0.0177
0.3642
0.6551
0.9482
1.2359
1.4942
1.7671
2.0519
2.3079
2.5392
2.7693
2.9969
3.2257
3.4372
3.6102
3.7277
3.7752
3.7710
3.7596
3.7171
3.6571
3.6100
3.6450
3.6961
3.8907
4.1014
4.1760
4.2085
4.0234
3.7145
3.4770
3.2639
3.0431
2.7853
2.5017
2.1788
1.8033
1.4374
1.0762
0.7219
0.3868
0.0703
-0.2469
-0.4934
-0.6717
-0.9032
-1.0954
-1.3025
-1.5477
-1.7185
-1.8343
-1.9310
-2.0398
-2.1058
-2.1717
-2.2015
-2.2351
-2.2429
-2.2546
-2.2756
-2.3180
-2.3548
-2.3650
-2.3456
-2.3334
-2.3096
-2.2879
-2.2492
-2.2079
-2.1734
-2.1541
-2.1216
-2.1047
-2.0912
-2.0925
-2.0796
-2.0712
-2.0496
-2.0265
-2.0073
-1.9831
-1.9663
-1.9614
-1.9515
-1.9160
-1.8906
-1.8698
-1.8600
-1.8422
-1.8115
-1.7837
-1.7320
-1.6770
-1.6302
-1.5954
-1.5656
-1.5095
-1.4413
-1.4166
-1.3465
-1.2367
-1.1792
-1.1263
-1.0581
-1.0182
-1.0147
-1.0316
-1.0442
-1.0440
-1.0386
-1.0258
-1.0195
-1.0315
-1.0427
-1.0738
-1.1113
-1.1481
-1.1948
-1.2789
-1.3728
-1.4327
-1.5020
-1.5929
-1.6651
-1.7282
-1.7718
-1.8019
-1.8402
-1.8868
-1.9304
-1.9649
-1.9756
-1.9818
-1.9855
-1.9952
-2.0063
-2.0247
-2.0194
-2.0272
-2.0281
-2.0287
-2.0275
-2.0166
-2.0210
-2.0142
-1.9883
-1.9447
-1.8900
-1.8382
-1.8127
-1.8163
-1.8208
-1.8006
-1.7821
-1.7924
-1.8314
-1.8856
-1.9188
-1.9348
