-4.2618
-4.6506
-4.8516
-5.0313
-5.3030
-5.3596
-5.6351
-5.8781
-6.0275
-6.2522
-6.4312
-6.4954
-6.3679
-6.2859
-6.1839
-6.0305
-5.6618
-5.4160
-4.8679
-4.3393
-3.8530
-3.5447
-3.1165
-2.8086
-2.5181
-2.1438
-1.7410
-1.3637
-0.8909
-0.2685
0.2180
0.5233
0.8727
1.6805
2.5384
2.9482
3.2849
3.5415
3.7596
3.7673
3.7248
3.8424
4.1679
4.3132
4.5790
5.0795
5.4114
5.2453
4.9956
6.0054
4.6820
5.0991
5.0784
5.0939
4.5004
5.1731
4.6553
4.8491
4.6690
3.7660
4.5182
4.0140
4.1479
4.2518
3.4709
3.0872
2.4293
3.3145
3.0713
2.3316
1.6743
1.2296
2.7907
8.5706
4.1972
3.0699
1.0483
1.7501
3.8894
4.5890
4.3725
2.4817
2.3825
2.1501
1.1456
3.1902
4.4886
5.8451
6.1173
6.4079
6.7778
6.3666
6.3996
7.1303
7.5522
8.1663
8.3148
8.5482
8.2528
8.0618
7.9389
7.6081
7.2736
5.9981
4.2798
3.6857
4.0128
4.8113
5.4724
5.8808
6.1449
6.4340
6.1676
5.5777
5.3411
5.0791
5.1789
4.4610
4.2648
4.2603
4.2632
3.9316
3.8563
3.8164
3.7906
3.7682
3.9927
4.1727
3.7523
3.5435
3.1338
2.7721
2.5546
2.2778
2.2074
2.2025
2.1188
1.3812
1.2166
0.8322
0.7178
0.4285
0.5410
0.3061
-0.0919
-0.5998
-1.2069
-1.7631
-2.6219
-3.3881
-3.7851
-3.8608
-3.9242
-3.7200
-3.8280
-3.7311
-3.8455
-3.8259
-3.7621
-3.8789
-3.9261
-4.0409
-4.4656
-4.6320
-4.7859
-5.5211
-5.6014
-5.5296
-5.1331
-4.9266
-4.7665
-4.7360
-4.6532
-4.5573
-4.3518
-4.3579
-4.2856
-4.0739
-4.1584
-4.2123
-4.2278
-4.2080
-4.1747
-3.8709
-3.8908
-3.7054
-3.5576
-3.4165
-3.2688
-3.0552
-2.8414
-2.6186
-2.5566
-2.4992
-2.3916
-2.0828
-1.8349
-1.6432
-1.4770
-1.2101
-1.0953
-1.1691
-1.0624
-0.9326
-0.9800
-1.1150
-1.1044
-1.2126
-1.3809
-1.4491
-1.3804
-1.3158
-1.2494
-1.2046
-0.9014
-0.7663
-0.5468
-0.5140
-0.2925
-0.2523
-0.0427
-0.0536
0.0815
-0.0156
0.0307
0.0157
-0.2082
-0.1288
-0.0874
-0.1220
-0.0122
-0.1066
-0.2096
-0.4752
-0.7187
-1.3882
-1.9039
-2.0893
-2.5569
-3.1965
-3.3633
-3.5649
-3.6514
-3.6265
-3.4846
-3.1536
-4.0188
-4.2287
-4.2679
-4.4091
-4.6557
-4.8005
-5.0116
-5.1197
-5.0601
-5.0659
-4.6641
-4.4752
-4.2548
-4.3260
-4.4639
-4.6890
-4.4696
-4.4585
-4.5886
-4.3997
-4.4710
-4.4818
-4.4468
-4.6953
-4.4679
-4.7954
-4.9077
-5.0643
-5.2298
-5.4844
-5.7477
-5.9679
-6.0891
-6.1532
-6.2954
-6.4097
-6.3956
-6.4330
-6.3648
-6.2877
-6.2433
-6.2796
-6.3617
-6.4655
-6.4407
-6.4708
-6.4657
-6.4611
-6.4656
-6.4104
-6.4598
-6.5627
-6.6443
-6.6414
-6.7137
-6.9298
-7.1976
-7.3251
-7.3706
-7.4995
-7.6017
-7.5923
-7.4163
-7.0455
-7.0231
-7.2011
-7.3754
-7.6144
-8.1411
-8.4056
-8.4395
-8.6121
-8.7308
-8.9127
-9.0230
-9.2767
-9.3737
-9.5664
-9.6811
-9.7079
-9.7149
-9.7354
-9.7169
-9.6566
-9.6081
-9.5279
-9.5236
-9.4200
-9.4978
-9.3066
-9.1063
-9.1151
-8.9261
-9.0868
-9.1154
-8.9708
-8.8601
-8.6900
-8.7120
-8.9137
-8.3241
-8.3633
-8.6412
-8.5027
-8.4351
-8.3898
-8.2305
-8.3632
-8.0650
-7.8882
-7.8117
-7.7876
-7.6556
-7.4943
-7.5347
-7.4402
-7.5313
-7.6669
-7.7099
-7.5574
-7.1640
-6.4606
-5.7012
-5.1709
-5.2358
-5.1595
-5.1489
-5.0945
-4.9851
-4.8671
-4.6922
