1.9202
2.0280
2.0327
1.9625
2.0637
2.0174
2.1143
2.4160
2.5973
2.8001
3.0439
3.4350
3.7591
4.0410
4.3471
4.4915
4.5717
4.7760
4.7931
4.6838
4.5460
4.7189
5.0579
5.2888
5.6139
5.8016
5.9080
6.0027
6.1818
6.3999
6.6012
6.5343
6.5341
6.5832
6.6716
6.7051
6.6288
6.7179
6.7834
6.8699
6.9043
6.8998
6.9472
7.0418
7.0867
6.9549
6.7411
6.3918
5.7157
7.0017
4.9922
5.7674
5.7826
6.8516
6.2366
6.3396
6.3112
6.1863
6.3560
7.2227
7.3983
7.1159
7.0996
7.1001
7.1018
6.6807
7.0551
6.9522
7.0750
6.8109
7.1367
6.8129
6.0066
-4.4340
-3.5421
0.6290
2.2103
2.6148
3.7534
3.9242
2.0547
3.0855
2.9952
3.8309
4.3862
5.1286
3.9296
3.6817
3.3001
3.2378
3.1141
3.2463
3.3797
3.7010
3.6546
3.5581
2.3968
1.0701
0.4138
0.6106
0.4009
0.0364
-0.7639
-2.5635
-4.1829
-4.4031
-4.0949
-3.7430
-3.3756
-3.4063
-3.1142
-2.7400
-2.9161
-3.0933
-3.4010
-3.5635
-3.5849
-3.8607
-3.7758
-3.5762
-3.3499
-3.3553
-3.4974
-3.7887
-3.7772
-3.6910
-3.8613
-4.0392
-4.0215
-4.1166
-4.3842
-4.3855
-4.0610
-3.6187
-3.0365
-2.6755
-2.3920
-2.5032
-2.7890
-3.2690
-3.1742
-3.2040
-3.0843
-2.9146
-2.9075
-2.8953
-2.8995
-2.8379
-2.8326
-3.0269
-2.7970
-2.2275
-1.8429
-1.5610
-1.4910
-1.4223
-1.3021
-1.3295
-1.3917
-1.0383
-0.8492
-0.4797
0.2676
0.1413
0.5470
1.3669
2.7381
3.2184
3.1650
3.0751
3.2602
3.4373
3.6675
4.0891
4.2160
4.3579
4.2217
4.2813
4.6535
4.8665
5.3453
5.8995
6.4155
6.6740
6.9594
7.1465
7.2462
7.1823
7.2715
7.4565
7.3906
7.2981
7.4947
7.6332
7.6318
7.5518
7.5673
7.4891
7.2152
6.8966
6.7956
6.9077
6.8676
6.8676
7.0290
7.4074
7.5620
7.6999
7.8527
7.5798
7.0415
6.6702
5.9513
5.4430
4.8303
4.8071
5.0921
5.2759
5.2215
5.3616
5.2410
5.1650
5.1323
5.0802
4.8951
4.7476
4.8916
4.7333
4.5932
4.6579
4.4829
4.4843
4.3829
4.3675
3.9637
3.9075
3.7556
3.1118
3.0686
3.1800
3.1174
3.4643
4.3040
4.9209
5.7625
6.6788
7.5211
8.0652
8.0497
7.6080
7.4450
7.4458
7.3555
7.3942
7.3179
7.3605
7.5824
7.5089
7.5319
7.4862
7.7909
8.2937
8.5858
8.5501
8.5568
8.4988
8.3462
8.1663
8.0592
7.7335
7.5521
6.9740
6.8495
6.5851
6.4963
6.4589
6.3609
6.4695
6.5542
6.4763
6.4767
6.5133
6.7041
6.6427
6.6157
6.4854
6.3079
6.2236
6.1364
6.0059
5.8358
5.7771
5.7015
5.4711
5.3824
5.2474
5.1328
5.0707
4.9097
4.5865
4.4423
4.1715
4.0418
3.9518
3.8875
3.8192
3.7949
3.7990
3.7945
3.7415
3.4574
3.2708
3.0784
2.9839
3.1698
3.2674
3.3060
3.2869
3.2206
3.1874
3.1564
3.0956
3.0445
2.9514
2.8908
2.8332
2.8086
2.5773
2.4383
2.3419
2.2512
2.1252
1.8617
1.6345
1.4117
1.1720
1.0622
1.0273
0.8512
0.4764
0.1989
0.4455
0.4530
0.4609
0.3745
0.1822
0.7458
0.4847
0.1718
-0.2813
-0.4642
-0.6069
-0.4349
-0.6022
-0.5333
-0.6727
-0.4320
-0.2104
-0.1111
-0.3318
-1.0095
-1.2518
-1.3125
-1.1213
-1.1917
-1.0183
-0.1695
0.7012
1.5677
1.8792
1.7001
1.4720
1.2259
0.9446
0.9463
1.3946
2.4746
