4.2690
4.2780
4.4010
4.4200
4.4830
4.5440
4.5880
4.6910
4.7730
4.7160
4.7940
4.7520
4.6670
4.6240
4.5320
4.4400
4.3380
4.2540
4.0030
3.8730
3.8360
3.3660
2.8810
2.6240
2.4530
2.3900
2.3590
2.2850
2.3290
2.3640
2.3490
2.3090
2.2500
2.2740
2.3380
2.4560
2.6320
2.8110
2.9590
3.0720
3.0950
3.0870
3.1450
3.2100
3.1440
3.0300
2.8450
2.5330
2.1460
1.8200
1.8800
2.1860
2.5330
2.8040
3.0120
3.1450
3.1410
3.1060
3.3970
3.9100
4.0250
3.9550
3.8690
3.7220
3.5090
3.5330
3.9090
4.6250
5.6700
6.2550
6.4520
6.4890
6.5930
6.7270
6.8360
6.9070
6.9780
7.0030
7.0340
7.0370
7.0060
6.9620
6.8970
6.7290
6.6330
6.6650
6.7330
6.7500
6.7430
6.7140
6.6840
6.6230
6.5730
6.5640
6.5600
6.5910
6.6190
6.6460
6.6790
6.7100
6.7780
6.8020
6.6610
6.4830
6.4080
6.3780
6.3580
6.3460
6.2430
6.0730
5.9000
5.7650
5.6460
5.4080
4.8840
4.6710
4.5370
4.0570
3.5520
3.2720
3.1550
3.3560
3.4940
3.5320
3.6700
3.6700
3.6890
3.6980
3.6340
3.5160
3.4180
3.3520
3.2890
3.2240
3.1810
3.1770
3.1940
3.2690
3.3800
3.4690
3.4730
3.3280
3.1190
2.8730
2.5580
2.6840
2.9250
3.1180
3.2010
3.2490
3.4000
3.6160
3.6490
3.3660
3.0610
2.9080
3.2810
3.5100
3.8650
4.8820
5.8500
6.1250
6.1170
6.0120
6.0480
6.0330
6.0880
6.2170
6.4180
6.6070
6.7660
6.8210
6.8320
6.7520
6.7160
6.6430
6.5890
6.5570
6.5610
6.5670
6.5220
6.4930
6.4980
6.4730
6.4560
6.4530
6.4530
6.4620
6.4980
6.5020
6.5010
6.5430
6.6100
6.6760
6.7280
6.7480
6.7200
6.6640
6.6300
6.6220
6.5980
6.5790
6.5230
6.4900
6.4710
6.4290
6.3620
6.2590
6.0560
5.6700
5.2380
5.1630
4.5480
3.9410
3.5330
3.2690
3.2570
3.3420
3.2510
3.0860
2.9220
2.7810
2.6830
2.5750
2.4730
2.4020
2.3680
2.3540
2.3520
2.3560
2.3500
2.3220
2.2570
2.1540
2.0380
1.8950
1.8260
1.8170
1.8350
1.9320
2.1000
2.3400
2.5420
2.7010
2.8160
2.8500
2.8920
2.9670
3.1630
3.4280
3.6600
3.8220
4.0650
4.6040
5.3460
6.1330
5.9140
5.9610
6.1160
6.0650
6.2000
6.3880
6.4480
6.4460
6.5660
6.6630
6.7000
6.6980
6.7170
6.7660
6.7920
6.7160
6.6230
6.6240
6.6120
6.5840
6.5680
6.5810
6.5350
6.5000
6.4320
6.3810
6.3450
6.2260
6.1500
6.1220
6.1680
6.2200
6.1830
6.0810
5.9800
5.8990
5.8250
5.7680
5.6740
5.6150
5.5620
5.4820
5.5010
5.5160
5.5370
5.5910
5.6350
5.6880
5.6610
5.4160
5.2790
4.8780
4.3620
4.0480
3.8980
4.0730
4.0640
3.9290
3.7560
3.5790
3.4390
3.2780
3.1310
3.0130
2.8900
2.7580
2.6240
2.5310
2.4940
2.4720
2.5070
2.5810
2.7350
2.9410
3.1570
3.3370
3.5060
3.7630
4.1420
4.5080
4.7540
5.0040
5.2780
5.5920
5.9060
6.2010
6.4350
6.5470
6.5310
6.5190
6.4500
6.3280
6.1910
6.0980
6.0020
5.9200
5.8870
5.9200
5.9760
5.9530
5.8960
5.7920
5.8150
5.7900
5.8230
5.8710
5.8960
5.8880
5.9170
5.9290
5.9680
5.9920
5.9390
5.9030
5.8580
5.7780
5.7410
5.5950
5.5490
5.5960
5.6990
