439.1000
489.7800
454.2400
462.8400
503.5300
509.9300
526.4300
529.2000
545.8800
547.3600
552.4600
582.6400
583.8600
590.3500
605.3400
619.1400
636.4600
648.1200
654.5700
652.8900
654.2200
666.5900
673.6800
685.7600
688.2100
690.6200
691.8500
690.4200
703.1600
707.3100
710.5700
712.6900
708.8700
710.5200
712.4800
717.6000
719.8100
716.5600
715.3100
700.1500
687.1700
683.7700
677.8900
675.8200
668.5000
657.8900
642.5700
634.0200
631.4600
628.2100
623.6200
619.0600
607.2600
600.0800
591.9100
586.1500
581.1400
575.6700
570.3900
567.6300
565.1800
565.2600
563.7200
559.9000
556.9600
562.8300
568.0500
579.7300
588.3700
595.3100
598.5700
606.9200
611.5100
619.5500
622.6500
632.3200
644.4300
653.8300
657.6500
660.6800
667.2100
679.6300
685.4500
694.2200
699.0200
703.3700
704.9600
685.9300
667.8200
662.6400
664.5700
668.7900
668.6100
662.8900
650.7300
647.4300
649.0400
648.5800
649.8400
651.3300
642.6500
636.6300
637.5800
642.0800
642.6700
641.0400
640.0800
634.4300
635.0000
637.9200
641.0800
672.8600
697.0200
704.0700
706.9700
701.8000
707.8800
718.5200
736.6300
742.5500
741.2200
742.8000
744.0000
744.9200
754.1300
754.6000
751.7000
746.8600
744.5500
744.1100
742.7900
744.5800
739.1000
733.7800
729.5100
703.9800
682.8100
672.9500
664.7100
658.8400
648.5700
632.4300
609.0100
594.3200
591.3600
582.9500
576.4800
569.5600
551.0200
541.5400
530.1500
525.4200
515.3600
502.9700
500.8000
486.3000
489.1200
480.7700
481.9400
505.6400
514.0400
530.0600
537.5800
541.2800
551.0300
556.8100
572.9200
575.5100
580.1400
592.5600
594.8900
593.5900
603.8900
613.2600
617.1900
623.8300
627.7200
635.2400
640.2300
646.0300
656.5200
660.6300
665.1500
636.2100
612.6400
605.3000
606.2400
612.4500
606.7300
596.1200
576.3100
566.2500
565.8400
563.7300
562.9300
571.1700
568.5300
567.5800
564.8800
564.7700
566.2300
566.3200
571.9700
570.5700
570.4900
575.8500
578.4200
612.3200
641.0800
650.5600
654.3800
650.8100
656.2000
666.8100
686.4100
692.8500
688.4800
689.4700
688.1900
682.9400
686.8000
688.6200
688.7000
685.6700
683.3000
681.4200
679.5300
680.5200
676.8800
671.4500
668.6000
637.9000
611.0600
596.8700
586.7600
584.5000
572.5200
557.7000
536.4300
525.0100
520.3700
513.5400
508.7200
512.9100
504.8100
498.5400
490.3800
484.7700
480.0500
475.2200
472.1600
466.2600
460.8700
459.0600
457.9300
492.5300
513.3200
526.3600
542.0500
545.6200
559.2100
574.2900
599.6000
615.2000
623.5000
634.0700
642.7900
638.2800
647.2500
655.6500
664.9900
672.6600
678.3700
683.4800
690.2000
697.3400
701.8800
704.2400
709.8900
674.3800
644.4600
638.1100
638.0600
650.3600
646.7100
633.4100
610.3500
599.6500
601.4000
601.2100
604.5200
619.0300
619.7300
617.3800
616.5800
617.3700
618.9100
622.6300
626.8800
623.9000
624.4000
627.9500
628.3500
661.3100
690.3900
697.8900
700.2600
693.3800
698.1300
710.0200
730.4600
741.1000
741.6300
744.5000
748.6000
739.1200
743.1900
746.9900
751.2500
750.9900
750.9300
750.4700
747.0600
748.4000
746.1700
741.6100
741.8900
720.3200
697.4500
686.8800
680.0000
678.1300
669.6700
655.6600
634.4300
623.3700
619.1500
610.2500
605.5700
614.2500
611.9800
610.5100
604.7700
598.3600
598.2500
599.1900
602.2900
602.0700
603.9900
604.3900
606.1200
631.5400
650.9800
661.2900
671.9400
678.8200
688.2400
706.9400
727.4500
740.3500
744.7600
759.2300
765.2800
759.7300
773.5100
774.1400
781.4400
794.5500
801.9600
805.0600
804.0100
813.4300
813.9700
823.1100
831.8500
798.1100
767.2600
