5.9739
5.9888
6.1833
6.2138
6.3134
6.4102
6.4800
6.6441
6.7733
6.6828
6.8076
6.7400
6.6054
6.5367
6.3915
6.2448
6.0834
5.9497
5.5516
5.3458
5.2864
4.5404
3.7721
3.3630
3.0914
2.9927
2.9432
2.8260
2.8953
2.9509
2.9278
2.8632
2.7702
2.8082
2.9092
3.0976
3.3768
3.6608
3.8956
4.0750
4.1116
4.0990
4.1905
4.2932
4.1880
4.0083
3.7139
3.2197
2.6054
2.0878
2.1827
2.6692
3.2191
3.6484
3.9787
4.1898
4.1833
4.1288
4.5899
5.4034
5.5864
5.4760
5.3393
5.1066
4.7683
4.8058
5.4022
6.5390
8.1968
9.1252
9.4373
9.4960
9.6618
9.8746
10.0476
10.1604
10.2725
10.3127
10.3614
10.3663
10.3162
10.2478
10.1433
9.8776
9.7248
9.7755
9.8834
9.9101
9.8989
9.8528
9.8052
9.7092
9.6293
9.6157
9.6094
9.6588
9.7020
9.7460
9.7977
9.8477
9.9555
9.9926
9.7690
9.4866
9.3684
9.3207
9.2889
9.2691
9.1062
8.8360
8.5617
8.3479
8.1590
7.7805
6.9502
6.6121
6.3994
5.6377
4.8363
4.3916
4.2061
4.5252
4.7441
4.8036
5.0230
5.0230
5.0529
5.0683
4.9658
4.7787
4.6232
4.5183
4.4180
4.3150
4.2479
4.2408
4.2680
4.3875
4.5639
4.7051
4.7110
4.4805
4.1488
3.7582
3.2584
3.4581
3.8410
4.1479
4.2788
4.3551
4.5950
4.9377
4.9902
4.5408
4.0570
3.8145
4.4059
4.7693
5.3321
6.9470
8.4821
8.9191
8.9063
8.7399
8.7970
8.7727
8.8602
9.0647
9.3835
9.6839
9.9362
10.0229
10.0411
9.9143
9.8561
9.7415
9.6545
9.6046
9.6111
9.6196
9.5485
9.5024
9.5107
9.4704
9.4440
9.4393
9.4388
9.4542
9.5101
9.5164
9.5161
9.5819
9.6892
9.7930
9.8754
9.9077
9.8632
9.7744
9.7205
9.7081
9.6701
9.6386
9.5510
9.4979
9.4684
9.4006
9.2951
9.1315
8.8097
8.1962
7.5114
7.3926
6.4163
5.4537
4.8064
4.3873
4.3672
4.5036
4.3588
4.0968
3.8363
3.6121
3.4565
3.2865
3.1244
3.0113
2.9578
2.9351
2.9321
2.9386
2.9295
2.8847
2.7809
2.6181
2.4334
2.2065
2.0968
2.0823
2.1122
2.2654
2.5314
2.9135
3.2339
3.4850
3.6682
3.7229
3.7894
3.9086
4.2185
4.6386
5.0076
5.2651
5.6501
6.5054
7.6834
8.9315
8.5834
8.6590
8.9054
8.8232
9.0387
9.3359
9.4321
9.4283
9.6180
9.7724
9.8310
9.8289
9.8585
9.9354
9.9776
9.8574
9.7094
9.7107
9.6920
9.6468
9.6213
9.6421
9.5692
9.5141
9.4056
9.3245
9.2673
9.0787
8.9587
8.9140
8.9867
9.0691
9.0110
8.8485
8.6882
8.5599
8.4425
8.3521
8.2032
8.1094
8.0259
7.8987
7.9291
7.9520
7.9856
8.0712
8.1417
8.2254
8.1826
7.7946
7.5768
6.9394
6.1208
5.6237
5.3853
5.6631
5.6491
5.4349
5.1595
4.8786
4.6561
4.4006
4.1678
3.9806
3.7860
3.5762
3.3628
3.2159
3.1568
3.1216
3.1772
3.2946
3.5401
3.8670
4.2086
4.4951
4.7635
5.1712
5.7724
6.3535
6.7438
7.1405
7.5746
8.0725
8.5710
9.0392
9.4110
9.5890
9.5639
9.5441
9.4343
9.2405
9.0237
8.8759
8.7230
8.5929
8.5408
8.5944
8.6817
8.6466
8.5553
8.3901
8.4264
8.3876
8.4402
8.5154
8.5557
8.5436
8.5881
8.6075
8.6691
8.7071
8.6241
8.5668
8.4958
8.3682
8.3096
8.0786
8.0054
8.0796
8.2430
