2.0005
2.0217
2.0587
2.0654
2.0417
2.0401
2.0543
2.0603
2.1069
2.1905
2.2254
2.2092
2.1310
2.0375
1.9519
1.9115
1.8944
1.8302
1.6012
1.6061
1.4927
1.2142
1.1528
1.3602
1.6916
2.1795
2.6819
3.0871
3.4013
3.7909
4.1490
4.4461
4.8306
5.1551
5.4933
5.7744
5.9579
6.0786
6.1774
6.2735
6.3675
6.4617
6.5447
6.6034
6.6498
6.6985
6.7350
6.7237
6.6256
6.4442
6.2774
6.0046
5.8998
5.8784
5.8398
5.8528
5.8857
5.8463
5.7760
5.8443
5.8833
5.9335
5.9979
6.0878
6.0479
5.8593
5.5323
5.1031
4.4120
3.7050
3.3406
2.8841
2.6297
2.5681
2.4844
2.4148
2.3352
2.2057
2.0780
1.9671
1.9073
1.8639
1.7659
1.4668
1.2152
1.0805
0.9970
0.9379
0.9223
0.9217
0.9296
0.9002
0.8580
0.8033
0.7735
0.7794
0.7881
0.7945
0.7960
0.7520
0.7638
0.8239
0.6939
0.5708
0.5938
0.5763
0.5692
0.6947
0.8470
0.9197
0.9592
0.9940
1.1042
1.2021
0.9915
1.1518
1.2378
1.1536
1.3039
1.6187
2.0022
2.5045
2.8976
3.2576
3.5759
3.8083
4.0627
4.2781
4.4555
4.6469
4.8673
5.0875
5.2838
5.4777
5.6775
5.8566
6.0132
6.1598
6.3011
6.4335
6.5480
6.6458
6.7101
6.6891
6.3101
5.8594
5.7247
5.7165
5.8273
5.9060
5.8276
5.7950
5.7895
5.8530
5.9098
6.0437
6.2710
6.3535
6.1526
5.3996
4.6258
4.0999
3.6286
3.3123
3.0767
2.8490
2.6368
2.3978
2.2108
2.1215
2.0233
1.9233
1.8025
1.6555
1.5303
1.4262
1.2819
1.1363
1.0630
0.9928
0.9021
0.8444
0.8073
0.7522
0.7195
0.6977
0.6997
0.7178
0.7123
0.6807
0.6391
0.6398
0.6821
0.7282
0.7735
0.7966
0.7431
0.6285
0.5438
0.4996
0.4302
0.3756
0.3293
0.2689
0.2377
0.2248
0.1720
0.0781
-0.0816
-0.2870
-0.3117
-0.2977
-0.2918
-0.0995
0.1982
0.5731
1.0660
1.5786
2.0081
2.4075
2.8206
3.3286
3.8327
4.2404
4.6494
4.9584
5.2349
5.4649
5.6778
5.8748
6.0296
6.1367
6.2059
6.2610
6.2927
6.2564
6.1647
6.0412
5.8912
5.7507
5.6607
5.7117
5.8872
5.9379
5.9090
5.8934
5.8996
5.9482
6.0019
6.0535
6.0453
5.9654
5.9324
5.8802
5.5264
4.8015
4.2346
3.6806
3.1236
2.6094
2.2305
1.9086
1.6285
1.3662
1.1995
1.1109
0.9692
0.7614
0.6073
0.5398
0.4445
0.2742
0.1263
0.0384
-0.0030
-0.0619
-0.1448
-0.1978
-0.2449
-0.3014
-0.3588
-0.4393
-0.4862
-0.5577
-0.6116
-0.5945
-0.4935
-0.4049
-0.4230
-0.5017
-0.5514
-0.5945
-0.6218
-0.6446
-0.7132
-0.7730
-0.8172
-0.8446
-0.8431
-0.8604
-0.9009
-0.9664
-1.0663
-1.1972
-1.3892
-1.6629
-1.6954
-1.6453
-1.4345
-1.1142
-0.7237
-0.2280
0.2078
0.6047
0.9868
1.3803
1.8770
2.3415
2.7057
3.0051
3.2954
3.6111
3.8805
4.0786
4.2321
4.3684
4.4326
4.3878
4.2843
4.1998
4.1660
4.2201
4.2772
4.2890
4.3818
4.5365
4.6405
4.6395
4.5886
4.5380
4.4742
4.4011
4.3088
4.1875
4.0369
3.8482
3.6757
3.5340
3.3487
3.1599
2.8874
2.6166
2.2938
1.9472
1.5906
1.1757
0.7579
0.3501
0.0037
-0.2248
-0.4144
-0.5974
-0.7303
-0.8947
-1.0241
-1.1220
-1.2254
-1.3180
-1.4033
-1.4882
-1.5588
-1.6007
-1.6406
-1.6944
-1.7417
-1.7610
-1.7722
