1.4304
1.6382
1.7884
1.9234
2.0665
2.2823
2.4895
2.6862
2.9723
3.0670
3.2839
3.4427
3.5096
3.6324
3.8287
3.9037
3.7896
3.6627
3.3411
3.0827
2.9459
2.5488
2.0954
1.8715
1.7028
1.5775
1.4392
1.1327
1.0714
1.0655
1.0234
0.8912
0.8126
0.9680
1.3224
1.6932
2.0958
2.4320
2.7009
2.9541
3.0808
3.1342
3.2589
3.3614
3.2343
3.0295
2.6752
2.0779
1.2666
0.2331
-0.8207
-1.8368
-2.5653
-2.7663
-2.6846
-2.4502
-2.1683
-2.2539
-3.0747
-3.8557
-3.9631
-4.0336
-4.0957
-3.5759
-2.7056
-2.0962
-2.3807
-3.2333
-3.8158
-4.6330
-4.6975
-4.0413
-3.7265
-3.5923
-3.6049
-3.5295
-3.3831
-3.1673
-3.0868
-2.9873
-2.8917
-2.6876
-2.4718
-1.8228
-1.3103
-1.0849
-0.9716
-0.8070
-0.6691
-0.5580
-0.3864
-0.2254
-0.0431
0.1698
0.3701
0.5309
0.7409
0.9777
1.2842
1.6957
2.0277
2.2776
2.6935
3.0962
3.3986
3.7241
4.0441
4.2694
4.5051
4.8367
5.0977
5.2325
5.2713
5.1553
4.6991
4.7180
4.8262
4.4150
3.8444
3.5549
3.4697
3.8504
4.1348
4.2601
4.5917
4.6358
4.6956
4.7366
4.6390
4.4365
4.2418
4.1074
3.9568
3.7636
3.5828
3.4433
3.2836
3.1772
3.1517
3.1554
3.1399
2.9682
2.4357
1.4115
-0.2984
-1.7200
-2.2386
-2.4475
-2.3376
-2.1366
-2.4215
-2.7578
-2.7270
-2.1286
-1.2345
-0.0748
1.1361
1.3203
0.1662
-2.0070
-3.2506
-3.4621
-3.3897
-3.0470
-2.8498
-3.0437
-3.2148
-3.3796
-3.3415
-3.2545
-3.2927
-3.1883
-2.9788
-2.6552
-2.4334
-2.1896
-2.0216
-1.8083
-1.6192
-1.4335
-1.2133
-1.1169
-1.0835
-0.9617
-0.8511
-0.6943
-0.5346
-0.3926
-0.2818
-0.0836
0.0697
0.1527
0.2098
0.2795
0.3303
0.4383
0.5956
0.7333
0.8868
1.0571
1.1577
1.2454
1.3923
1.5464
1.6873
1.8110
1.9472
2.0525
2.1583
2.2171
2.3187
2.4374
2.3202
2.0658
1.9403
1.8772
2.0299
2.2870
2.3246
2.2299
2.1056
2.0944
2.1931
2.1852
2.1606
2.0965
2.0084
1.9317
1.8501
1.7893
1.7248
1.6028
1.3605
1.0857
0.7504
0.3035
-0.1772
-0.6308
-1.1333
-1.6087
-2.0466
-2.4701
-2.7626
-2.9561
-3.1158
-3.1762
-3.2530
-3.3609
-3.6436
-3.9809
-4.2377
-4.3964
-4.5698
-5.0320
-5.3982
-5.3182
-4.7955
-4.7197
-4.5837
-4.3530
-4.2016
-4.1562
-4.0517
-3.8865
-3.8236
-3.7221
-3.6299
-3.5431
-3.5114
-3.5750
-3.5115
-3.2539
-3.0205
-2.8429
-2.5854
-2.4012
-2.1830
-2.0075
-1.7832
-1.5181
-1.2646
-1.0095
-0.8061
-0.6802
-0.6476
-0.5641
-0.4861
-0.4058
-0.2957
-0.1988
-0.1241
-0.0856
-0.0684
-0.0860
-0.0924
-0.1377
-0.2572
-0.4091
-0.5881
-0.7653
-0.9205
-1.0205
-1.0929
-1.1687
-1.1833
-1.1363
-0.9591
-0.8110
-0.6804
-0.5724
-0.5411
-0.4526
-0.4688
-0.5147
-0.5719
-0.6305
-0.6026
-0.5019
-0.5183
-0.6667
-0.8215
-0.9524
-1.0932
-1.2873
-1.5165
-1.7823
-2.1466
-2.5514
-2.9962
-3.4297
-3.8754
-4.2165
-4.4950
-4.9116
-5.4922
-6.0135
-6.3205
-6.6123
-6.9178
-7.2745
-7.6444
-7.9912
-8.2298
-8.2869
-8.1275
-7.9207
-7.6986
-7.3308
-6.9369
-6.5660
-6.2718
-5.8548
-5.5137
-5.2967
-5.2561
-5.1704
-4.9311
-4.5724
-4.3559
-4.0364
-3.9081
-3.7522
-3.7654
-3.6863
-3.4593
-3.4360
-3.2841
-3.1241
-2.8784
-2.7336
-2.6409
-2.5263
-2.6002
-2.5705
-2.6477
-2.7672
-2.8720
