5.8001
5.7604
5.9191
5.9086
5.9656
5.9902
5.9827
6.0768
6.0863
5.9374
5.9632
5.7945
5.5959
5.4345
5.1179
4.8742
4.7589
4.6887
4.4337
4.3675
4.3894
3.7575
3.1366
2.7941
2.5802
2.5431
2.5673
2.5890
2.6897
2.7518
2.7431
2.7210
2.6484
2.6361
2.5913
2.5938
2.6477
2.7362
2.8072
2.8070
2.7229
2.6417
2.6343
2.6706
2.6606
2.6247
2.5760
2.4594
2.2768
2.0748
2.0226
1.9367
1.9447
2.3787
2.9365
3.3986
3.5775
3.4594
3.4079
3.7856
3.9372
3.7037
3.4255
3.6456
3.9263
4.3245
4.8493
5.6837
7.2544
7.8616
8.1851
8.5932
8.9142
9.1979
9.3786
9.5276
9.6994
9.8143
9.8909
9.9266
9.9026
9.8892
9.8375
9.7080
9.6361
9.7152
9.8355
9.8771
9.8763
9.8370
9.7976
9.7066
9.6292
9.6142
9.6023
9.6442
9.6737
9.6969
9.7132
9.7006
9.7469
9.7296
9.3903
8.9672
8.7302
8.5444
8.3623
8.2273
7.9137
7.3947
6.8787
6.5045
6.2276
5.8274
5.1209
4.6325
4.2024
3.5058
2.9344
2.5785
2.3775
2.3772
2.3260
2.2194
2.0364
1.9338
1.8664
1.8034
1.7717
1.7758
1.8387
1.8827
1.9653
2.1105
2.2821
2.4755
2.7265
3.0258
3.3010
3.4902
3.5120
3.3562
3.3585
3.4830
3.2448
3.0000
3.1212
3.3489
3.5838
3.7950
3.9052
4.0958
4.1792
4.0109
3.8646
3.8138
4.2569
4.5829
5.3295
6.6508
7.8346
8.2198
8.2361
8.1916
8.3226
8.2278
8.2564
8.4111
8.7684
9.1206
9.3747
9.5023
9.5891
9.5521
9.5510
9.4922
9.4404
9.4329
9.4737
9.5122
9.4711
9.4365
9.4488
9.4214
9.4056
9.4137
9.4237
9.4460
9.5059
9.5161
9.5158
9.5807
9.6870
9.7890
9.8698
9.8980
9.8452
9.7468
9.6800
9.6504
9.6005
9.5578
9.4489
9.3712
9.3169
9.2245
9.0888
8.8979
8.5413
7.8907
7.1446
6.9792
5.9821
5.0473
4.3973
3.9655
3.8667
3.8798
3.6872
3.4368
3.2068
2.9429
2.6716
2.4548
2.2569
2.1616
2.1713
2.2099
2.2747
2.3310
2.3679
2.3985
2.4253
2.3824
2.3148
2.1856
2.0893
1.9844
1.7824
1.5951
1.4898
1.5450
1.6813
1.8457
1.9359
1.9420
1.9437
1.9954
2.1261
2.3811
2.6680
2.8970
3.3227
4.1230
5.4675
7.1755
7.1189
7.2597
7.6352
7.6747
8.0028
8.3597
8.5176
8.5900
8.8253
9.0358
9.1363
9.1680
9.2119
9.2699
9.3393
9.3049
9.2276
9.2852
9.3408
9.3432
9.3704
9.4308
9.4016
9.3922
9.3202
9.2697
9.2322
9.0532
8.9353
8.8961
8.9735
9.0600
9.0061
8.8463
8.6873
8.5595
8.4422
8.3516
8.2027
8.1082
8.0218
7.8881
7.9073
7.9151
7.9323
8.0064
8.0680
8.1420
8.0966
7.7113
7.5159
6.8918
6.0829
5.5944
5.3581
5.6450
5.6297
5.4105
5.1277
4.8377
4.6169
4.3719
4.1355
3.9244
3.6958
3.4470
3.1802
2.9470
2.7687
2.5628
2.3423
2.0844
1.8854
1.7864
1.6413
1.5579
1.5767
1.6176
1.7768
2.0503
2.3514
2.6952
3.0853
3.4995
3.8762
4.2246
4.5646
4.8247
5.0410
5.3248
5.4533
5.6255
5.7712
5.9723
6.0625
6.2896
6.5226
6.7683
6.9099
6.9304
6.9912
7.0347
7.2132
7.3525
7.4809
7.6442
7.6825
7.7075
7.8606
7.8919
8.0229
8.1273
8.1296
8.1190
8.0749
7.9777
7.8923
7.6588
7.5549
7.5909
7.7265
