-0.0001
-0.0040
-0.0043
-0.0037
-0.0037
-0.0049
-0.0051
-0.0066
-0.0060
-0.0059
-0.0046
-0.0040
-0.0022
-0.0024
-0.0028
-0.0044
-0.0041
-0.0044
-0.0063
-0.0054
-0.0043
-0.0028
-0.0005
-0.0006
-0.0019
0.0000
0.0051
0.0131
0.0236
0.0276
0.0290
0.0295
0.0394
0.0504
0.0602
0.0675
0.0712
0.0681
0.0632
0.0561
0.0466
0.0421
0.0406
0.0291
0.0208
0.0310
0.0583
0.0991
0.1344
0.1412
0.1071
0.0691
0.0447
0.0387
0.0499
0.0629
0.0722
0.0735
0.0628
0.0389
0.0280
0.0217
0.0160
0.0057
-0.0017
0.0149
0.0181
0.0440
-0.0014
-0.0052
-0.0020
-0.0017
-0.0039
-0.0061
-0.0075
-0.0067
-0.0078
-0.0089
-0.0088
-0.0096
-0.0095
-0.0072
-0.0006
0.0025
-0.0029
-0.0075
-0.0095
-0.0104
-0.0102
-0.0077
-0.0052
-0.0040
-0.0049
-0.0051
-0.0062
-0.0064
-0.0067
-0.0068
-0.0066
-0.0071
-0.0100
-0.0059
-0.0003
-0.0026
-0.0063
-0.0083
-0.0119
-0.0135
-0.0106
-0.0087
-0.0102
-0.0104
-0.0107
-0.0110
-0.0075
-0.0096
-0.0106
-0.0085
-0.0080
-0.0099
-0.0082
0.0016
0.0025
0.0039
0.0060
0.0042
0.0052
0.0066
0.0053
0.0060
0.0084
0.0112
0.0130
0.0171
0.0217
0.0232
0.0221
0.0169
0.0091
0.0055
0.0071
0.0159
0.0365
0.0881
0.1568
0.1288
0.1044
0.0991
0.1064
0.1155
0.1155
0.0964
0.0825
0.0739
0.0812
0.0823
0.0679
0.0498
0.0581
0.0545
0.0191
0.0101
0.0027
-0.0010
-0.0018
-0.0078
-0.0104
-0.0021
0.0020
-0.0029
-0.0059
-0.0047
-0.0048
-0.0042
-0.0046
-0.0043
-0.0043
-0.0025
-0.0040
-0.0054
-0.0068
-0.0065
-0.0063
-0.0060
-0.0061
-0.0065
-0.0077
-0.0070
-0.0068
-0.0059
-0.0081
-0.0073
-0.0071
-0.0063
-0.0062
-0.0052
-0.0040
-0.0033
-0.0042
-0.0034
-0.0029
-0.0031
-0.0021
-0.0035
-0.0055
-0.0069
-0.0058
-0.0058
-0.0069
-0.0078
-0.0093
-0.0077
-0.0059
-0.0042
-0.0044
-0.0046
-0.0008
0.0037
0.0035
0.0034
0.0052
0.0117
0.0184
0.0215
0.0276
0.0337
0.0396
0.0458
0.0510
0.0591
0.0689
0.0836
0.1031
0.1223
0.1360
0.1388
0.1279
0.1039
0.0748
0.0533
0.0364
0.0163
0.0044
0.0096
0.0158
0.0176
0.0165
0.0151
0.0139
0.0135
0.0145
0.0194
0.0258
0.0227
0.0154
-0.0031
-0.0248
-0.0099
-0.0062
-0.0017
0.0033
0.0017
0.0015
0.0010
-0.0004
-0.0021
-0.0053
-0.0079
-0.0085
-0.0093
-0.0004
0.0049
0.0014
-0.0011
-0.0020
-0.0018
-0.0008
-0.0011
-0.0005
0.0009
0.0002
-0.0001
-0.0025
-0.0027
-0.0029
-0.0022
-0.0015
-0.0019
-0.0009
-0.0001
0.0003
-0.0000
-0.0009
-0.0000
0.0013
-0.0003
-0.0020
-0.0029
-0.0037
-0.0035
-0.0035
-0.0031
-0.0025
-0.0021
-0.0022
-0.0020
-0.0014
-0.0017
-0.0012
-0.0010
0.0012
0.0050
0.0064
0.0064
0.0069
0.0090
0.0135
0.0189
0.0210
0.0223
0.0241
0.0297
0.0381
0.0481
0.0539
0.0539
0.0489
0.0357
0.0159
0.0008
-0.0015
0.0042
0.0122
0.0149
0.0135
0.0117
0.0070
0.0058
0.0046
0.0034
0.0021
0.0030
0.0015
-0.0012
0.0008
0.0059
0.0052
0.0059
0.0080
0.0079
0.0070
0.0069
0.0052
0.0021
-0.0020
0.0015
-0.0046
0.0006
0.0005
0.0010
0.0031
0.0032
0.0043
0.0042
0.0063
0.0059
0.0037
0.0015
-0.0013
-0.0041
-0.0027
-0.0026
0.0001
0.0020
0.0033
0.0049
0.0060
