4.1480
4.4020
4.7870
4.9200
4.8700
5.4170
6.0390
6.4830
5.8320
5.6440
5.8520
6.0180
5.3740
6.0910
6.6500
6.6150
6.9630
6.5740
7.6020
8.2030
9.5570
10.2160
10.1490
10.0960
10.1620
9.8120
9.4050
8.3470
8.1080
8.2120
8.2310
8.8810
8.8580
8.9980
7.8710
6.9060
6.9050
6.1820
7.1370
6.9250
7.2530
8.2540
8.4050
8.4490
8.3470
8.4030
8.1130
7.6840
7.6400
7.5490
7.4390
7.1510
6.9480
6.9220
7.0050
6.9680
6.7510
6.4810
6.4330
5.8580
6.1720
6.0030
5.4620
4.9960
4.8910
4.5230
4.5500
4.4400
4.2240
3.9820
3.8660
4.0990
4.0170
3.7640
5.2400
7.8220
4.6470
4.9080
5.3380
5.2150
4.1720
4.1310
3.8070
3.3410
3.1460
3.2410
3.1590
3.2540
3.2660
3.4070
3.5260
3.0960
3.4070
3.8560
4.1170
4.5970
5.1380
5.0750
4.8730
5.1330
5.0180
5.1570
5.1740
5.2990
5.4630
5.6820
5.7240
5.7810
5.7900
5.6050
5.6820
5.5500
5.4600
5.2360
4.9330
4.6170
4.1080
3.7710
3.6010
3.6310
3.6780
3.7310
3.7070
3.5960
3.7850
4.0560
4.3780
4.7140
5.0040
5.1670
5.1880
5.0830
5.0060
4.8850
4.8110
4.7800
4.8010
4.7150
4.4250
4.4010
4.2280
4.1430
3.9010
3.8280
3.4910
3.4640
3.5860
3.6170
3.5810
3.5150
3.3780
3.5990
3.8270
3.9110
4.1160
4.2320
4.3680
4.6120
4.7510
4.7780
4.7150
4.9040
5.0620
5.0020
4.8870
4.7880
4.6940
4.4960
4.4520
4.3730
4.2760
4.1570
4.0610
3.9730
3.9310
3.8360
3.7480
3.7150
3.7110
3.6860
3.6650
3.6250
3.5610
3.4030
3.2150
3.0450
2.8950
2.8420
2.9290
3.0210
3.1490
3.2970
3.5850
3.8720
4.0570
4.1330
4.1310
4.1830
4.3480
4.4110
4.3950
4.5050
4.6540
4.9200
5.2090
5.4110
5.5930
5.6450
5.5340
5.3500
5.1050
4.8760
4.6830
4.4560
4.1120
3.9480
3.8550
3.8360
3.8840
3.8840
3.9450
4.0070
4.0400
4.0500
4.0230
3.9760
3.9470
3.9220
3.9200
3.9280
3.9540
3.9960
3.9860
3.9600
3.9330
3.8850
3.8420
3.8030
3.8390
3.9100
3.9800
3.9960
3.9770
3.9740
4.0440
4.1050
4.0380
3.9970
3.9650
3.9410
3.9230
3.8780
3.8410
3.8430
3.8530
3.8970
3.9690
3.9520
4.0060
4.0460
4.0650
4.0840
4.0800
4.0920
4.0950
4.0740
4.0390
3.9810
3.9360
3.9070
3.8760
3.8530
3.8130
3.7270
3.6500
3.6030
3.5880
3.6430
3.7100
3.7190
3.6860
3.6570
3.6610
3.6720
3.6680
3.6450
3.6440
3.6450
3.6950
3.7080
3.6890
3.6760
3.6670
3.6450
3.6590
3.7060
3.7390
3.7300
3.6870
3.6780
3.7080
3.7750
3.8850
3.9390
3.8990
3.8670
3.9470
3.9360
3.9380
4.0740
4.1790
4.2740
4.2090
3.8780
3.5720
3.3950
3.3630
3.5170
3.5210
3.5910
3.6980
3.7340
3.8060
3.8780
3.9080
3.8780
3.8230
3.7570
3.7300
3.8150
3.9560
4.1320
4.2930
4.3910
4.4730
4.5480
4.6110
4.6740
4.7230
4.7660
4.8220
4.8510
4.8140
4.7330
4.6730
4.6480
4.6150
4.5260
4.4600
4.4050
4.3380
4.3870
4.4660
4.6260
4.8090
4.9290
5.0180
5.1330
5.2290
5.3180
5.4050
5.4980
5.5530
5.6460
5.7410
5.8090
5.8460
5.8750
5.8420
5.7750
5.7010
5.6420
5.5870
5.5800
5.5480
5.4500
5.4120
