1407.0000
1330.1000
1315.0000
1349.2000
1385.3000
1387.4000
1341.3000
1359.4000
1366.5000
1414.4000
1385.4000
1378.7000
1450.7000
1409.5000
1391.8000
1446.3000
1466.9000
1495.7000
1459.0000
1402.4000
1331.3000
1273.6000
1264.6000
1236.8000
1210.8000
1232.7000
1240.6000
1263.4000
1247.0000
1230.9000
1219.2000
1175.3000
1140.0000
1109.7000
1150.3000
1185.1000
1146.4000
1197.7000
1132.4000
1116.3000
1046.3000
971.7800
952.9600
948.0200
926.5700
882.7500
858.3600
832.5600
801.6400
774.5200
748.6200
736.4400
705.1300
689.1600
656.9800
651.3200
624.9100
614.2100
611.7400
581.6300
591.0900
571.0000
559.5900
540.0200
527.2900
532.0200
516.3400
490.2900
460.3100
459.5800
451.1500
434.6000
402.7200
397.7700
488.2100
553.2900
545.9000
536.6600
558.4900
582.9500
590.5600
583.9100
560.0700
554.6800
556.7800
578.0900
592.0500
581.0300
589.6100
604.6800
620.7000
629.0800
635.2300
659.1400
665.9800
676.4200
682.0000
692.1800
696.2800
724.2700
732.0500
750.9500
758.2100
774.7900
793.8700
807.1300
819.7600
833.2800
857.1000
880.2500
898.0200
941.9900
988.2200
1017.6000
1033.6000
1038.1000
1061.9000
1085.2000
1110.2000
1129.3000
1137.6000
1151.2000
1176.3000
1196.2000
1208.4000
1220.8000
1227.3000
1233.2000
1237.2000
1246.5000
1251.5000
1265.0000
1278.7000
1290.1000
1306.3000
1306.3000
1295.2000
1298.8000
1320.2000
1326.8000
1335.9000
1342.9000
1358.6000
1363.1000
1390.9000
1394.7000
1386.9000
1391.6000
1384.4000
1387.1000
1401.1000
1391.3000
1394.5000
1399.7000
1403.9000
1413.7000
1419.4000
1419.3000
1422.4000
1440.2000
1466.0000
1464.9000
1472.7000
1476.7000
1492.0000
1518.9000
1543.9000
1576.1000
1582.3000
1596.6000
1614.8000
1611.2000
1621.7000
1634.9000
1647.6000
1673.6000
1688.9000
1708.1000
1717.5000
1728.6000
1744.5000
1767.6000
1792.5000
1781.1000
1766.5000
1770.7000
1777.1000
1794.3000
1796.0000
1789.6000
1772.6000
1764.9000
1776.3000
1788.0000
1794.9000
1812.4000
1810.8000
1808.1000
1805.2000
1807.2000
1813.8000
1808.1000
1811.0000
1806.0000
1795.2000
1800.0000
1800.8000
1840.5000
1878.9000
1896.0000
1909.9000
1908.9000
1917.6000
1938.5000
1968.7000
1990.7000
1998.7000
2011.9000
2026.3000
2018.9000
2019.4000
2029.2000
2035.6000
2046.8000
2057.0000
2067.7000
2072.5000
2081.5000
2092.1000
2092.3000
2091.7000
2060.3000
2027.6000
2013.8000
2006.9000
2012.1000
2006.6000
1994.0000
1969.1000
1942.3000
1937.2000
1937.5000
1932.6000
1940.5000
1926.7000
1903.1000
1895.3000
1888.0000
1886.5000
1876.8000
1867.5000
1858.5000
1847.8000
1842.3000
1837.1000
1863.6000
1892.0000
1900.9000
1903.9000
1897.8000
1905.0000
1921.8000
1945.5000
1964.9000
1970.4000
1975.5000
1986.9000
1964.6000
1952.7000
1959.8000
1960.7000
1967.3000
1964.3000
1964.4000
1962.9000
1964.5000
1974.7000
1975.5000
1970.7000
1941.9000
1910.2000
1899.3000
1895.5000
1900.9000
1890.6000
1873.4000
1847.5000
1825.7000
1821.7000
1820.0000
1813.2000
1828.0000
1827.5000
1812.6000
1797.7000
1784.7000
1783.9000
1782.9000
1787.5000
1787.6000
1780.9000
1778.8000
1776.8000
1796.5000
1824.6000
1834.7000
1834.7000
1829.0000
1834.8000
1841.8000
1854.3000
1864.9000
1863.5000
1860.4000
1861.4000
1843.0000
1836.4000
1840.3000
1840.4000
1840.0000
1830.1000
1820.0000
1805.6000
1795.2000
1788.9000
1780.1000
1767.4000
1736.4000
1702.8000
1683.1000
1668.5000
1661.4000
1644.3000
1622.1000
1591.7000
1565.3000
1550.9000
1539.5000
1524.6000
1537.6000
1540.0000
1528.3000
1518.4000
1504.2000
1502.5000
1498.5000
1503.4000
1501.2000
1491.5000
1485.3000
1480.6000
1490.3000
1507.6000
1518.9000
1525.4000
1527.6000
1535.7000
1546.2000
1558.3000
1571.3000
1575.4000
1577.2000
1579.4000
1563.8000
1558.0000
1561.7000
1562.1000
1568.3000
1567.0000
1572.5000
1567.9000
1568.9000
1579.6000
1591.7000
1596.9000
1574.8000
1543.2000
