5.7823
6.1853
6.7961
7.0065
6.9280
7.7947
8.7821
9.4872
8.4538
8.1553
8.4863
8.7496
7.7279
8.8648
9.7514
9.6970
10.2488
9.6307
11.2626
12.2155
14.3652
15.4108
15.3038
15.2207
15.3254
14.7692
14.1243
12.4451
12.0652
12.2298
12.2609
13.2926
13.2558
13.4784
11.6888
10.1586
10.1574
9.0086
10.5243
10.1884
10.7087
12.2976
12.5361
12.6061
12.4447
12.5329
12.0732
11.3934
11.3234
11.1786
11.0039
10.5466
10.2250
10.1843
10.3149
10.2565
9.9130
9.4833
9.4074
8.4945
8.9932
8.7254
7.8666
7.1281
6.9601
6.3768
6.4196
6.2456
5.9032
5.5187
5.3337
5.7045
5.5734
5.1719
7.5148
11.6116
6.5731
6.9874
7.6705
7.4744
5.8205
5.7547
5.2402
4.5014
4.1925
4.3422
4.2124
4.3637
4.3817
4.6058
4.7947
4.1118
4.6067
5.3192
5.7324
6.4935
7.3525
7.2529
6.9315
7.3453
7.1626
7.3831
7.4101
7.6089
7.8682
8.2152
8.2831
8.3728
8.3880
8.0930
8.2165
8.0066
7.8638
7.5087
7.0271
6.5263
5.7186
5.1831
4.9132
4.9622
5.0364
5.1198
5.0822
4.9057
5.2064
5.6352
6.1470
6.6807
7.1406
7.3988
7.4327
7.2661
7.1426
6.9507
6.8339
6.7854
6.8174
6.6815
6.2208
6.1827
5.9083
5.7739
5.3904
5.2734
4.7393
4.6964
4.8905
4.9390
4.8821
4.7780
4.5598
4.9103
5.2717
5.4059
5.7305
5.9157
6.1314
6.5186
6.7393
6.7810
6.6814
6.9810
7.2324
7.1370
6.9547
6.7968
6.6489
6.3342
6.2639
6.1394
5.9850
5.7957
5.6443
5.5041
5.4369
5.2871
5.1470
5.0955
5.0878
5.0485
5.0148
4.9525
4.8507
4.5998
4.3006
4.0310
3.7938
3.7093
3.8482
3.9941
4.1960
4.4315
4.8892
5.3440
5.6372
5.7573
5.7542
5.8367
6.0993
6.1988
6.1730
6.3487
6.5848
7.0075
7.4654
7.7852
8.0741
8.1574
7.9819
7.6896
7.3009
6.9370
6.6310
6.2702
5.7244
5.4638
5.3163
5.2871
5.3626
5.3632
5.4594
5.5588
5.6102
5.6268
5.5834
5.5096
5.4624
5.4236
5.4206
5.4329
5.4742
5.5403
5.5254
5.4838
5.4399
5.3642
5.2966
5.2344
5.2911
5.4039
5.5150
5.5400
5.5102
5.5059
5.6174
5.7133
5.6065
5.5422
5.4922
5.4530
5.4241
5.3532
5.2953
5.2973
5.3130
5.3833
5.4975
5.4709
5.5565
5.6198
5.6507
5.6808
5.6732
5.6922
5.6977
5.6637
5.6085
5.5166
5.4460
5.3997
5.3502
5.3142
5.2499
5.1140
4.9920
4.9167
4.8936
4.9801
5.0873
5.1016
5.0481
5.0025
5.0095
5.0272
5.0200
4.9838
4.9813
4.9836
5.0626
5.0837
5.0542
5.0327
5.0185
4.9836
5.0056
5.0811
5.1334
5.1184
5.0497
5.0354
5.0842
5.1900
5.3650
5.4505
5.3862
5.3364
5.4632
5.4451
5.4493
5.6644
5.8317
5.9812
5.8790
5.3527
4.8674
4.5864
4.5356
4.7812
4.7868
4.8975
5.0682
5.1255
5.2397
5.3533
5.4009
5.3532
5.2664
5.1615
5.1193
5.2541
5.4764
5.7572
6.0115
6.1680
6.2980
6.4161
6.5165
6.6171
6.6936
6.7629
6.8506
6.8968
6.8383
6.7100
6.6149
6.5757
6.5223
6.3809
6.2772
6.1895
6.0826
6.1603
6.2863
6.5396
6.8304
7.0208
7.1621
7.3453
7.4977
7.6391
7.7768
7.9247
8.0116
8.1584
8.3096
8.4181
8.4761
8.5221
8.4691
8.3643
8.2469
8.1527
8.0652
8.0541
8.0026
7.8474
7.7879
