-15.2933
-15.2669
-15.2432
-15.2033
-15.1882
-15.2796
-15.4892
-15.6215
-15.6895
-15.9338
-16.2856
-16.5639
-16.8574
-17.2169
-17.4159
-17.5106
-17.5497
-17.5474
-17.4461
-17.3770
-17.2072
-17.0846
-16.9501
-16.8083
-16.6611
-16.5128
-16.3733
-16.2613
-16.2004
-16.1280
-16.0318
-15.9327
-15.7507
-15.5609
-15.3330
-14.7938
-14.7463
-14.6526
-14.0655
-13.7210
-12.8704
-11.9516
-11.4773
-11.1750
-11.1245
-10.9620
-10.8297
-10.7357
-10.6527
-10.6488
-10.7783
-10.9240
-11.1296
-11.4184
-11.6123
-11.6841
-11.6324
-11.5366
-11.2752
-10.9934
-10.9975
-10.7216
-10.5829
-10.5978
-10.8058
-11.0239
-11.2511
-11.3213
-11.6095
-11.6203
-11.4761
-11.3262
-11.1946
-11.1869
-12.6016
-13.2795
-12.2738
-12.1866
-13.0799
-13.0275
-12.2919
-12.5350
-12.2344
-12.0740
-11.9935
-12.5508
-12.7886
-12.9591
-13.2217
-13.5393
-13.2770
-13.1253
-13.2302
-13.3414
-13.7449
-14.2166
-14.3636
-14.1719
-13.9752
-14.4510
-14.4912
-14.7780
-14.8735
-15.0253
-15.1582
-15.3462
-15.5090
-15.6956
-15.8867
-15.9516
-16.1172
-16.2047
-16.3241
-16.4397
-16.5041
-16.5400
-16.5084
-16.4158
-16.2720
-16.0801
-15.8396
-15.5305
-15.0805
-14.5979
-14.2054
-13.9557
-13.8156
-13.7509
-13.7404
-13.7703
-13.8150
-13.8601
-13.9180
-13.9965
-14.1088
-14.2350
-14.3235
-14.3911
-14.3791
-14.3612
-14.3774
-14.4446
-14.4848
-14.5060
-14.5346
-14.5498
-14.5431
-14.5252
-14.5291
-14.5388
-14.5808
-14.5936
-14.6247
-14.6976
-14.7869
-14.9425
-15.1269
-15.2841
-15.4251
-15.5918
-15.7774
-15.9074
-15.9576
-15.9841
-16.0044
-16.0716
-16.1159
-16.1600
-16.1886
-16.2214
-16.2418
-16.2347
-16.2113
-16.1839
-16.1726
-16.1954
-16.2205
-16.2190
-16.2199
-16.2318
-16.2429
-16.2467
-16.2331
-16.2409
-16.2638
-16.2843
-16.2986
-16.2339
-16.0626
-15.8412
-15.6535
-15.6025
-15.6684
-15.7745
-15.8502
-15.8848
-15.8932
-15.9037
-15.9498
-16.0084
-16.0160
-16.0249
-16.0834
-16.1118
-16.1010
-16.1181
-16.2011
-16.2757
-16.2611
-16.2169
-16.2064
-16.2355
-16.2849
-16.3287
-16.3339
-16.3092
-16.2838
-16.2456
-16.1834
-16.1094
-16.0376
-15.9738
-15.9054
-15.8333
-15.7673
-15.7203
-15.6752
-15.6323
-15.5830
-15.5283
-15.4653
-15.3966
-15.3099
-15.2209
-15.1384
-15.0773
-15.0459
-15.0258
-14.9808
-14.9615
-14.9883
-14.9861
-14.9862
-15.0096
-15.0310
-15.0511
-15.1123
-15.1884
-15.2730
-15.3434
-15.4068
-15.4779
-15.5237
-15.5501
-15.5731
-15.6095
-15.6249
-15.6746
-15.6368
-15.6048
-15.5810
-15.5537
-15.5504
-15.5615
-15.5616
-15.5453
-15.5261
-15.4789
-15.4172
-15.3690
-15.3327
-15.3072
-15.2967
-15.3097
-15.3411
-15.3722
-15.4038
-15.3959
-15.3376
-15.2876
-15.2433
-15.2178
-15.2050
-15.1748
-15.1013
-15.0205
-14.9536
-14.9258
-14.9328
-14.9043
-14.8295
-14.7388
-14.6316
-14.5393
-14.4771
-14.4531
-14.4652
-14.4955
-14.5299
-14.5328
-14.5069
-14.4704
-14.4324
-14.4429
-14.5162
-14.6170
-14.7040
-14.8505
-14.9748
-14.9920
-15.0652
-15.0025
-15.0689
-15.1484
-15.0109
-14.6858
-14.2099
-13.6337
-13.1515
-12.6393
-12.1718
-11.8304
-11.5467
-11.3228
-11.1503
-11.0275
-10.9312
-10.8972
-10.8818
-10.7413
-10.5141
-10.2642
-10.0307
-9.8719
-9.7219
-9.5956
-9.5038
-9.4227
-9.3463
-9.2996
-9.2872
-9.3223
-9.4148
-9.5341
-9.6869
-9.8159
-9.9593
-10.1302
-10.3977
-10.6527
-10.9554
-11.2889
-11.6045
-11.9880
-12.5216
-12.9429
-13.3422
-13.6388
-13.8329
-14.1434
-14.3764
-14.5457
-14.6210
-14.5750
-14.4669
-14.3445
-14.2922
-14.3291
-14.3412
-14.3401
-14.3582
-14.4447
-14.5475
-14.6488
-14.7219
-14.7118
-14.6753
