-5.6211
-6.1368
-6.7814
-7.0041
-6.9280
-7.7913
-8.7730
-9.4782
-8.4530
-8.1511
-8.4863
-8.7128
-7.5007
-8.8085
-9.7492
-9.6605
-10.1065
-9.2825
-10.7205
-11.7673
-13.6714
-14.7087
-14.6717
-14.6147
-14.6582
-13.8564
-12.9248
-11.5093
-11.4613
-11.7804
-11.8236
-12.7920
-12.4470
-12.4833
-10.4964
-9.3061
-9.8249
-8.6267
-9.6951
-9.1749
-9.1983
-9.8321
-9.5887
-9.2633
-9.1339
-9.1166
-8.5173
-8.1050
-8.1857
-8.1685
-8.2995
-8.1459
-8.1976
-8.5494
-8.9360
-8.7727
-8.5660
-8.1977
-7.7859
-7.1401
-7.2064
-6.6129
-5.9654
-5.5084
-5.6397
-5.0381
-4.8862
-5.1699
-5.5014
-4.9392
-3.9864
-3.6445
-3.9948
-3.4702
1.4381
0.4692
-2.2049
-2.6024
-1.7336
-2.0560
-2.6878
-2.8911
-2.5224
-2.6838
-2.4771
-1.9148
-1.5994
-0.7250
0.2999
1.3420
1.5306
1.5135
1.7512
2.4694
3.0048
3.8813
4.3387
4.1725
3.8891
4.6414
4.6955
5.1222
5.1658
5.5232
5.7296
5.8660
5.8462
5.9343
5.8225
5.4683
5.3880
5.0910
5.0150
4.8650
4.5269
4.1610
3.7874
3.6280
3.4458
3.2365
3.0350
2.7448
2.4201
1.9876
1.4961
1.0318
0.7869
0.5753
0.4244
0.2969
0.1221
-0.1104
-0.3809
-0.7053
-1.0896
-1.4611
-1.7822
-1.9387
-1.8527
-1.9868
-2.1668
-2.3333
-2.3459
-2.4840
-2.3989
-2.5068
-2.5751
-2.5195
-2.4414
-2.3644
-2.3215
-2.4781
-2.4442
-2.5225
-2.5647
-2.6403
-2.6469
-2.5793
-2.5114
-2.5536
-2.6729
-2.8567
-3.1119
-3.2894
-3.4657
-3.7725
-4.0213
-4.1605
-4.1768
-4.2261
-4.3073
-4.2639
-4.2655
-4.2105
-4.1522
-4.1147
-3.9681
-3.8766
-3.8852
-3.9258
-4.0244
-4.1057
-4.1278
-4.0347
-3.8425
-3.7563
-3.6353
-3.5788
-3.6890
-3.7629
-3.8341
-3.8475
-3.9232
-4.0137
-4.0767
-4.1576
-4.1968
-4.2332
-4.3060
-4.3685
-4.4238
-4.6094
-4.8385
-5.1448
-5.4291
-5.5895
-5.6337
-5.5927
-5.6024
-5.6364
-5.6074
-5.5465
-5.4417
-5.3202
-5.0461
-4.9553
-4.9175
-4.9575
-5.0695
-5.1238
-5.2212
-5.3228
-5.3722
-5.3622
-5.3083
-5.2040
-5.1123
-5.0415
-4.9939
-4.9801
-5.0119
-5.0645
-5.0897
-5.1385
-5.1862
-5.1988
-5.2103
-5.1906
-5.2344
-5.3279
-5.4292
-5.4318
-5.3922
-5.3905
-5.4882
-5.5488
-5.4613
-5.4231
-5.4086
-5.3942
-5.3833
-5.3224
-5.2778
-5.2896
-5.3118
-5.3774
-5.4652
-5.3913
-5.3963
-5.3885
-5.3543
-5.3297
-5.2660
-5.1903
-5.1201
-5.0581
-4.9821
-4.9054
-4.8270
-4.7187
-4.6202
-4.5399
-4.4287
-4.2398
-4.0113
-3.7712
-3.5716
-3.4925
-3.5087
-3.5165
-3.4549
-3.3352
-3.2189
-3.1567
-3.1435
-3.0768
-3.0884
-3.0756
-2.9891
-2.8827
-2.7926
-2.7890
-2.8807
-3.0563
-3.2521
-3.4439
-3.5923
-3.7292
-3.8196
-3.8916
-3.9854
-4.0846
-4.1743
-4.1617
-4.0044
-3.8284
-3.7316
-3.5638
-3.4028
-3.3547
-3.2535
-3.1372
-2.8798
-2.4756
-2.1948
-2.0542
-2.0385
-2.0648
-2.0381
-2.1886
-2.4176
-2.6787
-3.0262
-3.3407
-3.5790
-3.7185
-3.8469
-3.9964
-4.1377
-4.2305
-4.2911
-4.3539
-4.3878
-4.3915
-4.3668
-4.3439
-4.3295
-4.2844
-4.1954
-4.1685
-4.1903
-4.2052
-4.1806
-4.1228
-4.1266
-4.1439
-4.1042
-4.0519
-4.0675
-4.0849
-4.0912
-4.1535
-4.2362
-4.4339
-4.6634
-4.7226
-4.7354
-4.7439
-4.8140
-4.8903
-4.8725
-4.8667
-4.8375
-4.7499
-4.6485
-4.5929
-4.5525
-4.4961
-4.4101
-4.3202
-4.3041
-4.1984
-4.0285
-3.8186
-3.7348
-3.7174
-3.7898
