1.3557
0.7737
0.4457
0.1822
-0.0101
-0.2291
-0.3998
-0.4139
0.1159
0.2607
0.0255
-0.8010
-1.8603
0.9970
0.2066
0.8401
1.7019
2.5663
3.4520
3.2788
4.4106
4.5987
4.3529
4.2520
4.4729
5.1117
5.6960
4.7345
3.7693
3.2848
3.2454
3.6136
4.5595
5.0829
5.1433
4.0735
2.5775
2.5954
4.0947
4.4301
5.4833
7.3866
8.0754
8.5501
8.4524
8.6002
8.5567
8.0074
7.8240
7.6313
7.2252
6.6989
6.1115
5.5342
5.1522
5.3136
4.9891
4.7677
5.2801
4.6018
5.3801
5.6923
5.1281
4.5240
4.0788
3.9090
4.1637
3.5043
2.1406
2.4617
3.5436
4.3884
3.8865
3.8349
-7.3759
-11.6021
-6.1923
-6.4846
-7.4721
-7.1861
-5.1628
-4.9758
-4.5932
-3.6138
-3.3825
-3.8972
-3.8969
-4.3030
-4.3714
-4.4060
-4.5439
-3.8231
-4.2609
-4.7113
-4.8818
-5.2059
-5.9359
-5.9325
-5.7377
-5.6931
-5.4087
-5.3173
-5.3126
-5.2335
-5.3926
-5.7515
-5.8679
-5.9065
-6.0380
-5.9661
-6.2032
-6.1796
-6.0571
-5.7195
-5.3747
-5.0278
-4.2845
-3.7017
-3.5023
-3.7614
-4.0192
-4.3219
-4.4690
-4.4850
-4.9868
-5.5399
-6.0965
-6.6559
-7.1280
-7.3928
-7.4317
-7.2653
-7.1324
-6.9148
-6.7465
-6.6263
-6.5803
-6.3940
-5.9385
-5.8548
-5.4966
-5.2815
-4.8532
-4.6517
-4.0873
-3.9714
-4.1576
-4.2480
-4.2279
-4.1519
-3.9245
-4.2391
-4.6708
-4.7813
-5.1245
-5.2937
-5.5307
-5.9865
-6.2539
-6.2818
-6.1234
-6.3697
-6.5287
-6.3337
-6.0296
-5.6537
-5.2950
-4.7762
-4.6681
-4.4534
-4.1555
-3.9255
-3.6964
-3.5449
-3.5098
-3.3200
-3.2781
-3.3070
-3.2851
-3.1742
-2.9921
-2.7696
-2.5476
-2.2088
-1.9312
-1.4626
-1.0850
-0.9753
-1.0954
-1.3393
-1.7048
-2.1988
-2.9178
-3.5281
-3.8935
-3.9826
-3.9368
-4.0184
-4.3198
-4.3978
-4.3054
-4.3657
-4.4664
-4.7577
-5.1242
-5.4192
-5.7838
-5.9384
-5.6853
-5.2307
-4.6755
-4.1663
-3.7892
-3.3182
-2.7029
-2.3016
-2.0202
-1.8377
-1.7486
-1.5843
-1.5953
-1.6027
-1.6165
-1.7052
-1.7311
-1.8096
-1.9243
-1.9996
-2.1081
-2.1716
-2.2018
-2.2463
-2.1507
-1.9151
-1.6420
-1.3216
-0.9521
-0.6761
-0.7723
-0.9031
-0.9690
-1.0896
-1.1343
-1.1212
-1.1980
-1.3607
-1.2680
-1.1426
-0.9546
-0.7987
-0.6640
-0.5735
-0.4298
-0.2845
-0.1134
0.2522
0.5950
0.9301
1.3246
1.5956
1.8061
1.9660
2.1104
2.3370
2.4997
2.5482
2.5756
2.5238
2.5217
2.6250
2.6979
2.7621
2.8192
2.8595
2.9715
3.1546
3.3453
3.5501
3.6837
3.6960
3.6806
3.7284
3.8385
3.9125
3.9139
3.9207
3.9083
3.9213
4.0859
4.1875
4.2126
4.1893
4.1093
3.9365
3.8053
3.7359
3.6669
3.5059
3.3030
3.1954
3.1569
3.2019
3.3703
3.5197
3.6023
3.7176
3.9902
4.1168
4.2563
4.5641
4.8398
5.0924
5.1254
4.7458
4.3445
4.1007
4.0517
4.3123
4.3312
4.3813
4.4544
4.3699
4.2774
4.1829
4.0449
3.8510
3.5967
3.2664
3.0143
3.1157
3.4026
3.7667
4.1092
4.3312
4.5382
4.7220
4.8703
5.0429
5.2157
5.3255
5.4196
5.4665
5.4116
5.2940
5.1699
5.1057
5.0691
4.9293
4.7810
4.6501
4.5012
4.5495
4.6446
4.8069
4.9907
5.1951
5.3732
5.6079
5.7481
5.8686
6.0612
6.2543
6.3862
6.6331
6.8878
7.0548
7.1498
7.2396
7.2302
7.1622
7.0346
6.9885
6.9871
7.0913
7.0776
6.9110
6.8037
