4.3810
4.4450
4.5240
4.6150
4.7450
4.8250
4.8490
4.9930
5.2200
5.4660
5.6200
5.6750
5.7990
5.9630
6.0130
5.8900
5.8820
5.9250
5.6610
5.3470
5.2220
5.0310
4.8660
4.7680
4.7290
4.7050
4.7960
4.8960
4.9560
5.1080
5.3570
5.7460
5.7330
5.7160
5.7570
6.1340
6.4370
6.3140
6.2920
6.4790
6.3960
6.4620
6.2700
6.7390
6.6660
6.6650
6.6880
6.6790
6.7340
6.9000
7.0040
7.0330
6.9240
6.9260
6.8210
6.8980
6.8860
6.7970
6.8050
6.7810
6.7460
6.6620
6.4760
6.5010
6.4700
6.3550
6.0300
5.8040
5.7210
5.6580
5.7670
5.8970
6.0080
6.1200
6.2320
6.3280
6.3920
6.4660
6.4310
6.4590
6.4500
6.5080
6.6330
6.6780
6.8030
6.8310
6.8590
6.8060
6.8130
6.7500
6.7180
6.7090
6.7510
6.7990
6.8650
6.8510
6.8240
6.7610
6.6370
6.5470
6.5360
6.5390
6.6450
6.6860
6.6730
6.6080
6.6380
6.6990
6.6940
6.7020
6.7110
6.6330
6.5540
6.5070
6.2590
5.9280
5.9020
5.9900
6.1610
6.2210
6.1670
6.1160
6.0560
5.9480
5.8750
5.8290
5.8040
5.7330
5.6890
5.6360
5.6180
5.6090
5.5580
5.5380
5.5410
5.5580
5.5700
5.5850
5.5920
5.5960
5.6170
5.7440
5.8770
5.9310
5.9610
6.1010
6.3360
6.3270
6.5750
6.6760
6.6240
6.7430
6.8190
6.9120
7.0790
7.0250
6.9730
6.6900
6.6040
6.7560
7.0310
6.9080
7.0520
6.7850
7.1750
7.2120
7.1740
7.2790
7.3820
7.2940
6.9910
6.9620
6.9790
7.1120
7.3620
7.7420
7.8680
7.8240
7.4400
7.1680
7.1300
6.9590
7.0310
7.1990
7.2260
7.4400
7.7640
7.7920
7.5170
7.2120
7.0130
6.9280
6.8260
6.8270
6.9600
6.8940
6.8660
6.8890
6.8520
6.4300
6.2280
6.1660
6.0780
6.0840
6.1650
6.1030
5.9830
5.8930
5.6750
5.3130
5.2870
4.8190
4.4700
4.3130
4.2520
4.4890
4.6140
4.6110
4.5270
4.5590
4.8270
5.0410
5.1920
5.3280
5.3980
5.4060
5.4700
5.5510
5.6200
5.6760
5.6830
5.6840
5.6370
5.6000
5.5980
5.6120
5.6280
5.6340
5.6020
5.5890
5.5730
5.5860
5.5800
5.5100
5.4340
5.4440
5.4690
5.4660
5.4240
5.4070
5.1460
5.1420
6.0280
6.3180
6.2010
6.2770
5.9050
5.6120
6.0010
7.0040
7.2700
7.4700
7.6570
7.7410
7.9070
8.0490
7.8980
7.9070
8.0690
8.1770
8.1300
8.0270
7.8150
7.7050
7.6810
7.7460
7.5930
7.4030
7.2980
7.2490
7.1390
7.1250
7.0750
7.0410
7.0190
6.9340
6.8980
6.8890
6.9050
6.9440
6.9240
6.9150
6.9140
6.8270
6.7580
6.7360
6.6990
6.6660
6.6380
6.6190
6.5840
6.5550
6.4930
6.4360
6.3200
6.1460
6.0820
5.9760
5.4260
4.9170
4.9370
4.9980
4.9840
5.1540
5.2320
5.1890
5.1700
5.2660
5.3790
5.4410
5.4860
5.5380
5.5770
5.6180
5.6090
5.5750
5.5580
5.5720
5.5630
5.5590
5.5900
5.6270
5.6820
5.7590
5.8610
5.9420
6.0420
6.1410
6.2130
6.2090
6.2090
6.2180
6.2900
6.3500
6.2410
5.9560
5.6570
5.5550
5.6080
5.6260
5.6030
6.0760
6.0190
6.4110
6.8390
7.2970
7.3650
7.3690
7.4510
7.3770
7.1340
7.4990
7.7180
7.8860
7.8800
7.9530
7.8490
7.8060
7.6910
7.5550
7.3520
7.2080
7.0030
6.9150
6.8860
6.8800
6.7900
