674.7700
713.2300
691.4100
698.3700
694.0200
705.6500
721.3900
718.0500
728.2100
726.6100
728.9400
761.8500
760.4400
752.3900
762.5100
771.6300
781.2400
773.1000
772.6000
769.0100
759.6700
773.0700
767.8600
764.5900
764.2600
756.6400
767.6000
769.1100
773.5100
766.1500
753.7200
744.2100
744.4200
743.3100
748.1800
729.1200
729.5300
722.0600
720.6000
698.4600
685.8300
680.4400
663.2400
657.7600
639.0000
629.6900
620.2600
609.0500
600.5500
574.4000
566.8200
563.7600
554.4500
564.1900
542.4800
538.8100
542.5500
551.8500
549.1600
554.7300
559.2900
564.1300
568.8800
573.7400
581.8100
580.5800
580.4500
590.0100
587.3800
592.8000
597.1500
603.6000
618.6400
613.7000
625.2200
630.8100
643.7600
637.2900
643.5300
653.9500
668.4700
664.7700
666.6500
666.3500
666.8400
668.4000
671.8800
649.2000
625.4500
613.5200
612.4200
617.5600
607.4200
596.1900
576.0900
569.5700
562.9200
554.4100
549.1700
551.5500
547.9200
543.6900
543.2400
540.9100
542.9400
544.7000
546.1100
542.5400
539.3200
537.2600
537.3500
562.6100
583.3500
588.8600
591.1500
583.2800
582.9700
585.3800
595.1400
597.8200
590.6300
588.5100
583.7400
578.1200
584.1700
580.7000
579.5800
578.3800
579.7600
578.8100
579.7700
577.8900
571.2900
563.0100
553.1600
529.3100
505.8600
493.3600
479.9200
470.9400
455.0600
435.7100
416.1900
403.6000
391.7600
383.2900
376.5900
369.3800
342.1400
329.2600
327.8400
336.3200
316.9800
326.5800
309.2800
273.9400
258.7800
288.3900
285.7800
317.6300
331.3500
364.2300
343.0900
368.7100
359.2900
379.8100
417.0900
427.0000
433.8900
425.1200
437.8300
446.1700
459.9900
447.7700
437.7200
429.6800
431.6600
428.9800
470.5300
498.5000
514.2700
535.1800
548.0600
515.5600
492.9500
479.2200
455.6500
455.9400
465.3900
466.8100
451.5800
430.6700
438.6500
441.8400
438.8800
452.9900
451.6800
445.9600
427.1500
446.1600
448.7500
446.8700
448.7800
441.5700
435.2400
438.2600
440.9700
470.8100
493.0700
499.6300
510.4800
508.7300
514.1800
523.9700
541.3800
545.7000
541.3500
544.2200
548.7700
543.7200
547.4500
549.7700
552.2200
547.9000
545.0800
544.7700
543.5400
542.9200
541.7400
538.9400
537.9400
512.8700
492.7100
485.2900
475.3000
468.3200
453.9400
441.1400
419.5600
407.2400
403.2600
390.5400
380.6600
368.0100
354.0000
342.2000
326.2600
318.7800
316.8200
299.7200
288.4100
274.0100
267.9600
259.7200
250.1700
279.8600
285.4000
301.3700
313.9700
318.4800
321.0900
336.8800
359.1800
367.8700
368.1300
366.5700
392.2000
395.7700
397.1800
403.9100
414.9100
417.8800
422.7000
436.8700
442.0700
441.0000
454.5400
463.0900
467.3800
440.5400
425.3600
419.5100
422.6800
430.1600
430.7800
430.4400
419.5400
412.1800
417.0900
423.6200
431.3100
452.1600
453.6000
456.8600
460.5300
458.9800
464.7200
473.3500
486.8900
484.7300
487.1600
491.0400
496.8800
530.8900
559.8900
573.5100
581.7400
577.9200
586.3500
599.2500
620.2000
631.4400
630.7300
629.5500
625.8900
611.6600
608.9800
605.9600
599.9100
594.0100
584.5300
578.1600
566.8600
560.3500
555.0000
545.9800
536.6600
504.9700
477.2700
461.0000
448.4300
446.0900
431.5600
419.4000
398.2200
388.3000
378.3100
364.5100
357.0400
359.2300
347.6500
337.4200
324.0500
314.8100
312.8200
308.6000
310.3200
305.3600
290.6200
281.3600
278.5300
276.7900
289.5600
290.6100
298.0600
299.3400
311.9600
330.8200
349.6100
359.4500
384.9100
392.6500
391.4500
387.5200
388.5500
384.1800
394.5800
396.5700
406.1600
409.1400
409.3500
415.5100
428.6700
439.5800
447.9700
416.5900
395.5600
