6.1517
6.2533
6.3790
6.5229
6.7286
6.8560
6.8948
7.1229
7.4834
7.8728
8.1182
8.2053
8.4018
8.6621
8.7410
8.5467
8.5338
8.6018
8.1833
7.6836
7.4853
7.1837
6.9204
6.7661
6.7041
6.6649
6.8097
6.9689
7.0642
7.3044
7.7004
8.3183
8.2961
8.2706
8.3347
8.9326
9.4138
9.2191
9.1841
9.4810
9.3495
9.4543
9.1484
9.8933
9.7781
9.7764
9.8121
9.7975
9.8857
10.1488
10.3140
10.3600
10.1874
10.1906
10.0234
10.1448
10.1271
9.9846
9.9985
9.9601
9.9036
9.7712
9.4764
9.5163
9.4659
9.2842
8.7684
8.4091
8.2785
8.1771
8.3503
8.5571
8.7326
8.9105
9.0885
9.2418
9.3423
9.4601
9.4045
9.4490
9.4352
9.5261
9.7249
9.7967
9.9953
10.0395
10.0844
9.9993
10.0112
9.9101
9.8599
9.8457
9.9116
9.9877
10.0930
10.0707
10.0288
9.9281
9.7311
9.5879
9.5703
9.5758
9.7437
9.8095
9.7882
9.6848
9.7336
9.8303
9.8224
9.8350
9.8489
9.7248
9.5999
9.5252
9.1311
8.6065
8.5655
8.7041
8.9755
9.0719
8.9856
8.9053
8.8087
8.6387
8.5225
8.4489
8.4097
8.2966
8.2265
8.1434
8.1150
8.1005
8.0199
7.9871
7.9926
8.0186
8.0389
8.0623
8.0738
8.0788
8.1125
8.3137
8.5259
8.6108
8.6584
8.8816
9.2534
9.2390
9.6328
9.7937
9.7105
9.8996
10.0197
10.1682
10.4320
10.3470
10.2642
9.8153
9.6795
9.9202
10.3571
10.1618
10.3902
9.9659
10.5847
10.6430
10.5827
10.7494
10.9139
10.7734
10.2925
10.2478
10.2738
10.4856
10.8814
11.4848
11.6853
11.6155
11.0058
10.5739
10.5139
10.2426
10.3562
10.6226
10.6667
11.0055
11.5202
11.5649
11.1272
10.6444
10.3276
10.1932
10.0317
10.0336
10.2432
10.1396
10.0950
10.1311
10.0718
9.4034
9.0824
8.9844
8.8451
8.8532
8.9822
8.8847
8.6930
8.5500
8.2050
7.6302
7.5884
6.8461
6.2924
6.0440
5.9473
6.3231
6.5216
6.5168
6.3837
6.4340
6.8591
7.1985
7.4392
7.6537
7.7660
7.7785
7.8788
8.0073
8.1180
8.2072
8.2180
8.2188
8.1441
8.0855
8.0820
8.1043
8.1307
8.1403
8.0892
8.0686
8.0430
8.0639
8.0535
7.9433
7.8219
7.8382
7.8776
7.8734
7.8070
7.7799
7.3650
7.3587
8.7645
9.2251
9.0396
9.1605
8.5692
8.1046
8.7222
10.3133
10.7364
11.0539
11.3498
11.4838
11.7468
11.9725
11.7318
11.7466
12.0042
12.1754
12.1005
11.9365
11.5999
11.4260
11.3886
11.4908
11.2483
10.9466
10.7802
10.7026
10.5281
10.5065
10.4267
10.3725
10.3380
10.2028
10.1462
10.1313
10.1560
10.2185
10.1860
10.1724
10.1713
10.0327
9.9236
9.8878
9.8305
9.7767
9.7330
9.7035
9.6474
9.6007
9.5029
9.4119
9.2279
8.9529
8.8508
8.6831
7.8103
7.0019
7.0345
7.1306
7.1089
7.3775
7.5012
7.4330
7.4042
7.5563
7.7344
7.8335
7.9056
7.9878
8.0493
8.1141
8.1009
8.0467
8.0198
8.0412
8.0273
8.0209
8.0707
8.1290
8.2167
8.3387
8.4993
8.6285
8.7879
8.9441
9.0578
9.0526
9.0522
9.0660
9.1801
9.2754
9.1035
8.6507
8.1761
8.0149
8.0993
8.1278
8.0906
8.8415
8.7509
9.3732
10.0521
10.7779
10.8864
10.8934
11.0237
10.9048
10.5203
11.0992
11.4466
11.7128
11.7045
11.8198
11.6549
11.5870
11.4044
11.1873
10.8653
10.6367
10.3124
10.1727
10.1262
10.1171
9.9741
