-1.7684
-1.8107
-1.8390
-1.8542
-1.8602
-1.8896
-1.9012
-1.9053
-1.9105
-1.9116
-1.9127
-1.9049
-1.9062
-1.8953
-1.8742
-1.9025
-1.8897
-1.8145
-1.8630
-1.8034
-1.7665
-1.6777
-1.5771
-1.4742
-1.4335
-1.4007
-1.3589
-1.2862
-1.2050
-1.1327
-1.0356
-0.9773
-1.0490
-1.0653
-0.9454
-0.8775
-0.7812
-0.6974
-0.8107
-0.8279
-0.8285
-0.9414
-0.8544
-1.0563
-0.8068
-0.9507
-0.9291
-0.9259
-0.9849
-0.9915
-1.0589
-1.0470
-1.0645
-1.2196
-1.1461
-1.1779
-1.2187
-1.1792
-1.1239
-1.0587
-0.9169
-0.6874
-0.5204
-0.3991
-0.3338
-0.3135
-0.3805
-0.4156
-0.5370
-0.7349
-0.9238
-1.1029
-1.2360
-1.3197
-1.3604
-1.3833
-1.3941
-1.3906
-1.4026
-1.4243
-1.4436
-1.4445
-1.4311
-1.4269
-1.4241
-1.4128
-1.4016
-1.3827
-1.3662
-1.3728
-1.3888
-1.3975
-1.3926
-1.3795
-1.3659
-1.3519
-1.3511
-1.3687
-1.3500
-1.3138
-1.2860
-1.2610
-1.2396
-1.2177
-1.2163
-1.2409
-1.2936
-1.3377
-1.3777
-1.3851
-1.3949
-1.3979
-1.3771
-1.3079
-1.2325
-1.1439
-0.9559
-0.7523
-0.4973
-0.2425
-0.0114
0.2066
0.4071
0.5830
0.8004
1.0405
1.2792
1.5018
1.7057
1.8848
2.0518
2.2232
2.3952
2.5674
2.7379
2.9054
3.0562
3.1927
3.3114
3.4025
3.4734
3.5245
3.5675
3.6010
3.6283
3.6263
3.5847
3.5586
3.5047
3.4517
3.4121
3.3422
3.2303
3.0663
2.9585
2.8346
2.6423
2.4197
2.1992
2.0033
1.7443
1.4662
1.2240
0.9311
0.6809
0.4795
0.3300
0.1944
0.0745
-0.0544
-0.2064
-0.2638
-0.3673
-0.4662
-0.5276
-0.5389
-0.5296
-0.5018
-0.5269
-0.5883
-0.6409
-0.6587
-0.6492
-0.6619
-0.6904
-0.7287
-0.7283
-0.7055
-0.7025
-0.7225
-0.7672
-0.7996
-0.8191
-0.8498
-0.8633
-0.8511
-0.8397
-0.8228
-0.7846
-0.7895
-0.8170
-0.8502
-0.8916
-0.9239
-0.9290
-0.9077
-0.8944
-0.8632
-0.8420
-0.7668
-0.7112
-0.6217
-0.3838
-0.0794
0.2650
0.7100
1.1453
1.5160
1.8735
2.2888
2.8131
3.2418
3.5588
3.8114
4.0024
4.1989
4.4143
4.6053
4.7515
4.8818
4.9987
5.1148
5.2284
5.3382
5.4500
5.5611
5.6650
5.7504
5.8216
5.8800
5.9268
5.9627
5.9961
6.0285
6.0648
6.1069
6.1498
6.1832
6.1949
6.1904
6.1643
6.0464
5.9908
5.9606
5.8549
5.8658
5.6324
5.2683
4.3708
3.6535
3.2137
2.9692
2.6648
2.3908
2.1755
2.0098
1.8585
1.7277
1.6586
1.6465
1.6195
1.5696
1.4639
1.3987
1.3686
1.3326
1.2540
1.1751
1.1143
1.0826
1.0292
1.0150
1.0020
0.9038
0.8310
0.7652
0.7835
0.8213
0.8797
0.9693
0.9682
0.9017
0.8160
0.7132
0.6159
0.5172
0.4019
0.2984
0.1995
0.0997
0.0084
-0.0842
-0.1576
-0.2297
-0.2889
-0.2734
-0.0437
-0.0658
0.0229
0.2159
0.4896
0.7897
1.0946
1.4322
1.7088
1.9565
2.2670
2.6011
2.8811
3.1260
3.3657
3.6221
3.8908
4.1552
4.3924
4.5939
4.7849
4.9774
5.1571
5.3224
5.4704
5.6017
5.7202
5.8269
5.9220
6.0073
6.0783
6.1411
6.1966
6.2432
6.2767
6.2921
6.2867
6.2604
6.2243
6.1809
6.1471
6.1170
6.1214
6.1124
6.0557
5.9876
5.6555
5.4577
5.3842
5.3530
5.2074
5.0404
4.9160
4.4116
3.6443
2.9415
2.4531
2.1667
1.8315
1.5701
1.4248
1.3622
1.2960
1.2082
1.0902
1.0151
0.9293
0.8513
0.8061
0.7265
0.6280
