-5.3672
-5.5437
-5.6988
-5.9243
-6.1469
-6.2571
-6.2347
-6.4123
-6.7896
-7.1242
-7.3158
-7.3569
-7.4753
-7.6459
-7.7045
-7.5577
-7.4983
-7.4645
-7.1363
-6.7586
-6.6417
-6.4517
-6.3334
-6.3190
-6.3426
-6.3293
-6.4203
-6.5405
-6.6523
-6.9921
-7.5405
-8.1847
-8.1066
-8.1229
-8.1927
-8.7784
-9.2350
-9.0590
-9.0784
-9.3992
-9.3065
-9.3500
-9.1280
-9.8364
-9.7657
-9.7736
-9.8114
-9.7974
-9.8857
-10.1487
-10.3131
-10.3600
-10.1790
-10.1786
-10.0220
-10.1390
-10.1033
-9.9261
-9.9290
-9.8268
-9.6693
-9.4112
-9.0111
-8.8378
-8.4502
-7.9981
-7.3189
-6.6235
-6.5731
-6.4811
-6.6524
-6.8166
-6.8166
-7.1243
-7.2234
-7.4416
-7.5998
-7.9734
-7.9567
-7.8820
-7.7209
-7.7865
-7.8944
-7.8982
-8.0254
-7.9743
-7.8629
-7.6496
-7.6783
-7.5702
-7.3126
-7.0715
-7.0212
-6.9416
-6.8208
-6.6951
-6.7633
-6.6717
-6.4303
-6.4332
-6.2581
-6.0773
-6.1078
-6.2443
-6.2468
-6.2626
-6.1389
-6.0169
-6.0716
-6.1519
-6.1008
-5.8537
-5.5812
-5.3130
-4.8906
-4.6540
-4.4923
-4.4570
-4.4714
-4.1711
-3.8215
-3.6572
-3.4918
-3.4880
-3.5913
-3.6708
-3.5897
-3.3859
-3.2311
-3.1499
-3.0677
-3.1288
-3.2137
-3.3314
-3.5167
-3.5527
-3.5828
-3.5841
-3.6558
-3.7745
-3.9919
-4.2503
-4.5012
-4.6246
-4.8117
-5.0283
-5.5031
-5.3207
-5.7623
-5.5862
-5.3647
-5.3744
-5.9010
-5.5177
-5.3714
-5.7038
-5.9467
-5.5886
-5.5830
-5.3183
-6.0808
-5.1088
-5.6206
-5.3434
-5.7491
-5.7025
-5.3704
-5.3752
-5.3294
-5.6150
-5.4537
-5.2736
-5.4324
-5.7239
-5.9545
-6.2985
-6.3408
-6.2504
-5.4744
-4.8662
-4.5233
-4.0176
-4.0830
-4.3975
-4.4160
-4.4510
-4.3989
-4.0112
-3.4998
-3.0934
-2.8237
-2.7812
-2.5633
-2.2767
-2.1075
-1.7750
-1.3805
-1.1592
-0.9625
-0.3856
-0.0418
-0.0045
0.0484
0.1278
0.0914
0.2229
0.3883
0.4530
0.5397
0.7481
1.1385
1.1830
1.1705
1.1727
1.2236
1.5841
1.9441
2.2120
2.2735
2.3193
2.7388
3.2184
3.6524
3.9804
4.2311
4.2952
4.4305
4.5651
4.5832
4.6011
4.5792
4.6273
4.6290
4.5206
4.3067
4.1698
4.1949
4.2647
4.2468
4.2367
4.1450
3.9716
3.7313
3.3618
3.0823
2.8389
2.5683
2.4164
2.2726
2.0531
1.5548
0.2418
0.0056
0.0184
-0.3870
-0.0808
-0.0962
-0.8982
-3.2297
-3.3472
-3.4617
-2.8629
-2.7875
-2.8057
-2.8444
-2.8145
-2.1824
-1.8697
-1.8369
-1.7383
-1.5744
-1.4190
-0.9059
-0.5735
-0.3051
0.0736
0.6250
1.2568
1.9391
2.3863
2.9066
3.3264
3.7270
4.1827
4.5045
4.9564
5.2425
5.5368
5.8285
6.1405
6.3791
6.4880
6.5296
6.5380
6.5517
6.5597
6.6021
6.6485
6.7410
6.8175
6.9136
6.9476
6.9600
6.9546
6.9487
7.0103
7.3222
7.1950
6.4939
5.7662
5.8607
5.9849
5.9791
6.2671
6.3833
6.3106
6.2538
6.4325
6.5991
6.6107
6.5473
6.5274
6.4984
6.4963
6.4848
6.3716
6.2037
6.0494
5.8528
5.6067
5.4348
5.3290
5.1961
5.1648
5.0886
5.0665
5.0108
4.9307
4.9302
4.8754
4.5823
4.2787
3.8400
3.6362
3.5686
3.3431
3.0598
2.9185
2.8266
2.7047
2.2507
1.6242
1.6010
1.5950
1.8702
2.0472
2.3122
2.6694
3.1456
2.2818
0.9842
0.7195
0.7542
1.0061
1.1000
1.3100
1.5407
1.7056
1.7580
1.9260
2.1783
2.3160
2.5936
2.9293
3.2056
3.4921
3.6950
