3.0060
2.8932
2.8662
2.7298
2.7366
2.8025
2.9438
3.1012
3.1468
3.3506
3.5193
3.6335
3.8356
4.0709
4.1286
3.9909
4.0743
4.2746
4.0051
3.6549
3.4521
3.1593
2.7892
2.4187
2.1717
2.0883
2.2696
2.4056
2.3769
2.1130
1.5614
1.4847
1.7631
1.5561
1.5316
1.6525
1.8261
1.7109
1.3893
1.2427
0.8956
1.4007
0.6105
1.0596
0.4917
0.2358
0.1177
-0.0338
-0.0008
-0.0411
0.1392
-0.0183
-0.4123
0.4934
0.1636
0.3452
0.6939
1.0793
1.1771
1.6240
2.1416
2.6279
2.9329
3.5288
4.2659
4.7144
4.8291
5.1809
5.0327
4.9860
5.0472
5.1729
5.4581
5.3518
5.5157
5.4804
5.4334
5.0909
5.0134
5.2114
5.4233
5.4878
5.6791
5.7961
5.9581
6.0993
6.3142
6.4397
6.4239
6.3954
6.6139
6.8506
6.9960
7.1811
7.4394
7.5229
7.4050
7.3522
7.3039
7.1092
7.2407
7.4002
7.5918
7.5654
7.5357
7.3875
7.5536
7.7737
7.7211
7.6734
7.7318
7.7657
7.8108
7.9058
7.7109
7.2396
7.2930
7.4764
7.7825
8.0561
8.1325
8.1196
8.0871
7.9033
7.7288
7.6099
7.6051
7.5742
7.5654
7.5095
7.5129
7.4719
7.3478
7.2592
7.1774
7.1886
7.1964
7.2218
7.1986
7.1429
7.0625
7.1451
7.2409
7.2635
7.1983
7.3212
7.4392
7.5531
7.7193
8.0443
8.0941
8.3137
8.0977
8.5409
8.9429
8.6329
8.3660
8.0689
7.9072
8.3741
8.3841
8.7843
8.7387
8.4124
8.8873
8.9864
9.1188
9.3090
9.5242
9.1944
8.7288
8.7867
8.7201
8.7855
9.1076
9.6036
9.8153
9.7904
9.5477
9.3876
9.4911
9.4217
9.5173
9.6696
9.7097
10.0653
10.6473
10.8470
10.5625
10.1850
9.9341
9.8064
9.6986
9.7719
10.0241
9.9830
10.0001
10.0645
10.0257
9.3955
9.0823
8.9844
8.8449
8.8523
8.9818
8.8819
8.6843
8.5380
8.1873
7.5934
7.5025
6.7431
6.1826
5.9291
5.8201
6.1214
6.2251
6.1299
5.9651
6.0014
6.2886
6.4390
6.4809
6.5372
6.5121
6.4851
6.5151
6.5785
6.7005
6.7961
6.8239
6.7924
6.7007
6.7037
6.8389
6.9493
6.9650
6.9337
6.8848
6.8668
6.8927
7.0181
7.1370
7.1968
7.1890
7.3061
7.4472
7.4934
7.4689
7.5041
7.1990
7.3547
8.7645
9.2251
9.0313
9.1601
8.5687
8.0547
8.1022
9.7550
10.1630
10.6767
11.0021
11.1358
11.3972
11.6370
11.5270
11.5969
11.8628
12.0507
11.9976
11.8518
11.5645
11.4116
11.3845
11.4906
11.2309
10.8743
10.6044
10.4331
10.1189
9.9660
9.7379
9.4918
9.3051
8.9180
8.6868
8.4845
8.3170
8.1678
7.9411
7.8348
7.7987
7.6098
7.4534
7.3985
7.2836
7.1680
7.0208
6.9051
6.7287
6.6260
6.4703
6.3417
6.0720
5.5687
4.9721
4.8609
4.3393
3.9720
3.8905
3.8764
3.8453
3.8924
3.9398
3.9276
3.9638
3.9650
4.0340
4.2028
4.4307
4.6041
4.7500
4.8618
4.8550
4.9146
5.0825
5.2978
5.4938
5.7358
5.9665
6.1386
6.3652
6.5467
6.8077
6.9843
7.2194
7.4622
7.5985
7.6276
7.8068
7.9928
8.3383
8.5330
8.3749
7.9786
7.5820
7.4646
7.5900
7.6646
7.7713
8.6911
8.6032
9.2365
9.8766
10.5817
10.6380
10.5612
10.5654
10.6634
10.4742
11.0758
11.4218
11.6695
11.6527
11.7470
11.5526
11.4608
11.2681
11.0203
10.6447
10.3815
9.9809
9.7418
9.6054
9.4954
9.2645
