6.2780
7.1090
7.6520
8.2500
8.7360
8.8350
8.8940
8.9100
8.8980
8.9300
8.9620
8.8780
8.7200
8.6880
8.9400
9.3620
10.0900
10.5730
10.7450
10.7150
9.9080
9.2300
9.1880
9.2430
9.1090
9.0880
8.9870
8.9160
8.8960
8.8430
8.8590
9.0110
9.2620
9.4280
9.4770
9.4840
9.4960
9.5060
9.5140
9.4750
9.4470
9.4370
9.4380
9.4410
9.4320
9.3850
9.3220
9.2490
9.1470
9.0570
8.9040
8.7730
8.6790
8.5540
8.3780
8.1350
7.7720
7.2600
6.8650
6.5400
6.1930
5.9070
5.4070
5.3500
5.4340
5.6490
5.6860
5.7110
5.9070
6.1610
6.6710
7.2000
6.7680
7.0680
7.1190
6.8840
6.2700
5.6910
5.7160
6.4950
7.2080
6.9920
6.6020
6.6880
7.0240
7.3980
7.3900
7.2200
7.2140
7.2570
7.2920
7.3110
7.3300
7.3390
7.3090
7.2580
7.2160
7.2000
7.2000
7.1730
7.1120
7.0270
6.9160
6.7840
6.6290
6.4670
6.3070
6.1520
6.0010
5.8530
5.7100
5.6020
5.5640
5.5820
5.5720
5.5000
5.2670
5.1420
5.0540
4.4330
4.0620
3.8760
3.7660
3.9310
4.1810
4.1530
4.1900
4.3210
4.3540
4.3380
4.3280
4.3390
4.3630
4.3930
4.4420
4.4500
4.4320
4.4190
4.4100
4.3850
4.3650
4.3360
4.2690
4.1560
4.0030
3.8330
3.7120
3.7180
3.8400
3.8740
3.7150
3.5590
3.7040
4.1620
4.3800
4.1800
4.5040
4.9300
5.0920
5.3550
5.5940
5.9530
6.3190
6.5610
6.8090
7.0820
7.2600
7.3740
7.4240
7.4470
7.4250
7.3840
7.3700
7.3650
7.3390
7.3190
7.3630
7.4370
7.4910
7.5230
7.5100
7.5080
7.6190
7.7430
7.8260
7.8880
7.9780
8.1020
8.1480
8.1040
7.9770
7.8430
7.7410
7.6640
7.5870
7.5650
7.5770
7.5930
7.5850
7.5730
7.5810
7.6290
7.6870
7.6930
7.6350
7.5820
7.5730
7.5590
7.4840
7.4150
7.4120
7.2890
7.0620
6.7900
6.6860
6.6430
6.6470
6.6270
6.7300
6.8290
6.7860
6.7530
6.7780
6.7930
6.7830
6.7400
6.6800
6.6410
6.6070
6.4730
6.3350
6.2540
6.1960
6.1100
6.0310
5.8730
5.8010
5.7670
5.7280
5.7290
5.7790
5.8350
5.8980
6.0680
6.6700
7.1550
7.1320
7.1650
7.3010
7.0450
6.9700
6.9310
6.6630
6.5190
6.4940
7.4650
7.7930
7.5120
7.4210
7.7620
7.9330
7.7680
7.9880
7.9320
7.8440
8.1830
8.4750
8.7180
8.3950
7.9910
7.7580
7.9180
7.8650
7.7260
7.5630
7.2750
7.2540
7.3430
7.2260
7.2120
7.5780
7.9750
7.8800
7.4720
7.2220
7.4090
7.6690
7.1370
6.7420
6.6410
6.3340
6.5680
6.6160
6.3800
5.9980
6.0920
6.0190
6.0340
6.3110
6.2820
6.1410
6.6100
6.2920
6.1770
5.9870
5.5400
5.0260
4.9170
4.6170
4.3040
4.9680
5.3200
6.2750
6.9010
7.3380
7.4740
7.7720
8.1000
8.3270
8.9680
9.9250
9.7390
9.6080
9.5570
9.3910
9.3710
9.1780
9.0890
9.0450
8.9710
8.8940
8.9610
8.9440
8.9540
8.8130
8.7510
8.5460
8.2700
8.1800
8.0730
8.0680
7.9430
7.6880
7.6930
7.5060
7.4520
7.6000
7.5560
7.3960
7.3060
6.8680
6.7640
6.4670
6.5110
6.3750
6.5220
6.4120
6.2500
6.3310
6.0800
5.5990
5.1720
5.2240
5.0130
4.9380
5.2520
5.5070
5.7890
5.9110
5.8760
5.7570
5.4820
5.7560
6.1420
6.1570
5.6980
5.2650
