105.7400
66.3580
62.6280
166.1900
198.1600
259.6200
282.6000
315.8600
332.4900
362.2700
402.5500
437.8900
428.0300
457.0900
463.4000
501.2300
544.0300
576.4500
604.2800
634.1900
654.9400
669.5800
683.0300
716.7400
725.2200
742.2900
756.6800
773.2000
790.5200
811.3200
820.8500
823.4800
832.4000
842.3200
847.2000
856.4400
865.4500
864.0100
864.9400
850.5700
837.9500
833.1400
837.7800
842.3500
842.6500
832.8600
823.8300
814.9500
814.7900
811.5800
809.3200
814.4000
815.6600
813.4500
814.2100
817.2800
825.3500
832.7500
839.6500
845.0600
851.0500
860.2200
868.4100
890.1300
910.1900
926.5200
942.5800
951.8400
962.5900
972.7600
985.3000
1005.0000
1021.7000
1036.3000
1049.7000
1059.6000
1076.8000
1092.7000
1106.8000
1119.7000
1131.1000
1143.4000
1154.0000
1162.8000
1174.8000
1186.1000
1201.1000
1187.6000
1172.7000
1171.5000
1174.1000
1184.1000
1185.1000
1177.8000
1165.5000
1158.7000
1163.0000
1166.0000
1166.6000
1166.6000
1161.4000
1157.2000
1154.7000
1156.6000
1160.0000
1156.3000
1150.7000
1147.2000
1146.2000
1148.6000
1151.9000
1179.9000
1210.5000
1219.8000
1226.6000
1222.7000
1229.8000
1240.8000
1261.0000
1274.5000
1278.3000
1283.0000
1291.2000
1284.7000
1290.4000
1296.5000
1298.8000
1300.8000
1300.1000
1300.9000
1300.5000
1302.6000
1303.4000
1301.0000
1298.6000
1272.3000
1246.3000
1235.0000
1225.5000
1224.1000
1213.8000
1197.4000
1178.0000
1164.4000
1159.2000
1153.6000
1146.0000
1143.4000
1132.9000
1120.5000
1114.8000
1108.3000
1101.7000
1093.9000
1088.2000
1078.7000
1072.7000
1071.4000
1069.0000
1080.6000
1096.2000
1101.1000
1105.7000
1109.6000
1115.8000
1127.5000
1145.6000
1159.0000
1167.4000
1176.2000
1184.9000
1180.1000
1181.5000
1186.7000
1190.9000
1198.2000
1201.6000
1205.3000
1205.1000
1210.0000
1216.9000
1223.6000
1229.6000
1194.5000
1159.8000
1145.6000
1140.7000
1146.4000
1136.7000
1119.8000
1091.6000
1071.5000
1068.0000
1065.8000
1063.8000
1081.8000
1084.0000
1078.7000
1074.4000
1068.1000
1069.9000
1071.9000
1076.4000
1075.2000
1070.8000
1072.5000
1071.1000
1093.5000
1115.6000
1123.0000
1122.7000
1114.2000
1114.4000
1118.0000
1126.7000
1131.8000
1126.0000
1117.2000
1112.4000
1090.8000
1075.9000
1070.3000
1063.5000
1053.7000
1044.5000
1034.4000
1022.4000
1014.3000
1003.9000
989.3300
980.0800
940.1700
905.6400
890.7000
874.3300
865.2300
844.4500
820.7300
783.5400
746.3000
728.8700
710.9900
699.6600
675.7300
646.8400
649.2300
634.3200
612.1500
620.5100
597.3300
590.4300
573.0400
564.6100
583.4100
593.9700
604.1000
631.7100
627.1600
646.1500
658.0000
652.9900
681.4900
687.7400
732.4200
751.9200
724.0700
713.4800
679.3100
677.7000
671.9700
683.8400
652.8800
653.5700
644.9200
661.8800
689.5400
684.9000
670.0000
674.8400
631.8600
572.5700
521.4100
505.6900
506.5300
507.9400
464.2600
413.9900
404.2500
414.1300
414.6400
413.8700
420.3900
426.7800
413.5100
427.1800
418.4600
432.7800
438.3900
434.7700
474.8600
487.0800
470.8000
503.2100
529.2100
565.4900
595.7800
589.4500
599.8700
610.6300
633.2900
652.8300
673.2800
699.9800
725.2000
768.1400
782.3400
806.5200
841.4800
865.9500
898.3700
932.0800
962.7800
991.2900
1014.6000
1050.0000
1065.7000
1089.5000
1078.9000
1068.3000
1070.1000
1078.0000
1091.4000
1094.0000
1091.4000
1093.5000
1082.4000
1099.4000
1120.4000
1122.4000
1160.9000
1172.3000
1177.0000
1203.5000
1185.6000
1204.0000
1223.3000
1213.5000
1226.9000
1239.5000
1225.5000
1250.5000
1303.9000
1342.4000
1346.2000
1374.2000
1367.4000
1393.6000
1421.4000
1425.9000
1466.0000
1513.1000
1568.2000
1582.1000
1599.9000
1615.2000
1607.3000
1613.6000
1616.2000
1620.2000
1629.0000
1639.5000
1656.8000
1650.9000
1634.0000
1626.5000
1611.5000
1596.7000
