9.1612
10.4804
11.3414
12.2903
13.0628
13.2193
13.3122
13.3385
13.3191
13.3704
13.4204
13.2878
13.0367
12.9856
13.3857
14.0555
15.2106
15.9765
16.2492
16.2031
14.9214
13.8463
13.7798
13.8668
13.6537
13.6207
13.4610
13.3478
13.3158
13.2317
13.2570
13.4980
13.8963
14.1594
14.2376
14.2492
14.2681
14.2834
14.2969
14.2346
14.1903
14.1746
14.1762
14.1814
14.1660
14.0924
13.9916
13.8754
13.7136
13.5709
13.3282
13.1207
12.9714
12.7725
12.4936
12.1076
11.5324
10.7197
10.0934
9.5773
9.0266
8.5726
7.7792
7.6888
7.8219
8.1630
8.2226
8.2615
8.5734
8.9763
9.7852
10.6243
9.9395
10.4149
10.4966
10.1234
9.1497
8.2303
8.2698
9.5067
10.6378
10.2942
9.6756
9.8127
10.3462
10.9382
10.9266
10.6564
10.6464
10.7156
10.7709
10.8007
10.8313
10.8459
10.7974
10.7164
10.6504
10.6243
10.6254
10.5811
10.4858
10.3506
10.1744
9.9650
9.7186
9.4620
9.2083
8.9623
8.7222
8.4880
8.2602
8.0898
8.0292
8.0572
8.0419
7.9264
7.5573
7.3589
7.2189
6.2338
5.6455
5.3502
5.1761
5.4367
5.8335
5.7904
5.8479
6.0559
6.1092
6.0841
6.0678
6.0845
6.1225
6.1711
6.2477
6.2613
6.2332
6.2113
6.1972
6.1576
6.1269
6.0806
5.9732
5.7939
5.5512
5.2820
5.0904
5.0996
5.2932
5.3467
5.0955
4.8468
5.0769
5.8038
6.1507
5.8329
6.3475
7.0232
7.2794
7.6963
8.0757
8.6457
9.2266
9.6102
10.0038
10.4376
10.7200
10.9007
10.9799
11.0172
10.9814
10.9173
10.8940
10.8860
10.8459
10.8134
10.8839
11.0003
11.0869
11.1370
11.1166
11.1138
11.2898
11.4862
11.6181
11.7160
11.8588
12.0558
12.1283
12.0585
11.8584
11.6446
11.4829
11.3610
11.2387
11.2039
11.2229
11.2482
11.2361
11.2171
11.2290
11.3050
11.3974
11.4078
11.3156
11.2306
11.2160
11.1936
11.0749
10.9658
10.9617
10.7663
10.4063
9.9740
9.8092
9.7414
9.7480
9.7149
9.8796
10.0355
9.9679
9.9160
9.9545
9.9796
9.9628
9.8953
9.7990
9.7383
9.6840
9.4713
9.2521
9.1232
9.0317
8.8948
8.7704
8.5183
8.4042
8.3509
8.2882
8.2903
8.3701
8.4583
8.5582
8.8284
9.7836
10.5531
10.5166
10.5691
10.7846
10.3794
10.2594
10.1972
9.7729
9.5438
9.5044
11.0460
11.5655
11.1194
10.9748
11.5164
11.7872
11.5254
11.8748
11.7866
11.6468
12.1841
12.6475
13.0332
12.5207
11.8803
11.5100
11.7633
11.6792
11.4588
11.2010
10.7441
10.7098
10.8516
10.6653
10.6440
11.2240
11.8539
11.7042
11.0570
10.6593
10.9559
11.3684
10.5244
9.8987
9.7375
9.2510
9.6212
9.6975
9.3239
8.7181
8.8661
8.7502
8.7741
9.2139
9.1686
8.9443
9.6888
9.1845
9.0021
8.6999
7.9909
7.1752
7.0027
6.5256
6.0288
7.0827
7.6413
9.1570
10.1500
10.8433
11.0600
11.5317
12.0523
12.4138
13.4302
14.9493
14.6537
14.4460
14.3655
14.1008
14.0697
13.7636
13.6218
13.5524
13.4351
13.3130
13.4196
13.3926
13.4083
13.1845
13.0865
12.7598
12.3231
12.1795
12.0104
12.0017
11.8043
11.3996
11.4068
11.1110
11.0249
11.2596
11.1894
10.9362
10.7931
10.0980
9.9328
9.4619
9.5320
9.3162
9.5495
9.3741
9.1174
9.2456
8.8482
8.0845
7.4060
7.4899
7.1544
7.0350
7.5334
7.9382
8.3854
8.5797
8.5241
8.3347
7.8984
8.3333
8.9463
8.9691
8.2420
7.5543
