-6.5914
-6.7847
-7.1209
-7.5409
-8.0212
-8.4937
-8.9465
-9.3970
-9.8443
-10.2888
-10.7180
-11.1147
-11.4617
-11.7868
-12.0595
-12.1711
-12.1006
-11.9390
-11.7494
-11.6539
-12.1070
-12.3067
-12.4041
-12.4496
-12.3596
-12.1575
-11.9095
-11.6410
-11.3620
-11.0573
-10.7049
-10.3116
-9.9410
-9.6408
-9.3498
-9.0460
-8.7585
-8.5006
-8.2608
-8.0264
-7.7809
-7.5258
-7.2733
-7.0333
-6.8179
-6.6293
-6.4514
-6.2877
-6.1448
-6.0295
-5.9403
-5.8658
-5.8084
-5.7709
-5.7519
-5.7625
-5.8008
-5.8442
-5.8866
-5.9430
-6.0234
-6.1121
-6.3145
-6.4500
-6.5599
-6.6318
-6.7782
-6.8740
-6.8488
-6.7499
-6.9735
-7.0178
-7.6103
-7.3996
-7.1061
-7.0365
-7.6233
-8.3565
-8.5749
-8.3773
-8.2085
-8.3618
-8.6092
-8.5371
-8.4830
-8.6981
-9.2835
-9.6271
-9.5226
-9.4775
-9.4254
-9.3148
-9.2156
-9.1578
-9.1461
-9.1569
-9.0886
-8.9168
-8.6848
-8.4544
-8.2637
-8.1342
-8.0399
-7.9648
-7.9217
-7.9191
-7.9815
-8.0567
-8.0662
-8.0382
-8.0546
-8.1493
-8.3170
-8.6007
-9.0370
-9.4224
-9.9633
-10.1488
-10.1789
-10.1810
-9.7598
-9.2759
-8.7543
-8.1060
-7.4699
-6.9735
-6.3903
-5.7553
-5.3148
-4.9611
-4.5804
-4.2259
-3.9559
-3.7433
-3.5531
-3.3608
-3.1638
-2.9683
-2.7883
-2.6256
-2.4783
-2.3452
-2.2215
-2.1010
-1.9836
-1.8813
-1.8036
-1.7406
-1.6778
-1.6080
-1.5743
-1.6208
-1.7226
-1.7987
-1.8180
-1.9840
-2.2055
-2.3780
-2.9655
-3.5520
-3.8953
-4.1087
-4.4070
-4.7773
-5.2541
-5.8219
-6.3568
-6.7093
-7.0147
-7.2103
-7.3517
-7.6525
-7.8913
-8.1125
-8.2893
-8.4583
-8.5604
-8.5295
-8.5289
-8.6210
-8.7242
-8.8169
-8.8360
-8.8391
-8.9030
-8.9852
-9.0110
-8.9606
-8.9154
-8.9224
-8.9806
-9.0467
-9.0842
-9.1064
-9.1318
-9.1497
-9.1497
-9.1287
-9.1106
-9.1160
-9.1175
-9.0873
-9.0500
-9.0324
-9.0487
-9.0624
-9.0516
-9.0123
-8.9272
-8.7392
-8.3883
-8.2391
-7.9682
-7.6879
-7.3710
-7.0008
-6.5687
-6.1903
-5.8117
-5.4074
-4.9953
-4.6051
-4.2474
-3.8583
-3.4384
-3.0368
-2.6754
-2.3328
-2.0015
-1.6652
-1.3333
-1.0184
-0.7158
-0.4281
-0.1629
0.0727
0.2841
0.4751
0.6699
0.8429
0.9664
1.0460
1.0943
1.0296
0.6690
0.1360
-0.1842
-0.4027
-0.5833
-0.7012
-0.9470
-1.2629
-1.5968
-1.8481
-2.1228
-2.4390
-2.7235
-2.8800
-3.0166
-3.3112
-3.6655
-3.8608
-3.9927
-4.1731
-4.3333
-4.4698
-4.5988
-4.6684
-4.7263
-4.8152
-4.9758
-5.1595
-5.3223
-5.4482
-5.5687
-5.7044
-5.8223
-5.9341
-6.0389
-6.1264
-6.1892
-6.2061
-6.2324
-6.3036
-6.3893
-6.4237
-6.4441
-6.4981
-6.5713
-6.5842
-6.5548
-6.4998
-6.3310
-6.2220
-6.2243
-6.1952
-6.2319
-6.2443
-6.1492
-6.1200
-6.0590
-5.5991
-5.5443
-5.4944
-5.4140
-5.4153
-5.3064
-5.1763
-5.2591
-5.1198
-4.9610
-5.0426
-5.4943
-6.6147
-8.1803
-8.4701
-8.5324
-8.6480
-8.7678
-8.8329
-9.0441
-9.1581
-9.2561
-9.3442
-9.4317
-9.5495
-9.6715
-9.7898
-9.8921
-9.9859
-10.0748
-10.1676
-10.2881
-10.4021
-10.5206
-10.6262
-10.7043
-10.7660
-10.8228
-10.9067
-11.0256
-11.1599
-11.2696
-11.3635
-11.4437
-11.5206
-11.5984
-11.6882
-11.7466
-11.7975
-11.8403
-11.8477
-11.8597
-11.8785
-11.8881
-11.8725
-11.8597
-11.8041
-11.7050
-11.6752
-11.7082
-11.7245
-11.7292
-11.7569
-11.7499
-11.6686
-11.5547
-11.5256
-11.3971
-11.3909
-11.3625
-11.2984
-11.1744
-11.1539
-11.2360
-11.3667
-11.3935
