8.8434
10.2051
11.0781
12.0071
12.7682
12.8804
12.9455
12.9665
12.9448
12.9664
12.9540
12.8174
12.6191
12.5960
12.8991
13.3561
14.2343
14.7682
14.9287
14.9013
14.2176
13.4942
13.5425
13.6490
13.4823
13.4158
13.2834
13.1910
13.1771
13.0984
13.1030
13.2804
13.5912
13.7922
13.8329
13.7977
13.7643
13.7474
13.7313
13.6455
13.5936
13.5859
13.5835
13.5751
13.5596
13.5138
13.4434
13.3410
13.2376
13.1445
12.9636
12.8280
12.7270
12.5525
12.2917
11.9321
11.3712
10.5347
9.8832
9.3589
8.8392
8.4400
7.7047
7.6519
7.7984
8.1494
8.2173
8.2604
8.5712
8.9578
9.7393
10.5424
9.9340
10.4110
10.4912
10.1227
9.1324
8.1215
7.9615
9.1587
10.4234
10.0009
9.2227
9.4821
10.0673
10.7238
10.6818
10.2762
10.2550
10.3342
10.4118
10.4797
10.5450
10.5924
10.5768
10.5318
10.5076
10.5279
10.5680
10.5481
10.4639
10.3306
10.1506
9.9353
9.6795
9.4071
9.1225
8.8301
8.5329
8.2324
7.9215
7.6484
7.4659
7.2980
6.9793
6.5705
6.0304
5.6676
5.4080
4.5828
4.0752
3.7637
3.4996
3.5631
3.7515
3.6062
3.5476
3.6730
3.6914
3.5825
3.4409
3.3294
3.2307
3.1455
3.0697
2.9772
2.8592
2.7505
2.6288
2.4862
2.3417
2.2373
2.1389
2.0163
1.8223
1.5092
1.0359
0.4639
0.0214
-0.0377
0.0911
-0.2246
-1.0128
-1.6465
-1.8464
-2.2940
-2.9194
-3.2306
-3.8234
-4.1137
-4.2039
-4.4524
-4.9056
-5.2355
-5.3910
-5.3408
-5.1847
-4.9962
-4.7667
-4.5344
-4.2739
-4.1857
-4.1389
-3.9636
-3.7516
-3.5712
-3.4022
-3.2649
-3.1952
-3.1628
-3.0775
-2.9456
-2.7675
-2.5589
-2.3214
-2.0228
-1.7027
-1.4671
-1.4230
-1.4087
-1.4000
-1.3932
-1.3956
-1.3889
-1.4062
-1.4140
-1.3996
-1.4115
-1.4488
-1.5156
-1.5833
-1.6896
-1.7666
-1.7863
-1.8038
-1.8293
-1.8886
-1.9141
-1.8716
-1.7756
-1.5761
-1.6091
-1.5961
-1.5448
-1.5914
-1.6040
-1.5522
-1.4464
-1.3509
-1.1893
-0.9923
-0.8667
-0.9052
-0.6967
-0.3908
-0.1131
0.0444
0.1332
0.0561
0.0670
0.0131
0.0130
0.2468
0.6200
0.9681
0.9578
0.8315
0.7688
0.6527
0.3647
0.1081
-0.1257
-0.4912
-1.3695
-2.6847
-3.3834
-3.7239
-4.1989
-4.2090
-3.9196
-3.9890
-4.2782
-4.4509
-4.1791
-4.3192
-4.6005
-4.0153
-3.6276
-3.2527
-3.2345
-2.9474
-2.2294
-2.1255
-1.6940
-1.2670
-1.0431
-0.7740
-0.5762
-0.6042
-1.0146
-1.1227
-1.5533
-1.4712
-1.5894
-1.6662
-1.5114
-1.5982
-1.5898
-1.6409
-1.6402
-1.5475
-1.5365
-0.9053
-0.3877
0.0923
0.1451
0.1396
0.3733
0.6516
0.8087
0.9481
1.3986
1.7608
1.9593
2.1034
2.3511
2.6770
2.9285
3.3615
4.0275
4.7954
5.7501
6.4872
6.9890
7.3657
7.2294
6.7003
6.9523
6.5090
5.8182
6.0696
5.4466
5.2034
3.7667
3.0483
2.8801
2.6055
2.1074
1.5233
0.7459
-0.6831
-0.5398
-0.3655
-0.4711
-0.2320
-0.3828
-0.5064
-0.7565
-0.8691
-0.7961
-0.7826
-0.7537
-0.7278
-0.6846
-0.5521
-0.6422
-0.5136
-0.4967
-0.6388
-0.7409
-0.8073
-0.8252
-0.6614
-0.6663
-0.6603
-0.6295
-0.9382
-0.9745
-0.8941
-1.2398
-0.9011
-1.1602
-1.1218
-1.1252
-1.3240
-1.2558
-1.2145
-1.2155
-1.0884
-0.8128
-0.5925
-0.3329
-0.2188
-0.0703
0.2968
0.3079
0.4586
0.3688
0.2693
0.0756
0.1692
0.1725
0.1928
0.4111
0.4770
0.5132
0.5712
