-2.3922
-2.3863
-2.4295
-2.6235
-2.7587
-2.9740
-3.1032
-3.1283
-3.1354
-3.2617
-3.5074
-3.5043
-3.2731
-3.1570
-3.5765
-4.3787
-5.3616
-6.0951
-6.4166
-6.3632
-4.5285
-3.1027
-2.5461
-2.4478
-2.1571
-2.3536
-2.1791
-2.0397
-1.9167
-1.8730
-2.0150
-2.4139
-2.8960
-3.2038
-3.3703
-3.5583
-3.7581
-3.8763
-3.9814
-4.0527
-4.0715
-4.0428
-4.0561
-4.1025
-4.1003
-3.9966
-3.8779
-3.8139
-3.5815
-3.3751
-3.0960
-2.7562
-2.5062
-2.3609
-2.2371
-2.0542
-1.9213
-1.9832
-2.0490
-2.0339
-1.8300
-1.5017
-1.0742
-0.7521
-0.6062
-0.4725
-0.2948
-0.1338
-0.1921
-0.5769
-0.9470
-1.3167
-0.3311
-0.2855
-0.3368
-0.1229
0.5612
1.3338
2.2367
2.5486
2.1253
2.4398
2.9257
2.5256
2.3862
2.1552
2.2997
2.8212
2.8601
2.8334
2.7583
2.6136
2.4738
2.3311
2.1716
1.9807
1.7384
1.4281
1.1026
0.8344
0.6766
0.6430
0.6952
0.7687
0.8714
1.0184
1.2540
1.5337
1.8071
2.0672
2.3411
2.6359
2.9544
3.4142
3.9951
4.4336
4.5550
4.6938
4.7819
4.2259
3.9070
3.8025
3.8138
4.1064
4.4672
4.5303
4.6489
4.8149
4.8679
4.9175
4.9979
5.0928
5.2007
5.3093
5.4416
5.5083
5.5387
5.5691
5.6120
5.6334
5.6617
5.6540
5.5772
5.4317
5.2435
5.0618
4.9838
5.0784
5.2932
5.3466
5.0947
4.8416
4.9749
5.5653
5.8670
5.3629
5.6363
6.2360
6.1945
6.5047
6.8952
7.4111
7.8144
8.0589
8.4269
8.9676
9.3828
9.6883
9.8912
10.0408
10.1156
10.0830
10.0771
10.1388
10.1764
10.2067
10.3384
10.5046
10.6165
10.6785
10.6821
10.7163
10.9454
11.1975
11.3839
11.5400
11.7359
11.9662
12.0445
11.9760
11.7755
11.5610
11.3978
11.2758
11.1504
11.1143
11.1353
11.1593
11.1423
11.1142
11.1168
11.1781
11.2597
11.2670
11.1709
11.0807
11.0559
11.0288
10.9156
10.8211
10.8478
10.6453
10.2831
9.8536
9.6793
9.6084
9.6236
9.6066
9.7868
9.9647
9.9184
9.8781
9.9133
9.9552
9.9551
9.8946
9.7989
9.7374
9.6839
9.4710
9.2521
9.1232
9.0283
8.8731
8.7168
8.4643
8.3630
8.3154
8.2625
8.2823
8.3694
8.4574
8.5441
8.7215
9.4081
9.9961
9.8352
9.6992
9.9293
9.6108
9.4522
9.2563
8.7005
8.5802
8.4663
10.0424
10.8461
10.5110
10.4817
11.0528
11.4128
11.3077
11.6830
11.6642
11.5777
12.1393
12.6238
13.0205
12.5062
11.8369
11.4551
11.6603
11.5862
11.3480
11.0764
10.6373
10.5899
10.7346
10.5383
10.5168
11.1168
11.7539
11.6691
11.0502
10.6589
10.9549
11.3675
10.5178
9.8772
9.7039
9.2023
9.5190
9.5363
9.1157
8.4605
8.5487
8.3306
8.2709
8.5788
8.2367
7.5501
7.7980
6.5016
5.6737
4.6297
3.4043
2.5668
0.8391
-0.4662
-1.5798
-3.6502
-5.3595
-7.5349
-9.4252
-10.4060
-10.6784
-11.2335
-11.8666
-12.3200
-13.4095
-14.9337
-14.6437
-14.4414
-14.3577
-14.0989
-14.0645
-13.7543
-13.6008
-13.5245
-13.4115
-13.2900
-13.3985
-13.3728
-13.3909
-13.1729
-13.0707
-12.7495
-12.3131
-12.1627
-11.9875
-11.9745
-11.7755
-11.3804
-11.3873
-11.0914
-11.0069
-11.2205
-11.1469
-10.8996
-10.7217
-10.0577
-9.8648
-9.3952
-9.4654
-9.2216
-9.4666
-9.2950
-9.0360
-9.1813
-8.8108
-8.0628
-7.3985
-7.4867
-7.1540
-7.0287
-7.5271
-7.9249
-8.3773
-8.5755
-8.5238
-8.3330
-7.8965
-8.3311
-8.9368
-8.9564
-8.2260
-7.5326
