2.7700
2.7100
2.7400
2.6990
2.6520
2.6190
2.6200
2.6380
2.6230
2.6850
2.7520
2.7680
2.7800
2.8950
2.9740
3.1090
3.1830
3.2600
3.2790
3.2690
3.3200
3.4080
3.4440
3.5130
3.5810
3.6670
3.6680
3.6760
3.6810
3.6730
3.6370
3.6460
3.6440
3.6430
3.6450
3.6390
3.6530
3.7030
3.7750
3.8860
4.0260
4.1790
4.3160
4.4550
4.5290
4.5120
4.5350
4.6120
4.7280
4.7920
4.8330
4.8620
4.8560
4.8420
4.8670
4.8680
4.7990
4.7520
4.7630
4.7750
4.7860
4.8150
4.8310
4.8110
4.8190
4.8490
4.8600
4.9480
4.8970
4.8220
4.7850
4.7740
4.6940
4.5910
4.5200
4.4860
4.4850
4.3520
4.2840
4.2960
4.3480
4.2410
4.3460
4.4530
4.4170
4.4300
4.3590
4.2940
4.3490
4.3430
4.3140
4.2720
4.3850
4.3190
4.2590
4.3940
4.4720
4.4710
4.4450
4.4080
4.3960
4.4200
4.4010
4.2980
4.3580
4.3660
4.3120
4.2580
4.1840
4.1150
4.1800
4.2110
4.0470
3.7710
3.7060
3.3990
3.2110
3.4190
3.4370
3.4260
3.5610
3.5160
3.5370
3.4880
3.4030
3.4380
3.5010
3.6810
3.8150
3.8370
3.8890
4.0860
4.2960
4.5690
4.8340
5.1510
5.4160
5.5910
5.8270
6.0600
6.2850
6.4940
6.7500
6.9310
7.0390
7.0730
7.1490
7.1770
7.2710
7.2760
7.2370
7.1530
7.0750
7.0140
7.0430
7.0150
6.9780
6.9970
6.8660
6.7010
6.5240
6.4710
6.4280
6.2130
5.9290
5.6390
5.3440
5.7750
5.7860
5.6060
5.7220
5.7490
5.5970
5.5180
5.5860
5.5030
5.6140
5.5140
5.5290
5.6150
5.4910
5.2890
4.9520
4.8040
5.0170
5.0500
4.8010
4.5620
4.8860
4.6910
4.6190
5.0920
4.6590
5.2600
4.9320
5.1990
5.1730
4.8970
4.8620
4.6700
3.7220
2.6450
1.7930
1.1270
3.7900
5.8560
6.6020
6.6950
5.9720
5.4230
5.2490
5.5430
6.0020
5.6640
6.3600
7.0800
6.6690
5.2560
5.8850
6.1020
6.5690
6.1830
6.1100
5.8550
5.8490
5.9270
5.8410
5.6840
5.5420
5.3710
5.1570
4.9630
5.0330
5.3870
5.9510
6.5480
6.9930
7.7990
8.0720
7.9670
8.1600
8.4690
8.4430
8.6970
8.7550
8.2160
8.1680
7.5660
7.2380
7.0410
6.6840
6.7810
6.8830
6.8280
6.6800
6.9450
6.4580
6.1840
6.2290
6.2790
6.3630
6.3190
6.1310
5.9050
5.9190
5.6830
5.3670
5.2110
5.0870
5.2070
5.4490
5.4770
5.4330
5.4290
5.4490
5.4050
5.4550
5.4530
5.5360
5.4970
5.5140
5.4650
5.3810
5.2790
5.2320
5.2660
5.2670
5.1150
5.1710
5.0360
4.8170
4.5700
4.6260
4.6890
4.7600
4.7890
4.8740
4.9400
4.9970
5.0060
5.0510
5.1310
5.1630
5.1920
5.1130
5.0980
5.0610
4.9050
4.9780
5.0300
5.0000
5.0520
5.2140
5.2090
5.2190
5.1810
5.1430
5.0540
4.8920
4.9600
5.0170
5.0420
5.1820
5.3660
5.4650
5.5000
5.5020
5.6030
5.6610
5.6980
5.8340
5.7340
5.5310
5.5320
5.5280
5.2420
5.2150
5.2580
5.3350
5.3680
5.3860
5.4140
5.5090
5.6210
5.5760
5.5510
5.3500
5.2270
5.0440
4.9960
4.9190
4.7250
4.6400
4.6810
4.6750
4.7530
4.5780
4.6160
4.6160
4.6350
4.6540
4.6780
4.6580
4.7210
4.7340
4.7800
4.7880
4.8010
4.8390
4.8320
4.8050
4.8040
4.7150
4.6830
4.6780
4.6240
4.5620
