997.4600
1015.0000
988.9400
1012.1000
1029.2000
1017.4000
1028.9000
1011.3000
1026.5000
1022.3000
1029.6000
1043.8000
1035.9000
1039.1000
1042.3000
1067.8000
1094.3000
1086.8000
1096.5000
1086.7000
1089.4000
1095.4000
1103.5000
1113.7000
1114.1000
1116.1000
1122.2000
1129.2000
1139.9000
1148.3000
1161.0000
1163.8000
1168.3000
1175.8000
1182.7000
1191.5000
1194.1000
1197.4000
1197.7000
1187.4000
1182.4000
1179.7000
1174.2000
1172.2000
1165.3000
1163.7000
1157.3000
1149.0000
1141.4000
1134.6000
1127.6000
1117.4000
1104.9000
1098.2000
1088.9000
1083.9000
1080.6000
1078.6000
1073.7000
1070.9000
1069.8000
1069.8000
1070.4000
1072.9000
1074.3000
1071.1000
1076.5000
1075.7000
1083.1000
1087.5000
1095.2000
1096.4000
1102.0000
1109.6000
1112.8000
1120.9000
1126.9000
1138.6000
1140.9000
1137.3000
1132.0000
1150.2000
1151.1000
1152.3000
1162.3000
1164.2000
1174.0000
1149.2000
1122.6000
1116.1000
1117.9000
1129.1000
1112.2000
1100.0000
1081.7000
1060.3000
1057.2000
1053.8000
1057.8000
1072.6000
1074.1000
1074.1000
1073.1000
1078.7000
1076.7000
1075.4000
1076.4000
1071.8000
1069.4000
1071.6000
1068.3000
1094.1000
1122.1000
1136.3000
1135.4000
1127.6000
1133.3000
1137.3000
1149.1000
1157.2000
1145.6000
1143.6000
1142.3000
1139.0000
1145.0000
1144.4000
1139.6000
1130.4000
1120.8000
1119.1000
1118.7000
1116.8000
1113.0000
1105.5000
1102.4000
1080.7000
1064.0000
1058.4000
1048.3000
1043.9000
1031.5000
1016.1000
992.3700
976.4800
966.9200
955.9100
942.3100
933.1700
911.8700
902.4600
892.5200
888.0200
883.0100
879.3700
859.1200
851.0400
850.7600
838.8400
842.0200
865.4600
882.6300
888.3900
888.0400
897.1900
935.0800
973.2800
1008.5000
999.6900
1001.5000
1012.7000
1012.7000
1001.6000
1013.2000
1018.7000
1028.7000
1044.3000
1045.7000
1054.1000
1047.7000
1044.8000
1057.2000
1066.8000
1078.5000
1041.1000
993.6200
979.3800
991.3900
1011.8000
992.3400
990.6500
959.1900
918.3700
941.2800
918.5200
928.9600
930.0100
921.9300
930.4500
922.7300
916.8400
951.2100
995.5800
1021.6000
1023.2000
954.9400
880.3200
857.3600
883.1200
915.1400
934.7000
941.4300
924.5800
884.9300
928.4100
945.1900
907.1500
910.4000
949.8600
947.5100
907.4900
890.5300
909.4600
894.8200
889.2000
888.2000
881.9100
879.7300
882.4100
886.4000
880.6600
876.9300
849.6400
821.6100
803.0500
788.1400
776.5800
766.3400
714.4100
697.6200
705.2300
690.6800
664.7600
701.4100
680.2100
633.0800
656.1400
632.1500
667.5600
690.0600
689.1800
630.7400
630.9600
650.6300
656.2800
668.9500
644.4000
737.9000
748.5000
756.1100
728.2500
725.2500
731.4700
754.6100
775.5600
780.6900
781.3900
788.3700
783.9400
784.8700
791.3700
794.1800
806.8500
811.9900
807.9200
795.0700
792.6200
786.0800
785.6900
778.5700
749.6400
714.3900
701.4200
707.1200
712.5000
706.9400
691.2000
664.5100
662.3200
650.8700
658.1600
664.0300
691.9100
686.3800
675.0200
670.2800
654.1100
661.1400
659.6600
667.4800
658.2600
658.1700
665.9800
672.2700
705.5600
743.9900
753.3500
756.2000
755.0000
767.8900
781.3000
800.4600
816.5500
812.7900
818.0200
825.4400
817.1700
827.6100
835.8500
839.6600
841.0000
838.5700
839.3600
837.3200
836.9700
832.4400
829.6700
831.5900
807.6300
780.8400
777.2600
781.8400
780.7000
788.5000
778.5700
761.3400
764.1100
747.8800
736.3400
731.5900
739.1200
737.9500
734.5300
734.3500
728.5000
730.3900
725.3600
738.7900
736.5600
743.7300
732.7000
733.9400
761.8800
780.9300
788.8800
806.5100
796.0600
818.6100
827.8300
847.3700
861.5300
866.7300
869.4400
880.5300
874.0200
880.7900
886.4100
901.9000
910.7600
914.3000
918.7500
924.0700
927.0600
936.7300
942.1000
948.7200
922.3100
896.9300
