3.5957
3.4993
3.5483
3.4820
3.4086
3.3551
3.3577
3.3861
3.3623
3.4607
3.5672
3.5919
3.6118
3.7928
3.9191
4.1331
4.2504
4.3731
4.4036
4.3867
4.4682
4.6077
4.6640
4.7737
4.8822
5.0191
5.0198
5.0335
5.0412
5.0288
4.9705
4.9859
4.9821
4.9802
4.9840
4.9739
4.9970
5.0749
5.1897
5.3662
5.5879
5.8305
6.0488
6.2690
6.3867
6.3598
6.3952
6.5176
6.7019
6.8045
6.8682
6.9140
6.9058
6.8828
6.9230
6.9250
6.8150
6.7402
6.7583
6.7773
6.7945
6.8397
6.8649
6.8335
6.8461
6.8936
6.9117
7.0506
6.9706
6.8509
6.7931
6.7758
6.6478
6.4841
6.3727
6.3177
6.3158
6.1063
5.9978
6.0172
6.0996
5.9295
6.0957
6.2665
6.2084
6.2287
6.1171
6.0137
6.1003
6.0907
6.0457
5.9786
6.1576
6.0525
5.9580
6.1718
6.2966
6.2949
6.2527
6.1941
6.1754
6.2142
6.1828
6.0200
6.1148
6.1271
6.0415
5.9564
5.8383
5.7290
5.8330
5.8812
5.6220
5.1842
5.0809
4.5927
4.2956
4.6255
4.6534
4.6362
4.8506
4.7786
4.8126
4.7348
4.6002
4.6552
4.7553
5.0405
5.2538
5.2887
5.3701
5.6832
6.0170
6.4500
6.8704
7.3739
7.7937
8.0709
8.4464
8.8152
9.1735
9.5037
9.9103
10.1979
10.3698
10.4236
10.5435
10.5875
10.7378
10.7455
10.6828
10.5494
10.4262
10.3293
10.3761
10.3308
10.2717
10.3028
10.0942
9.8329
9.5518
9.4687
9.4002
9.0591
8.6082
8.1475
7.6801
8.3633
8.3814
8.0953
8.2800
8.3215
8.0804
7.9563
8.0639
7.9320
8.1073
7.9490
7.9736
8.1104
7.9132
7.5929
7.0583
6.8220
7.1613
7.2137
6.8179
6.4388
6.9536
6.6433
6.5287
7.2792
6.5925
7.5470
7.0259
7.4489
7.4075
6.9703
6.9153
6.6099
5.1054
3.3971
2.0447
0.9886
5.2137
8.4928
9.6751
9.8227
8.6765
7.8051
7.5282
7.9960
8.7243
8.1877
9.2920
10.4342
9.7816
7.5397
8.5373
8.8819
9.6238
9.0111
8.8944
8.4897
8.4814
8.6044
8.4684
8.2199
7.9932
7.7229
7.3829
7.0750
7.1861
7.7473
8.6431
9.5902
10.2963
11.5752
12.0079
11.8423
12.1483
12.6388
12.5969
13.0000
13.0916
12.2372
12.1607
11.2050
10.6845
10.3730
9.8061
9.9602
10.1213
10.0349
9.7991
10.2200
9.4469
9.0129
9.0846
9.1626
9.2960
9.2263
8.9277
8.5691
8.5913
8.2182
7.7165
7.4685
7.2720
7.4617
7.8468
7.8903
7.8205
7.8145
7.8469
7.7765
7.8563
7.8521
7.9836
7.9217
7.9488
7.8720
7.7385
7.5769
7.5019
7.5566
7.5571
7.3155
7.4057
7.1911
6.8431
6.4509
6.5409
6.6407
6.7529
6.7986
6.9335
7.0390
7.1298
7.1438
7.2143
7.3413
7.3921
7.4388
7.3127
7.2899
7.2300
6.9831
7.0990
7.1815
7.1332
7.2162
7.4731
7.4655
7.4811
7.4212
7.3607
7.2190
6.9618
7.0707
7.1605
7.2000
7.4232
7.7138
7.8712
7.9276
7.9300
8.0899
8.1821
8.2409
8.4576
8.2979
7.9763
7.9780
7.9715
7.5184
7.4756
7.5426
7.6658
7.7177
7.7462
7.7911
7.9420
8.1191
8.0476
8.0079
7.6884
7.4938
7.2033
7.1274
7.0052
6.6980
6.5632
6.6278
6.6186
6.7426
6.4646
6.5240
6.5244
6.5552
6.5844
6.6224
6.5907
6.6905
6.7118
6.7851
6.7977
6.8177
6.8780
6.8670
6.8242
6.8220
6.6813
6.6315
6.6222
6.5364
6.4391
