-8.6816
-8.7024
-8.7128
-8.7109
-8.6998
-8.6796
-8.6542
-8.6226
-8.6026
-8.5812
-8.5522
-8.5147
-8.4634
-8.4073
-8.3698
-8.3520
-8.3518
-8.3634
-8.3822
-8.3556
-8.2991
-8.2518
-8.2176
-8.1852
-8.1519
-8.1288
-8.1066
-8.0797
-8.0494
-8.0129
-7.9694
-7.9287
-7.8923
-7.8644
-7.8492
-7.8277
-7.8078
-7.7912
-7.7793
-7.7811
-7.7892
-7.7999
-7.7984
-7.7789
-7.7734
-7.8170
-7.8630
-7.8835
-7.9026
-7.9174
-7.9372
-7.9546
-7.9784
-7.9951
-8.0005
-8.0001
-8.0080
-8.0195
-8.0334
-8.0534
-8.0711
-8.0945
-8.1204
-8.1474
-8.1786
-8.2018
-8.2324
-8.2530
-8.2698
-8.2870
-8.3005
-8.3104
-8.3187
-8.3249
-8.3318
-8.3398
-8.3509
-8.3645
-8.3791
-8.4005
-8.4277
-8.4451
-8.4589
-8.4805
-8.5041
-8.5301
-8.5570
-8.5818
-8.6074
-8.6419
-8.6791
-8.7154
-8.7372
-8.7576
-8.7731
-8.7854
-8.8040
-8.8198
-8.8295
-8.8323
-8.8225
-8.8177
-8.8232
-8.8306
-8.8184
-8.7979
-8.7739
-8.7455
-8.7353
-8.7445
-8.7483
-8.7486
-8.7819
-8.8991
-8.9214
-8.9644
-8.8377
-8.6666
-8.5125
-8.3349
-8.1693
-8.0272
-7.8857
-7.7440
-7.6026
-7.4821
-7.3937
-7.3348
-7.2553
-7.1450
-7.0393
-6.9567
-6.9130
-6.8810
-6.8619
-6.8620
-6.8506
-6.8337
-6.8047
-6.7667
-6.7675
-6.7508
-6.7156
-6.7039
-6.7144
-6.7231
-6.7330
-6.7776
-6.8279
-6.8347
-6.8476
-6.8961
-6.9212
-6.9289
-6.9267
-6.9680
-6.9827
-6.9792
-6.9868
-7.0847
-7.1615
-7.2139
-7.2768
-7.3936
-7.5261
-7.6781
-7.8189
-7.9401
-8.0624
-8.1558
-8.2235
-8.2924
-8.3612
-8.4064
-8.4315
-8.4608
-8.4972
-8.5340
-8.5438
-8.5474
-8.5751
-8.5916
-8.5945
-8.5926
-8.5736
-8.5442
-8.5274
-8.5073
-8.4706
-8.4462
-8.4008
-8.3334
-8.2992
-8.2444
-8.2085
-8.1880
-8.1544
-8.1302
-8.1097
-8.0835
-8.0880
-8.1055
-8.1334
-8.1556
-7.9081
-7.7698
-7.8757
-7.9663
-7.9596
-8.0286
-7.9504
-7.8861
-7.7906
-7.7669
-7.8147
-7.6415
-7.4182
-7.1894
-7.0480
-6.8559
-6.6360
-6.2483
-5.6182
-5.4376
-5.2474
-4.8980
-4.6627
-4.3960
-4.0574
-3.7664
-3.6243
-3.5814
-3.6880
-3.9070
-4.1887
-4.3974
-4.7961
-5.2049
-5.5948
-5.8303
-6.1619
-6.3747
-6.5260
-6.6301
-6.7011
-6.9641
-7.0914
-7.0901
-7.0509
-6.8429
-6.7599
-7.0654
-7.1460
-7.1544
-7.1556
-7.3319
-7.3852
-7.3817
-7.3392
-7.2302
-7.2814
-7.3901
-7.4655
-7.5314
-7.5729
-7.6479
-7.7313
-7.7369
-7.7313
-7.7232
-7.7044
-7.6930
-7.6753
-7.6481
-7.6140
-7.5836
-7.5469
-7.5198
-7.4947
-7.4655
-7.4344
-7.4156
-7.4062
-7.3933
-7.3716
-7.3359
-7.2818
-7.2494
-7.2269
-7.2290
-7.2274
-7.2442
-7.2205
-7.2074
-7.2023
-7.1901
-7.2025
-7.2269
-7.2337
-7.2596
-7.2361
-7.2675
-7.2831
-7.2910
-7.2964
-7.2831
-7.2802
-7.2929
-7.3199
-7.3079
-7.2895
-7.2579
-7.2074
-7.2116
-7.2120
-7.1812
-7.1521
-7.1464
-7.0863
-7.0865
-7.1016
-7.0639
-7.0081
-6.9356
-6.8836
-6.7690
-6.7367
-6.8521
-6.9085
-6.8519
-6.9344
-6.9554
-6.9944
-7.0323
-6.9995
-6.9276
-6.9189
-6.9648
-7.0268
-7.0455
-7.0679
-7.1218
-7.1593
-7.1827
-7.2161
-7.2442
-7.2738
-7.2916
-7.3089
-7.3190
-7.3381
-7.3704
-7.3994
-7.4242
-7.4583
-7.4542
-7.4858
-7.5068
-7.5370
-7.5629
-7.5767
-7.5854
-7.5967
-7.5955
-7.5982
-7.6026
-7.6134
-7.6140
-7.6147
-7.6174
-7.6198
-7.6179
-7.6208
-7.6167
-7.6132
-7.5972
-7.5824
