0.1649
0.1174
0.1563
-0.0926
-0.2308
-0.4529
-0.5307
-0.7624
-0.8520
-1.0013
-1.2975
-1.4779
-1.7226
-2.0259
-2.2791
-2.6818
-2.9692
-3.1825
-3.3372
-3.3976
-3.5895
-3.8426
-4.0412
-4.2736
-4.4972
-4.7377
-4.8084
-4.8848
-4.9463
-4.9743
-4.9319
-4.9563
-4.9517
-4.9381
-4.9231
-4.8856
-4.8769
-4.9126
-4.9690
-5.0877
-5.2715
-5.4954
-5.6890
-5.8173
-5.9383
-6.0293
-6.1683
-6.3361
-6.5383
-6.6534
-6.7635
-6.8550
-6.8833
-6.8759
-6.9213
-6.9250
-6.8138
-6.7375
-6.7554
-6.7740
-6.7897
-6.8259
-6.8408
-6.8043
-6.8076
-6.8338
-6.8516
-6.9783
-6.8766
-6.7040
-6.6292
-6.5832
-6.4431
-6.2867
-6.1554
-6.0629
-6.0135
-5.7754
-5.6201
-5.5812
-5.6008
-5.4656
-5.5654
-5.6416
-5.5425
-5.5011
-5.3747
-5.2649
-5.2764
-5.1968
-5.0875
-4.9545
-5.0460
-4.9114
-4.7586
-4.8216
-4.8121
-4.7122
-4.6069
-4.5133
-4.4257
-4.3897
-4.3184
-4.1719
-4.1715
-4.0921
-3.9795
-3.9101
-3.8080
-3.7257
-3.8030
-3.8851
-3.8516
-3.6964
-3.7485
-3.4947
-3.3293
-3.5960
-3.6477
-3.6646
-3.9092
-3.9395
-4.0315
-4.0777
-4.1188
-4.3095
-4.5162
-4.8372
-5.0643
-5.1405
-5.2611
-5.5921
-5.9464
-6.3837
-6.8028
-7.2844
-7.6877
-7.9682
-8.3277
-8.6760
-9.0280
-9.3549
-9.7356
-10.0026
-10.1644
-10.2044
-10.2960
-10.3155
-10.4021
-10.3341
-10.2164
-10.0569
-9.8950
-9.7477
-9.7858
-9.7260
-9.5887
-9.4900
-9.0955
-8.7220
-8.3680
-8.2234
-8.0550
-7.6907
-7.1062
-6.5963
-6.2577
-6.7390
-6.6532
-6.4091
-6.5124
-6.4242
-6.1973
-6.1806
-6.2468
-6.0983
-6.2197
-6.1064
-6.2054
-6.2174
-5.9326
-5.7289
-5.3293
-5.1216
-5.3632
-5.4748
-5.2232
-5.1893
-5.8983
-5.8586
-5.8839
-6.5429
-6.0581
-7.0154
-6.6464
-7.1709
-7.1161
-6.6480
-6.6098
-6.5362
-5.1007
-2.7208
-0.8450
0.4098
-5.1203
-8.3148
-9.0509
-9.1556
-8.4017
-7.7314
-7.3762
-7.7888
-8.6350
-7.8799
-7.5888
-8.6688
-7.7867
-5.8108
-6.2580
-6.5740
-7.1805
-6.1464
-6.0471
-5.9570
-5.4382
-5.6467
-5.7755
-5.5402
-5.4651
-5.3760
-5.4696
-5.4977
-5.9674
-6.8119
-7.9856
-9.1352
-9.9695
-11.1473
-11.7224
-11.5269
-11.8927
-12.2686
-12.4905
-12.8458
-12.6978
-12.0435
-11.7996
-10.9730
-10.1224
-8.6456
-8.6327
-9.7278
-9.8261
-9.5670
-9.3682
-9.9600
-8.5590
-8.0190
-7.6544
-7.9564
-8.1858
-8.0573
-7.3395
-6.8413
-6.9529
-6.6578
-6.1751
-5.9418
-5.7416
-5.7251
-6.1931
-6.1960
-6.2245
-6.2167
-6.2524
-6.2853
-6.3739
-6.4035
-6.5608
-6.3970
-6.2737
-6.0941
-6.0348
-6.0419
-6.0276
-6.0682
-6.1113
-5.9253
-6.1811
-6.1278
-5.9948
-5.8494
-5.9799
-6.1561
-6.3150
-6.4919
-6.7250
-6.9081
-7.0259
-7.0904
-7.1830
-7.3327
-7.3921
-7.4388
-7.3122
-7.2888
-7.2224
-6.9749
-7.0887
-7.1581
-7.0877
-7.1389
-7.3739
-7.3812
-7.4304
-7.3844
-7.3324
-7.2005
-6.9313
-7.0585
-7.1603
-7.1943
-7.4069
-7.6952
-7.8549
-7.9048
-7.9026
-8.0357
-8.1149
-8.2180
-8.4574
-8.2709
-7.9556
-7.9477
-7.9090
-7.4737
-7.3538
-7.3913
-7.5482
-7.5930
-7.5912
-7.6626
-7.8588
-8.0552
-8.0095
-7.9829
-7.6732
-7.4885
-7.1977
-7.1216
-6.9959
-6.6936
-6.5632
-6.6231
-6.6091
-6.7313
-6.4560
-6.5192
-6.5099
-6.5412
-6.5729
-6.6167
-6.5861
-6.6846
-6.7107
-6.7806
-6.7848
-6.8062
-6.8653
-6.8543
-6.8106
-6.8094
-6.6607
-6.5897
-6.5603
-6.4661
-6.3564
