-3.5919
-3.4973
-3.5449
-3.4807
-3.4008
-3.3244
-3.3155
-3.2992
-3.2525
-3.3126
-3.3229
-3.2738
-3.1745
-3.2064
-3.1883
-3.1449
-3.0413
-2.9992
-2.8731
-2.7748
-2.6607
-2.5427
-2.3285
-2.1271
-1.9003
-1.6569
-1.4416
-1.2144
-0.9737
-0.7387
-0.6182
-0.5422
-0.5489
-0.6468
-0.7768
-0.9331
-1.0890
-1.2732
-1.4976
-1.7060
-1.8536
-1.9481
-2.0552
-2.3365
-2.3508
-2.0235
-1.6884
-1.5276
-1.4716
-1.4261
-1.1944
-0.9012
-0.5559
-0.3084
-0.1534
0.0180
0.1315
0.1922
0.1988
0.2123
0.2559
0.4353
0.5753
0.6313
0.7246
0.9063
0.9101
1.0069
1.1407
1.4115
1.4833
1.6038
1.6369
1.5875
1.6496
1.7763
1.9304
1.9829
2.0946
2.2488
2.4158
2.2992
2.4866
2.7278
2.7974
2.9215
2.9210
2.9060
3.0616
3.1766
3.2662
3.3460
3.5290
3.5371
3.5852
3.8527
4.0608
4.1738
4.2276
4.2422
4.3069
4.3985
4.4247
4.3400
4.4710
4.5603
4.5458
4.4933
4.4256
4.3521
4.4228
4.4152
4.0953
3.6349
3.4299
2.9800
2.7144
2.9094
2.8894
2.8399
2.8717
2.7047
2.6283
2.4064
2.0488
1.7604
1.4889
1.4170
1.3983
1.2432
1.0763
1.0140
0.9189
0.9222
0.9608
1.1450
1.2809
1.2834
1.4111
1.5602
1.6271
1.6747
1.8525
1.9864
2.0535
2.1262
2.2708
2.3841
2.6642
2.9450
3.1219
3.1855
3.2857
3.4170
3.4499
3.4828
3.6830
4.0108
4.3777
4.5401
4.6059
4.6939
4.8456
4.7876
4.8583
4.7823
4.4524
4.9529
5.0973
4.9455
5.1134
5.2893
5.1853
5.0102
5.0994
5.0721
5.2004
5.0891
5.0071
5.2079
5.2366
4.9831
4.6281
4.5064
4.7456
4.6972
4.3819
3.8118
3.6827
3.1321
2.8290
3.1902
2.6000
2.7824
2.2777
2.0158
2.0574
2.0949
2.0326
0.9840
-0.2188
-2.0341
-1.8620
-0.8997
0.9824
1.7300
3.4190
3.5582
2.1665
1.0698
1.5052
1.8085
1.2453
2.2237
5.3619
5.8072
5.9200
4.8044
5.8071
5.9725
6.4077
6.5895
6.5225
6.0488
6.5085
6.4923
6.1934
6.0723
5.8330
5.5445
4.9589
4.4531
4.0037
3.6903
3.3065
2.9190
2.5733
3.1183
2.6027
2.7149
2.4790
3.0367
1.6337
1.9963
3.1870
2.1683
2.9412
2.2684
3.4199
5.7316
4.6516
2.1389
2.4264
3.0285
2.8739
2.2906
3.9984
4.1144
4.8929
4.5441
4.4055
4.4948
5.0829
5.1600
5.0466
4.8179
4.6273
4.5247
4.4627
4.7855
4.8184
4.8852
4.7345
4.7349
4.7415
4.5792
4.5930
4.5443
4.5491
4.6726
4.8810
4.9829
4.8441
4.5723
4.4662
4.5032
4.4455
4.2904
4.0790
3.7633
3.3001
2.7200
2.6503
2.4903
2.3923
2.0191
1.6875
1.3508
1.2127
0.8714
0.6714
0.3558
0.0298
-0.0118
-0.0867
0.1261
0.3319
0.3368
0.3824
0.5798
0.8043
1.0530
1.2138
1.1188
0.8692
0.7381
0.6451
0.5170
0.6513
0.4163
0.0554
-0.2881
-0.4925
-0.5345
-0.5064
-0.6018
-0.6590
-0.9351
-1.0468
-0.6135
-0.0581
-0.6694
-0.5742
-0.6944
-0.9960
-0.8190
-1.3441
-1.5034
-1.3378
-1.3816
-1.5419
-1.4093
-1.1461
-1.0169
-0.7820
-0.6326
-0.4828
-0.2821
-0.2856
-0.2882
-0.3600
-0.2422
-0.0214
0.2503
0.3538
0.3901
0.3324
0.2501
0.4349
0.4280
0.3902
0.2746
0.2468
0.2805
0.1268
0.2470
0.4175
0.3948
0.4170
0.4187
0.4306
0.4136
0.5252
0.7434
0.9028
0.9563
1.0291
