4.5140
4.6150
4.8600
5.0220
5.2360
5.4330
5.6040
5.8280
5.9180
6.0070
6.0730
6.0660
6.1380
6.1610
6.1950
6.1960
6.1890
5.9590
5.7580
5.6340
5.2510
4.6810
4.2630
4.1330
4.4370
4.5000
4.4230
4.4760
4.6080
4.6020
4.6830
4.8330
4.9660
5.0490
5.0600
4.9820
4.8660
4.7160
4.5720
4.4970
4.4500
4.4170
4.4090
4.3950
4.3630
4.2340
4.0600
3.9910
3.9900
3.9920
4.0050
4.1390
4.5340
4.8110
4.6780
4.6010
5.1610
5.4310
5.1600
5.6000
6.2020
6.0340
5.9060
6.1680
6.5600
6.5710
6.4590
6.7520
6.8330
6.8820
6.8960
6.8450
6.8400
6.8590
6.8900
6.9300
7.0430
7.1790
7.1500
6.9870
6.9120
6.9730
6.8970
6.6320
6.5350
6.5440
6.7280
6.8100
6.7800
6.7880
6.8000
6.7510
6.7120
6.6190
6.5050
6.4820
6.4480
6.3120
6.2200
6.2060
6.0910
5.9510
5.8970
5.8330
5.7690
5.6630
5.5660
5.4730
5.3920
5.2970
5.1520
5.0190
4.8360
4.5760
4.3020
4.2030
3.9250
3.4650
3.0950
2.9340
2.9890
3.3300
3.4880
3.7210
3.8000
3.8180
3.8840
3.9210
3.9420
3.9680
3.9650
3.9340
3.9050
3.8730
3.8530
3.8220
3.7660
3.7110
3.6410
3.5620
3.5180
3.5220
3.5440
3.5920
3.6540
3.6950
3.6840
3.6450
3.5560
3.3770
3.1470
2.9430
2.9690
3.1940
3.3060
3.3970
3.5200
3.5450
3.5780
4.1680
5.2030
6.0360
6.4700
6.6490
6.8740
7.0070
6.9500
6.9850
7.1280
7.2440
7.3270
7.4110
7.4160
7.3960
7.3340
7.2980
7.2130
7.1620
7.1140
7.0880
7.0420
7.0090
6.9400
6.8590
6.7780
6.6750
6.6560
6.6630
6.6570
6.6040
6.5720
6.5780
6.6460
6.6350
6.5980
6.5980
6.6050
6.6470
6.6780
6.6660
6.6030
6.4770
6.3700
6.2990
6.2100
6.1360
6.0650
5.9130
5.6300
5.2240
4.8960
4.7530
4.2680
3.7640
3.4680
3.2920
3.2150
3.3810
3.4640
3.3570
3.3650
3.4310
3.4080
3.4050
3.4210
3.3800
3.3410
3.2940
3.2440
3.2180
3.2230
3.2740
3.3040
3.2810
3.1840
3.0120
2.7750
2.5160
2.2900
2.4280
2.5310
2.6910
2.7930
2.8150
2.7680
2.8710
3.1910
3.4450
3.5650
3.5480
3.3620
3.1590
3.1450
3.3670
4.0610
5.6560
6.3300
6.3740
6.3330
6.2010
6.2720
6.3620
6.4410
6.6100
6.6920
6.8170
6.9240
6.9800
6.9020
6.7640
6.6910
6.6730
6.6740
6.6390
6.6510
6.7150
6.7500
6.7880
6.7960
6.7760
6.7360
6.6790
6.6470
6.5770
6.5400
6.4960
6.4270
6.3870
6.3590
6.3480
6.3900
6.4800
6.4970
6.4840
6.4760
6.4270
6.4130
6.3900
6.3410
6.2830
6.2170
6.2020
6.1980
6.1460
5.9480
5.5960
5.2660
5.0980
4.4110
3.8930
3.6010
3.4470
3.6000
3.6780
3.5740
3.4160
3.3160
3.2680
3.2010
3.0880
2.9680
2.8680
2.7970
2.7580
2.7470
2.7470
2.7470
2.7380
2.7260
2.6570
2.5380
2.3580
2.1330
1.9650
2.0050
2.1750
2.4070
2.6330
2.7070
2.7890
2.9410
3.1310
3.2470
3.3160
3.3670
3.4430
3.4290
3.5680
4.0770
4.8940
5.5540
5.8140
5.9540
5.8800
5.9200
5.9060
5.9600
6.1120
6.1660
6.1640
6.1810
6.2280
6.2420
6.2820
6.3240
6.3290
6.3490
6.3370
6.3330
6.4220
6.4910
6.5010
6.4990
6.5820
6.5770
6.5440
6.4760
