357.2100
430.0200
366.5400
380.7500
417.6700
395.3300
408.1900
403.7500
383.9900
415.0400
397.0600
431.4100
422.7900
430.3800
439.0900
443.2700
447.2600
445.3900
438.4300
444.6600
439.3100
449.3100
469.6200
480.9000
491.2200
498.5500
503.0100
509.1900
520.8700
526.3300
527.0100
524.7300
525.4600
525.8900
526.1000
530.6900
531.3600
522.2700
517.7000
503.4600
490.3700
487.4900
481.4500
480.8100
473.8800
469.4600
458.8600
451.7900
444.6900
436.7300
423.8700
421.1100
408.1700
404.6700
396.9800
388.3200
377.6200
368.2700
364.1000
362.3500
370.7500
382.4100
396.3500
393.5500
392.5900
405.1300
417.8100
425.1600
441.7700
449.4900
448.2900
459.2200
460.2300
469.2700
483.6700
499.3200
511.3000
512.5300
524.1100
540.4300
554.7200
560.0400
570.2700
594.0000
607.7200
620.7700
622.7600
599.1900
591.5000
592.1900
595.6800
612.6700
619.6200
621.7900
616.9900
615.4500
616.4400
621.9700
630.8800
638.2600
637.0500
643.3200
643.6600
646.1500
647.3500
653.3200
655.0800
650.1000
652.6300
652.8900
655.7800
685.5000
712.0600
720.1700
725.5500
724.9700
732.8300
745.1000
762.7800
767.8700
765.7100
768.4200
767.5300
764.7000
772.7500
775.5300
777.2100
773.1700
769.4300
768.0700
767.6800
769.0200
764.4400
758.9900
756.9300
737.4800
721.6400
715.1000
709.8300
706.5400
696.5700
686.8400
670.5500
663.4000
662.2600
657.4500
653.8800
642.2300
626.7000
616.2400
610.9600
604.2400
598.2900
585.9200
571.6300
557.5600
553.0300
547.3600
544.2000
559.3400
576.5000
581.3400
588.2600
597.6900
610.1000
618.3300
634.4600
643.8700
648.2500
652.2900
656.1500
652.4200
663.0500
668.7400
675.4100
681.4600
690.0300
695.7500
701.6800
705.0900
710.5800
717.1900
726.0900
700.1500
675.3700
674.3100
671.4600
677.0800
672.9200
662.8600
646.2600
636.5600
632.8900
630.3400
634.2400
644.1600
641.4400
638.2300
635.7400
635.8100
635.4300
635.8800
638.6200
634.7000
633.9700
634.1800
635.3400
667.5500
698.5800
708.4700
709.9900
704.4500
707.1300
720.0100
739.6400
747.2200
744.1500
745.6100
742.7300
737.2100
740.8600
741.5200
741.2100
736.6100
734.5500
730.8600
726.9200
726.4600
721.6900
714.4900
710.6400
679.6700
656.0700
645.0300
635.0600
628.2200
617.1400
598.3800
576.9800
563.8500
559.2300
545.8200
538.2800
534.8500
520.1600
510.9300
499.2400
492.0600
483.1100
471.7400
464.9100
453.1800
445.5600
439.8200
441.8000
465.5200
487.9000
499.7300
509.7000
514.5600
525.1400
543.5000
565.6500
577.9200
585.7400
593.9800
601.5600
598.2800
609.2400
620.3900
632.2500
640.0400
645.1100
651.6500
653.4300
661.5400
668.6100
674.3300
682.5500
653.3800
624.2300
617.4000
614.4600
625.7400
618.9900
603.1700
579.0100
566.4300
564.3700
560.8700
557.8200
572.7000
577.0900
576.2900
571.8800
571.3800
573.9900
579.9200
591.3300
591.4100
592.6200
593.7500
592.4300
623.3900
652.8400
660.4800
664.6100
661.8700
669.0000
682.7200
703.2300
712.6800
713.2100
716.6700
718.0800
708.1800
710.2900
710.8000
709.7200
708.8800
704.4300
702.1400
694.4700
695.9300
693.7900
688.6000
685.9100
658.4900
630.3400
618.9000
610.4700
607.7000
597.1800
580.0000
557.3300
543.6700
536.8300
526.2700
521.6300
528.3400
523.1100
515.7600
509.4800
503.6500
499.2600
495.0900
501.6300
499.8200
495.9700
501.4200
502.8700
526.5100
547.8600
565.7300
579.8300
587.9800
606.8500
622.4900
645.8600
660.4700
669.0600
677.9300
687.2300
679.3400
685.2200
691.9200
694.0500
700.2100
705.3900
706.1500
700.6700
701.9900
707.3500
704.7300
708.7500
676.9900
647.9100
