6.3621
6.5225
6.9109
7.1690
7.5077
7.8201
8.0917
8.4477
8.5909
8.7310
8.8370
8.8246
8.9398
8.9766
9.0306
9.0309
9.0208
8.6561
8.3370
8.1395
7.5323
6.6282
5.9642
5.7584
6.2404
6.3397
6.2188
6.3028
6.5111
6.5025
6.6303
6.8694
7.0802
7.2112
7.2297
7.1056
6.9211
6.6829
6.4544
6.3357
6.2614
6.2083
6.1964
6.1743
6.1232
5.9180
5.6414
5.5327
5.5308
5.5348
5.5556
5.7669
6.3940
6.8340
6.6221
6.5000
7.3894
7.8178
7.3883
8.0861
9.0404
8.7749
8.5717
8.9866
9.6085
9.6263
9.4487
9.9143
10.0423
10.1204
10.1429
10.0611
10.0542
10.0835
10.1333
10.1969
10.3754
10.5912
10.5459
10.2864
10.1674
10.2653
10.1444
9.7238
9.5699
9.5836
9.8750
10.0056
9.9587
9.9703
9.9894
9.9121
9.8496
9.7023
9.5214
9.4858
9.4321
9.2161
9.0696
9.0472
8.8654
8.6427
8.5579
8.4562
8.3538
8.1861
8.0324
7.8842
7.7559
7.6057
7.3756
7.1639
6.8731
6.4607
6.0256
5.8686
5.4274
4.6978
4.1109
3.8562
3.9427
4.4831
4.7338
5.1043
5.2290
5.2574
5.3624
5.4222
5.4549
5.4954
5.4915
5.4429
5.3963
5.3454
5.3139
5.2653
5.1754
5.0886
4.9771
4.8515
4.7822
4.7891
4.8231
4.8991
4.9973
5.0623
5.0455
4.9833
4.8429
4.5579
4.1929
3.8700
3.9105
4.2681
4.4457
4.5908
4.7858
4.8248
4.8773
5.8143
7.4558
8.7781
9.4668
9.7508
10.1081
10.3191
10.2286
10.2839
10.5112
10.6947
10.8256
10.9603
10.9678
10.9353
10.8378
10.7810
10.6454
10.5649
10.4878
10.4464
10.3738
10.3221
10.2126
10.0829
9.9557
9.7910
9.7610
9.7732
9.7633
9.6793
9.6285
9.6374
9.7460
9.7277
9.6691
9.6688
9.6799
9.7480
9.7971
9.7766
9.6769
9.4775
9.3078
9.1948
9.0541
8.9369
8.8237
8.5828
8.1329
7.4891
6.9682
6.7425
5.9721
5.1718
4.7035
4.4234
4.3011
4.5641
4.6966
4.5266
4.5386
4.6442
4.6070
4.6033
4.6279
4.5639
4.5017
4.4272
4.3470
4.3061
4.3144
4.3948
4.4429
4.4058
4.2519
3.9787
3.6030
3.1916
2.8332
3.0530
3.2157
3.4696
3.6317
3.6660
3.5918
3.7555
4.2628
4.6662
4.8569
4.8302
4.5338
4.2123
4.1899
4.5426
5.6433
8.1745
9.2445
9.3147
9.2493
9.0396
9.1517
9.2951
9.4200
9.6892
9.8183
10.0173
10.1875
10.2754
10.1511
9.9329
9.8165
9.7884
9.7898
9.7345
9.7530
9.8552
9.9100
9.9708
9.9842
9.9522
9.8891
9.7980
9.7465
9.6357
9.5776
9.5070
9.3984
9.3353
9.2910
9.2722
9.3398
9.4830
9.5094
9.4884
9.4760
9.3987
9.3767
9.3394
9.2609
9.1700
9.0650
9.0408
9.0345
8.9527
8.6383
8.0796
7.5562
7.2885
6.1996
5.3776
4.9139
4.6694
4.9122
5.0363
4.8705
4.6205
4.4619
4.3853
4.2797
4.0999
3.9089
3.7506
3.6388
3.5762
3.5585
3.5593
3.5591
3.5447
3.5255
3.4153
3.2266
2.9410
2.5852
2.3183
2.3810
2.6517
3.0197
3.3780
3.4945
3.6256
3.8660
4.1675
4.3522
4.4613
4.5429
4.6636
4.6413
4.8618
5.6685
6.9652
8.0129
8.4261
8.6480
8.5305
8.5934
8.5720
8.6573
8.8977
8.9842
8.9811
9.0085
9.0818
9.1046
9.1683
9.2343
9.2434
9.2745
9.2561
9.2485
9.3904
9.4998
9.5148
9.5117
9.6444
9.6368
9.5840
9.4758
