0.6133
0.5808
0.5935
0.5912
0.5983
0.5950
0.5225
0.4319
0.3661
0.3318
0.3001
0.2801
0.2859
0.3046
0.3160
0.3427
0.3474
0.2917
0.4230
0.5407
0.6176
0.7514
1.0080
1.3714
1.7524
2.0795
2.4220
2.8402
3.2258
3.5409
3.8877
4.1964
4.4364
4.6075
4.7532
4.9100
5.0841
5.2574
5.4391
5.6198
5.8002
5.9751
6.1320
6.2595
6.3503
6.4441
6.5700
6.6989
6.8219
6.9333
7.0089
7.0217
7.0052
7.0384
7.0574
6.9755
6.8538
6.7304
6.4303
5.9266
5.4580
5.1829
4.8950
4.5294
4.2255
3.9047
3.5292
3.3637
3.1503
2.9699
2.7723
2.4867
2.2991
2.1546
2.0017
1.8738
1.7721
1.6916
1.5763
1.4441
1.3236
1.2222
1.1207
1.0109
0.9181
0.8516
0.8222
0.8051
0.7907
0.7926
0.8095
0.7984
0.7927
0.7652
0.7085
0.6666
0.5637
0.4265
0.3854
0.4267
0.5220
0.6418
0.7149
0.7314
0.7365
0.7610
0.8109
0.8721
0.9428
1.0023
1.0646
1.1185
1.0680
0.8413
0.6214
0.7080
0.8544
0.9518
1.1543
1.4985
1.9591
2.4889
2.8918
3.2963
3.5843
3.8513
4.0932
4.3037
4.5306
4.7438
4.9193
5.0666
5.2098
5.3584
5.5104
5.6529
5.7796
5.8991
6.0222
6.1525
6.2828
6.3938
6.4788
6.5467
6.6152
6.6824
6.7391
6.7732
6.7652
6.6949
6.5350
6.2229
5.9144
5.8848
6.0002
6.1654
6.3367
6.3676
6.2598
6.0349
5.1734
4.2196
3.6544
3.3385
3.0759
2.8220
2.6192
2.4190
2.3689
2.2881
2.1267
1.9977
1.9264
1.8363
1.7156
1.5763
1.3936
1.2672
1.2201
1.1669
1.0603
0.9087
0.7667
0.6559
0.5590
0.4744
0.4471
0.4468
0.4202
0.3648
0.3461
0.3553
0.3897
0.4034
0.4030
0.4015
0.4021
0.4703
0.5324
0.5236
0.4994
0.4697
0.4685
0.4868
0.4418
0.3625
0.2995
0.1524
-0.0732
-0.3859
-0.4948
-0.3959
-0.2927
-0.0147
0.3998
0.8680
1.3424
1.8885
2.3427
2.7198
3.1622
3.5648
3.8977
4.2334
4.4977
4.7345
4.9796
5.1977
5.3869
5.5729
5.7606
5.9378
6.0955
6.2291
6.3395
6.4310
6.4983
6.4671
6.1763
5.8868
5.7784
5.7820
5.8175
5.8717
5.9105
5.8246
5.6748
5.6218
5.6693
5.7308
5.7998
5.8840
6.1051
6.2872
5.9908
4.8554
4.1903
3.7124
3.2978
2.9612
2.6770
2.4172
2.1823
2.0472
1.9079
1.7631
1.6672
1.5973
1.4614
1.2813
1.1335
1.0281
0.9880
0.9348
0.8561
0.8151
0.8003
0.7585
0.6902
0.6304
0.5890
0.5412
0.4622
0.3629
0.2975
0.2351
0.1757
0.1133
0.0689
0.0392
0.0928
0.1662
0.1967
0.2083
0.2333
0.2042
0.1899
0.1575
0.0826
-0.0251
-0.1116
-0.1283
-0.1032
-0.1339
-0.2805
-0.4841
-0.4788
-0.4690
-0.4358
-0.2134
0.1031
0.4924
0.9893
1.4353
1.8281
2.2316
2.7074
3.2394
3.6619
4.0063
4.3949
4.7460
5.0409
5.3373
5.5846
5.7957
5.9959
6.1709
6.3107
6.4174
6.4910
6.5146
6.4511
6.3008
6.1243
5.8994
5.7329
5.7249
5.7445
5.7616
5.8491
5.9624
6.0676
6.1968
6.3530
6.4944
6.4992
6.2563
6.1233
5.7155
5.0672
4.5244
4.0123
3.5504
3.0814
2.6346
2.2925
2.0247
1.7618
1.4908
1.3133
1.2350
1.1193
1.0027
0.9131
0.8167
0.6967
0.5770
0.4993
0.4436
0.3530
0.2275
0.1053
0.0081
-0.1107
-0.2058
-0.3092
