-1.8674
-2.1527
-2.3820
-2.7123
-2.9683
-3.2673
-3.5386
-3.8426
-3.9674
-4.1091
-4.1429
-3.9108
-3.8067
-3.7816
-3.4863
-3.3306
-3.4445
-3.1139
-2.7032
-2.5344
-2.2085
-1.7633
-1.4165
-1.1662
-0.8534
-0.7442
-0.5419
-0.1619
0.4273
0.8048
1.1675
1.4353
1.6438
1.7953
1.8631
1.8481
1.9374
2.0994
2.1671
2.2261
2.2000
2.2306
2.3206
2.3822
2.3251
2.0670
1.6333
1.2694
0.9756
0.6566
0.3205
-0.2281
-0.8113
-0.7002
-0.3063
-0.8002
-1.7471
-2.1313
-2.6491
-3.8969
-4.5118
-4.5352
-4.5323
-4.5580
-4.6348
-4.3346
-4.2122
-4.1392
-3.7800
-3.4135
-3.2433
-3.1203
-3.1382
-3.1971
-3.2607
-3.3805
-3.5262
-3.6067
-3.5377
-3.3809
-3.2810
-3.2729
-3.0242
-2.5829
-2.2823
-2.1601
-2.2468
-2.1788
-2.0306
-1.9456
-1.8206
-1.6524
-1.4312
-1.0648
-0.6877
-0.3405
-0.0102
0.3052
0.5984
0.9315
1.4092
1.9997
2.3353
2.6602
2.8371
3.0416
3.2581
3.3982
3.5364
3.6645
3.7557
3.7610
3.7205
3.5123
3.3568
3.4262
3.3352
2.9254
2.5024
2.3600
2.5218
3.1516
3.4119
3.8290
4.0493
4.1873
4.3765
4.4057
4.3970
4.4216
4.4564
4.4171
4.2966
4.1453
4.0213
3.9053
3.7418
3.5719
3.3588
3.0573
2.7478
2.4983
2.2707
2.1100
2.0310
2.0127
1.9373
1.7645
1.4688
0.9258
0.2537
-0.6467
-1.4501
-1.7782
-1.4228
-0.6782
0.1034
0.2252
-0.3032
-1.3226
-3.1494
-4.2604
-4.7836
-4.8705
-4.8733
-4.9457
-4.8077
-4.9030
-5.0020
-5.0965
-4.9956
-4.7871
-4.5469
-4.2813
-3.9929
-3.6601
-3.1294
-2.6631
-2.3558
-2.1471
-1.8962
-1.6299
-1.3198
-1.0304
-0.7694
-0.4266
-0.2054
-0.0729
0.1148
0.4254
0.7124
0.9946
1.1825
1.4046
1.6588
1.8592
2.1358
2.3528
2.5242
2.7092
2.8914
3.0114
3.1217
3.2474
3.4134
3.5627
3.7854
3.9233
4.0380
3.9528
3.9353
4.0900
3.8594
3.4276
3.1745
3.0203
3.0314
3.4260
3.6508
3.6013
3.7745
4.0128
4.0418
4.0554
4.1159
4.0597
3.9975
3.8540
3.6713
3.4933
3.3331
3.2523
3.1764
3.0673
2.8480
2.4721
1.8548
0.9049
-0.4127
-1.3993
-1.7443
-1.7436
-1.6378
-1.4743
-1.4146
-1.7957
-2.4679
-2.8718
-3.0024
-2.8796
-2.1601
-0.9693
0.1202
0.6223
-0.5174
-2.5952
-3.1609
-3.3951
-3.4415
-3.5172
-3.5577
-3.6103
-3.5901
-3.6796
-3.5728
-3.5294
-3.4660
-3.2801
-2.9871
-2.6687
-2.4690
-2.3916
-2.3380
-2.2588
-2.1811
-2.1525
-2.0856
-1.9379
-1.7033
-1.4847
-1.3917
-1.3144
-1.2156
-1.0429
-0.8991
-0.7961
-0.7079
-0.6724
-0.6143
-0.5376
-0.4882
-0.4422
-0.3200
-0.2368
-0.1634
-0.0104
0.1331
0.2701
0.4383
0.5849
0.6945
0.7533
0.8208
0.8855
0.9793
1.0554
1.3046
1.5320
1.5861
1.5820
1.5642
1.6407
1.9559
2.1713
2.2389
2.2156
2.2046
2.3284
2.4079
2.3649
2.3318
2.3354
2.2812
2.2442
2.2250
2.1769
2.1106
2.0742
1.9655
1.8000
1.5089
1.0729
0.4311
-0.3554
-1.0549
-1.7457
-2.3673
-2.7776
-2.8954
-2.9908
-3.1705
-3.3866
-3.5438
-3.7024
-3.8899
-4.0300
-3.7844
-3.0291
-2.4537
-3.1049
-3.9686
-4.3478
-4.4204
-4.3095
-4.3531
-4.2523
-4.0914
-4.0867
-3.9173
-3.6544
-3.5402
-3.4807
-3.3126
-3.1743
-3.0263
-2.8633
-2.7564
-2.6367
-2.5257
-2.5461
-2.5375
-2.3910
-2.1831
-2.0660
-1.8584
-1.6233
-1.3620
