6.0818
6.1570
6.4874
6.6361
6.8960
7.1048
7.2770
7.5232
7.6199
7.7036
7.8056
7.9107
8.0888
8.1412
8.3305
8.3943
8.3373
8.0766
7.8866
7.7349
7.2013
6.3893
5.7936
5.6390
6.1818
6.2959
6.1952
6.3007
6.4971
6.4525
6.5267
6.7177
6.8867
6.9841
6.9855
6.8610
6.6444
6.3446
6.0797
5.9317
5.8622
5.7937
5.7455
5.6962
5.6646
5.5453
5.3998
5.3851
5.4441
5.4957
5.5464
5.7624
6.3423
6.7980
6.6150
6.4506
7.1799
7.5217
6.8971
7.0851
7.8341
7.5121
7.2754
7.7450
8.4167
8.5951
8.4578
9.0089
9.3037
9.5274
9.6104
9.5650
9.5519
9.5632
9.5944
9.6202
9.7578
9.9582
9.9348
9.7149
9.6235
9.7295
9.6831
9.3745
9.2938
9.3370
9.6160
9.7655
9.7495
9.7787
9.8221
9.7733
9.7451
9.6437
9.4966
9.4797
9.4321
9.2110
9.0499
8.9991
8.7527
8.4082
8.2331
8.0269
7.8573
7.6001
7.3419
7.1143
6.9027
6.6647
6.3478
6.0972
5.7791
5.4226
5.0039
4.7646
4.2818
3.6757
3.2615
3.0497
3.0307
3.1883
3.2815
3.3752
3.3085
3.1790
3.0987
3.1608
3.2285
3.2633
3.2090
3.1802
3.2647
3.3749
3.4736
3.5316
3.5755
3.6243
3.6729
3.7670
3.9140
4.0858
4.2551
4.4215
4.5660
4.6450
4.6588
4.6605
4.6148
4.4629
4.1852
3.8155
3.6316
3.8801
4.2119
4.5405
4.7847
4.8195
4.8679
5.6618
6.7580
7.6749
8.1694
8.4473
8.8558
9.0567
9.0282
9.0399
9.2447
9.4023
9.6040
9.8597
9.9809
10.0624
10.0754
10.1407
10.1750
10.2238
10.2198
10.2234
10.1991
10.1926
10.1269
10.0301
9.9260
9.7817
9.7589
9.7729
9.7627
9.6700
9.6021
9.5859
9.6740
9.6257
9.5258
9.4884
9.4413
9.4598
9.4663
9.3937
9.2349
8.9863
8.7687
8.6022
8.3861
8.1960
7.9705
7.6336
7.0596
6.3610
5.7505
5.3604
4.5575
3.8729
3.4706
3.2318
3.0513
3.0155
2.9545
2.7424
2.5202
2.3380
2.2110
2.1782
2.1159
2.0852
2.0700
2.1788
2.3277
2.5178
2.7394
2.9558
3.1064
3.1626
3.1571
3.1175
3.0889
3.0607
2.8029
2.7135
2.7015
2.9996
3.2414
3.3565
3.3015
3.2984
3.4757
3.6778
3.8178
3.8779
3.9862
4.0992
4.1882
4.4998
5.6195
7.7516
8.6873
8.6740
8.5852
8.3273
8.4319
8.5653
8.7090
8.9633
9.1452
9.3749
9.5798
9.7378
9.7017
9.5677
9.5010
9.4917
9.5065
9.4688
9.5059
9.6173
9.6880
9.7807
9.8378
9.8408
9.7907
9.7094
9.6704
9.5791
9.5353
9.4736
9.3717
9.3111
9.2706
9.2566
9.3270
9.4727
9.5040
9.4855
9.4746
9.3987
9.3757
9.3355
9.2506
9.1514
9.0384
9.0093
8.9972
8.9088
8.5826
8.0104
7.4427
7.1257
5.9933
5.1396
4.6583
4.3716
4.5060
4.5442
4.3254
4.0546
3.8793
3.7161
3.5381
3.3491
3.1372
2.9348
2.8349
2.7844
2.7772
2.8159
2.8658
2.8745
2.9268
2.9025
2.8521
2.7383
2.5490
2.2909
2.1345
1.9960
1.8747
1.9225
1.9566
2.0493
2.2121
2.4288
2.5265
2.4889
2.3466
2.3469
2.6869
3.8028
5.1099
6.2348
6.9610
7.2178
7.4329
7.3619
7.4092
7.4429
7.6295
7.9036
8.0853
8.2040
8.2837
8.3883
8.4806
8.6013
8.7244
8.7887
8.8554
8.8726
8.8969
9.0387
9.1546
9.2095
9.2578
9.4205
9.4559
9.4456
9.3775
