-0.0000
-0.0011
-0.0011
0.0002
-0.0012
-0.0006
0.0010
0.0019
0.0033
0.0039
0.0032
0.0021
0.0015
0.0023
0.0041
0.0012
0.0044
0.0044
0.0039
0.0032
0.0051
0.0043
0.0031
0.0077
0.0131
0.0099
0.0103
0.0150
0.0183
0.0162
0.0207
0.0209
0.0173
0.0089
0.0015
0.0005
0.0084
0.0159
0.0225
0.0275
0.0274
0.0237
0.0150
0.0018
-0.0110
-0.0224
-0.0211
-0.0153
-0.0148
-0.0091
0.0138
0.0481
0.0284
-0.0240
-0.0201
0.0647
0.0401
-0.0224
0.0406
0.0640
0.0207
0.0080
0.0099
0.0103
0.0038
0.0038
0.0021
0.0081
0.0060
0.0008
-0.0016
-0.0041
-0.0044
-0.0032
-0.0035
-0.0037
-0.0041
-0.0029
0.0012
0.0034
0.0022
0.0008
0.0033
0.0036
0.0015
-0.0013
-0.0019
-0.0013
-0.0008
-0.0028
-0.0032
-0.0033
-0.0032
-0.0012
-0.0039
-0.0037
-0.0035
-0.0038
-0.0055
-0.0047
-0.0048
-0.0066
-0.0063
-0.0057
-0.0050
-0.0053
-0.0056
-0.0063
-0.0053
-0.0060
-0.0066
-0.0066
-0.0060
-0.0054
-0.0050
-0.0070
-0.0067
-0.0008
-0.0030
-0.0046
-0.0022
0.0076
0.0102
0.0125
0.0097
0.0084
0.0075
0.0056
0.0067
0.0082
0.0077
0.0066
0.0064
0.0079
0.0103
0.0121
0.0151
0.0173
0.0191
0.0234
0.0296
0.0328
0.0327
0.0277
0.0163
0.0060
0.0032
0.0136
0.0334
0.0687
0.1111
0.1375
0.1279
0.0950
0.0679
0.0445
0.0333
0.0321
0.0289
0.0361
0.0384
0.0136
0.0032
-0.0028
-0.0041
-0.0061
-0.0075
-0.0071
-0.0104
-0.0103
-0.0072
-0.0075
-0.0088
-0.0082
-0.0083
-0.0073
-0.0050
-0.0075
-0.0085
-0.0055
-0.0040
-0.0037
-0.0051
-0.0057
-0.0049
-0.0058
-0.0074
-0.0081
-0.0057
-0.0045
-0.0045
-0.0050
-0.0061
-0.0054
-0.0047
-0.0053
-0.0071
-0.0094
-0.0082
-0.0077
-0.0090
-0.0117
-0.0122
-0.0108
-0.0097
-0.0106
-0.0098
-0.0075
-0.0071
-0.0080
-0.0090
-0.0098
-0.0087
-0.0086
-0.0102
-0.0103
-0.0080
0.0026
0.0053
0.0019
0.0050
0.0076
0.0053
0.0081
0.0084
0.0072
0.0080
0.0076
0.0094
0.0097
0.0100
0.0088
0.0081
0.0119
0.0214
0.0379
0.0754
0.1329
0.1557
0.1203
0.1030
0.1044
0.1096
0.1119
0.1158
0.1196
0.1065
0.0783
0.0583
0.0513
0.0520
0.0496
0.0454
0.0402
0.0743
0.0322
0.0096
0.0043
0.0014
-0.0015
-0.0039
-0.0027
-0.0023
0.0026
-0.0001
-0.0038
-0.0039
-0.0041
-0.0044
-0.0038
-0.0047
-0.0048
-0.0048
-0.0049
-0.0056
-0.0055
-0.0039
-0.0026
-0.0027
-0.0022
-0.0044
-0.0054
-0.0030
-0.0018
-0.0030
-0.0050
-0.0044
-0.0060
-0.0060
-0.0082
-0.0084
-0.0090
-0.0080
-0.0078
-0.0067
-0.0045
-0.0065
-0.0058
-0.0053
-0.0068
-0.0065
-0.0074
-0.0078
-0.0067
-0.0048
-0.0050
-0.0053
-0.0035
-0.0024
-0.0031
-0.0027
-0.0023
0.0019
0.0036
0.0021
0.0008
0.0041
0.0106
0.0125
0.0128
0.0171
0.0211
0.0237
0.0276
0.0313
0.0343
0.0385
0.0436
0.0492
0.0596
0.0798
0.1121
0.1391
0.1362
0.1087
0.0690
0.0383
0.0251
0.0218
0.0221
0.0178
0.0192
0.0241
0.0258
0.0217
0.0125
0.0146
0.0423
0.0698
0.0838
0.0427
0.0221
0.0094
-0.0020
-0.0002
0.0028
0.0005
-0.0008
0.0014
0.0022
0.0006
-0.0006
-0.0006
0.0007
0.0010
0.0016
-0.0001
-0.0025
-0.0059
-0.0051
-0.0026
0.0016
-0.0003
-0.0019
-0.0012
0.0007
0.0024
