4.0270
3.7910
3.6100
3.6430
3.7000
3.8040
3.8420
3.8450
3.8490
3.8390
3.8340
3.8380
3.8090
3.6960
3.6720
3.6850
3.6460
3.5920
3.6760
3.7700
3.8700
4.0030
4.1500
4.3010
4.3930
4.5110
4.6280
4.6940
4.7540
4.8270
4.9240
4.9940
5.0900
5.1610
5.1610
5.1100
5.0370
5.0190
5.0770
5.0920
5.0110
4.9320
4.8630
4.9240
4.9390
4.9670
4.9810
4.9870
5.0450
5.0830
5.0620
5.0320
5.1170
5.1530
5.1800
5.2210
5.2390
5.2430
5.2990
5.2530
5.2420
5.3630
5.5130
5.4960
5.3790
5.2640
5.2820
5.3280
5.2020
5.0900
5.0290
4.9270
4.7930
4.5690
4.5170
4.5870
4.5400
4.4140
4.3600
4.0500
3.8970
3.8510
3.9820
3.9040
4.0530
4.0290
3.9560
3.9640
4.0280
4.1930
4.4930
4.6750
4.7560
4.8030
4.8590
4.9170
5.0190
5.1740
5.2190
5.2310
5.2610
5.1930
5.1260
5.0520
4.9620
4.8100
4.7240
4.6330
4.6950
4.7540
4.8340
4.9830
5.1230
4.8720
4.7840
4.5370
3.9860
3.8490
4.1510
4.2470
4.2210
4.3750
4.5630
4.5590
4.5920
4.4600
4.1690
3.8140
3.6270
3.5350
3.5460
3.7370
3.9750
4.2800
4.6320
4.9710
5.2550
5.4420
5.5470
5.7420
5.8320
5.8400
5.8250
5.7570
5.7220
5.6200
5.4850
5.4110
5.2950
5.2130
5.1580
5.0640
5.1480
5.0920
5.0260
4.9620
4.8690
4.8320
4.7470
4.7360
4.6140
4.4830
4.2960
4.2980
4.2090
4.1980
4.3140
4.2910
4.3200
4.3450
4.2840
4.1680
4.0370
3.9750
3.9710
3.9120
3.8460
3.8380
3.8400
3.7750
3.6170
3.5480
3.5100
3.3910
3.2990
3.2590
3.2210
3.2120
3.2180
3.1900
3.1320
3.0900
3.0630
3.0380
3.0450
3.0470
3.0740
3.1050
3.1520
3.1860
3.1970
3.2190
3.2140
3.2230
3.2610
3.3000
3.3380
3.3660
3.3720
3.3690
3.3080
3.2240
3.1900
3.1890
3.1710
3.1450
3.1260
3.1140
3.1140
3.1160
3.1150
3.1130
3.1060
3.1110
3.1030
3.1000
3.1180
3.1640
3.2420
3.3250
3.4220
3.5270
3.6610
3.7880
3.8990
3.9880
4.0760
4.1450
4.2080
4.2580
4.3010
4.3520
4.4100
4.4860
4.5810
4.6630
4.7480
4.8310
4.9270
5.0330
5.1280
5.2030
5.2580
5.2790
5.3170
5.3840
5.5350
5.4660
5.5510
5.5880
5.5910
5.5200
5.4490
5.4420
5.3960
5.3190
5.2900
5.2550
5.2370
5.2440
5.2180
5.2040
5.2280
5.2650
5.3460
5.4330
5.4790
5.4570
5.4880
5.5280
5.5750
5.6600
5.7800
5.8690
5.8500
5.8820
5.9340
5.9030
5.8510
5.7930
5.7090
5.7310
5.7770
5.7110
5.6570
5.6710
5.6600
5.6400
5.6620
5.6450
5.7780
5.9570
5.9910
5.9910
5.7510
5.3200
4.9560
4.4540
3.9300
3.6620
3.6860
3.6910
3.5560
3.6160
3.2150
3.2430
3.0490
3.5410
3.6960
3.9220
4.4340
4.7690
3.8330
2.4660
2.7040
3.1750
3.3660
3.0060
3.0210
3.0810
2.9950
2.8520
3.3380
4.9450
6.3100
6.8750
6.9860
7.1370
7.3630
7.3690
6.9950
6.6140
6.0060
5.7510
5.9650
6.3350
6.2390
6.0540
6.1770
6.4600
5.9230
5.3570
6.0330
5.5630
5.3210
4.8720
4.5140
4.2310
3.9400
3.9690
3.7610
3.7510
3.6760
3.5730
3.3930
3.4030
3.4240
3.4050
3.3380
3.3720
3.2960
3.4160
3.5660
3.9800
3.9580
3.5170
3.4220
