865.0400
841.6700
841.2700
847.3800
855.0700
867.9100
841.4100
836.8800
825.5300
839.2200
832.5900
821.5200
814.5000
808.7500
801.5900
840.3600
859.3400
873.5300
878.6700
869.6600
871.8200
881.5400
899.2700
901.0500
893.7400
878.2900
861.3400
851.9500
858.1100
855.5700
861.7700
866.7200
864.3500
854.7600
853.1800
850.7900
845.5400
841.8100
840.3800
816.8500
801.8700
797.8600
795.6700
787.1800
773.2600
761.6800
749.3200
741.8800
731.9100
724.3600
715.3000
707.3100
691.0100
687.6900
669.2500
655.5100
640.8400
636.1100
627.1600
620.3400
619.7600
608.3800
598.8000
593.9800
577.3100
582.0200
579.8400
573.9100
580.3600
586.9100
578.1000
571.2200
571.4100
576.6200
566.4800
570.5400
569.3000
588.9100
580.1700
578.3200
580.1500
589.7600
595.3500
598.9400
596.1800
604.6000
600.6000
579.1700
562.0500
547.1900
538.0100
539.4300
529.2500
518.3500
495.7400
480.4100
473.6600
468.7800
462.9500
460.4800
455.1700
450.6500
444.5600
438.6600
429.2000
412.2800
400.7900
392.3500
385.3500
385.3000
386.3000
415.9600
440.1600
448.8900
453.3400
443.6400
444.4500
452.3600
467.5700
480.0600
478.4300
480.9300
485.8300
483.0600
491.5900
498.5700
502.4700
509.7300
515.0000
520.0100
523.2400
527.3400
531.1400
530.8100
535.7800
522.6300
513.9200
512.8300
514.2500
519.2200
522.2100
523.5500
520.6600
529.1100
539.6400
546.6900
553.5800
554.1400
554.1400
560.6000
563.8800
576.1300
572.4300
570.8000
568.3800
558.7000
561.7700
559.7800
563.5100
582.1100
603.8200
610.2000
624.1400
625.6100
644.6300
678.1100
693.5400
725.3300
740.4100
748.8900
763.4000
777.0100
797.2200
812.5600
822.0800
837.5600
850.6400
863.7900
868.4300
884.0400
907.4400
916.2300
922.3900
899.7300
876.1500
867.8600
869.8700
878.5000
874.3200
864.5400
844.5500
834.9000
835.3600
836.4300
839.3200
855.1100
857.3700
856.0200
854.5300
853.4500
855.9600
859.1800
868.2400
870.1400
870.0500
871.8100
873.3700
907.9700
942.2500
953.9600
962.7600
962.3700
972.8900
990.0600
1015.8000
1031.5000
1036.4000
1041.1000
1046.8000
1039.2000
1043.0000
1046.8000
1049.6000
1051.5000
1051.5000
1051.1000
1050.3000
1053.8000
1056.4000
1058.1000
1061.2000
1033.5000
1009.6000
1000.0000
992.8800
993.0000
981.6200
964.6300
940.5200
923.1800
913.2700
899.6600
887.3600
880.2100
864.0400
850.5500
839.1200
829.2100
819.0000
807.0500
804.1000
791.9000
784.6800
788.9100
769.6900
789.8700
816.2500
820.6200
824.9600
827.8900
841.2500
850.3900
870.1700
891.1900
900.2200
910.1400
922.6400
916.1200
919.2700
925.0300
934.5300
941.5300
945.9300
942.7700
935.7700
939.8400
944.9400
944.1700
949.7500
917.1000
881.3000
864.5400
852.6600
856.3800
842.0600
825.6400
799.6900
780.2200
773.8400
767.0000
753.7100
763.5400
757.1500
749.6200
740.5900
737.4000
738.3100
735.3500
730.4600
719.5200
701.0600
681.4800
671.5800
689.9200
720.7200
735.2100
737.8800
734.5700
745.0900
744.6600
757.2900
765.0700
768.3100
757.8100
766.4900
737.4300
728.3800
706.5900
684.2800
685.9700
677.3200
681.9700
713.1800
737.8300
722.5400
707.6500
684.2400
640.8800
610.0000
589.5300
583.5400
578.1400
574.0300
580.7400
541.4100
520.2900
499.5300
475.8900
477.1200
490.1600
508.6100
520.4900
559.5700
576.9100
546.3700
501.9400
511.0400
518.2500
518.9600
521.3300
546.1300
593.7000
534.0100
571.6900
563.8900
586.3100
608.2400
676.9000
703.1600
699.3300
712.0100
735.8600
721.4300
723.8200
698.0900
703.9400
716.8100
733.2500
767.7600
774.2000
796.7000
788.6600
787.5700
790.3400
825.2800
839.1400
815.9900
