5.5906
5.2146
4.9286
4.9806
5.0709
5.2354
5.2962
5.3013
5.3079
5.2908
5.2830
5.2904
5.2444
5.0649
5.0258
5.0472
4.9852
4.8997
5.0333
5.1816
5.3400
5.5518
5.7852
6.0249
6.1707
6.3579
6.5436
6.6490
6.7431
6.8595
7.0127
7.1239
7.2763
7.3898
7.3897
7.3078
7.1932
7.1638
7.2560
7.2796
7.1505
7.0257
6.9166
7.0131
7.0362
7.0821
7.1042
7.1127
7.2045
7.2654
7.2326
7.1851
7.3198
7.3759
7.4193
7.4839
7.5136
7.5190
7.6087
7.5345
7.5172
7.7099
7.9472
7.9210
7.7347
7.5520
7.5816
7.6544
7.4542
7.2762
7.1800
7.0177
6.8055
6.4501
6.3669
6.4780
6.4040
6.2040
6.1184
5.6269
5.3833
5.3103
5.5188
5.3953
5.6311
5.5929
5.4765
5.4894
5.5919
5.8529
6.3291
6.6187
6.7464
6.8213
6.9098
7.0028
7.1643
7.4100
7.4815
7.5006
7.5474
7.4408
7.3340
7.2163
7.0731
6.8318
6.6962
6.5522
6.6493
6.7440
6.8706
7.1065
7.3296
6.9303
6.7916
6.3994
5.5250
5.3071
5.7869
5.9387
5.8970
6.1423
6.4409
6.4342
6.4863
6.2766
5.8149
5.2513
4.9552
4.8088
4.8263
5.1300
5.5079
5.9906
6.5494
7.0879
7.5390
7.8352
8.0021
8.3113
8.4532
8.4668
8.4423
8.3342
8.2790
8.1175
7.9040
7.7863
7.6012
7.4718
7.3849
7.2346
7.3691
7.2794
7.1756
7.0728
6.9265
6.8673
6.7316
6.7151
6.5205
6.3132
6.0172
6.0191
5.8785
5.8607
6.0460
6.0083
6.0540
6.0948
5.9981
5.8138
5.6059
5.5076
5.5011
5.4072
5.3026
5.2903
5.2935
5.1907
4.9398
4.8293
4.7687
4.5811
4.4344
4.3713
4.3107
4.2961
4.3068
4.2621
4.1696
4.1025
4.0594
4.0198
4.0321
4.0349
4.0776
4.1270
4.2012
4.2548
4.2732
4.3078
4.2991
4.3148
4.3742
4.4370
4.4958
4.5407
4.5497
4.5462
4.4487
4.3159
4.2624
4.2598
4.2320
4.1897
4.1602
4.1404
4.1418
4.1446
4.1426
4.1388
4.1283
4.1357
4.1231
4.1189
4.1471
4.2211
4.3449
4.4753
4.6293
4.7959
5.0090
5.2111
5.3865
5.5287
5.6681
5.7766
5.8763
5.9567
6.0248
6.1058
6.1981
6.3180
6.4694
6.5984
6.7345
6.8663
7.0183
7.1869
7.3366
7.4551
7.5426
7.5768
7.6371
7.7426
7.9834
7.8736
8.0085
8.0672
8.0723
7.9594
7.8470
7.8346
7.7618
7.6406
7.5932
7.5386
7.5102
7.5204
7.4803
7.4567
7.4955
7.5548
7.6831
7.8210
7.8933
7.8583
7.9080
7.9711
8.0468
8.1810
8.3713
8.5123
8.4826
8.5335
8.6155
8.5669
8.4834
8.3917
8.2590
8.2935
8.3663
8.2625
8.1755
8.1992
8.1810
8.1494
8.1836
8.1575
8.3682
8.6527
8.7061
8.7056
8.3249
7.6410
7.0641
6.2681
5.4353
5.0112
5.0489
5.0561
4.8424
4.9381
4.3015
4.3454
4.0384
4.8190
5.0646
5.4228
6.2354
6.7670
5.2823
3.1127
3.4900
4.2378
4.5407
3.9691
3.9930
4.0887
3.9520
3.7259
4.4958
7.0462
9.2117
10.1084
10.2857
10.5252
10.8841
10.8934
10.3001
9.6945
8.7307
8.3250
8.6656
9.2528
9.0999
8.8068
9.0011
9.4500
8.5987
7.6995
8.7723
8.0266
7.6433
6.9308
6.3618
5.9135
5.4513
5.4972
5.1681
5.1513
5.0321
4.8693
4.5840
4.5995
4.6331
4.6026
4.4959
4.5508
4.4300
4.6207
4.8590
5.5150
5.4806
4.7805
4.6298
