-8.8146
-8.8101
-8.7541
-8.6812
-8.6217
-8.5689
-8.5205
-8.4837
-8.4596
-8.4449
-8.4328
-8.4183
-8.4027
-8.3880
-8.3771
-8.3752
-8.3794
-8.3616
-8.3499
-8.3300
-8.3231
-8.3149
-8.3112
-8.3174
-8.3211
-8.3210
-8.3185
-8.3095
-8.3091
-8.3108
-8.3322
-8.3507
-8.3546
-8.3529
-8.3439
-8.3209
-8.2753
-8.2358
-8.2018
-8.1544
-8.0743
-8.0030
-7.9637
-7.9427
-7.9065
-7.8791
-7.8419
-7.8087
-7.7822
-7.7541
-7.7522
-7.7570
-7.7560
-7.7585
-7.7315
-7.7186
-7.7162
-7.7474
-7.7824
-7.8101
-7.8176
-7.8167
-7.8026
-7.7877
-7.7770
-7.7855
-7.7894
-7.7599
-7.7660
-7.7266
-7.6729
-7.6439
-7.6034
-7.5862
-7.5818
-7.5649
-7.5417
-7.5277
-7.4822
-7.4463
-7.4091
-7.3830
-7.3425
-7.2695
-7.1810
-7.1404
-7.0906
-7.0549
-7.0125
-6.9243
-6.8299
-6.7366
-6.6829
-6.6523
-6.5730
-6.4498
-6.3274
-6.2397
-6.1859
-6.1385
-6.0668
-6.0458
-6.0732
-6.0703
-5.9321
-5.7379
-5.5879
-5.5867
-5.5231
-5.4154
-5.4363
-5.3842
-5.2752
-5.4157
-5.3993
-5.3759
-5.3167
-5.0554
-4.6045
-4.2551
-3.8588
-3.3520
-3.0259
-2.7393
-2.3665
-2.0720
-1.8910
-1.8026
-1.6199
-1.4751
-1.3339
-1.2897
-1.3845
-1.6009
-1.9881
-2.4464
-2.7680
-2.9420
-3.0925
-3.2869
-3.5960
-3.9992
-4.4218
-4.9157
-5.5161
-6.1067
-6.5489
-6.7494
-6.8856
-7.0738
-7.2937
-7.4351
-7.5730
-7.7049
-7.8208
-7.9018
-7.9710
-8.0407
-8.1196
-8.2026
-8.2772
-8.3336
-8.3744
-8.4532
-8.4686
-8.5064
-8.5426
-8.5820
-8.6164
-8.6495
-8.6726
-8.6827
-8.6725
-8.6445
-8.6199
-8.6154
-8.6239
-8.6415
-8.6662
-8.6925
-8.7135
-8.7310
-8.7483
-8.7646
-8.7798
-8.7963
-8.8124
-8.8279
-8.8415
-8.8532
-8.8628
-8.8698
-8.8767
-8.8828
-8.8876
-8.8925
-8.8965
-8.8998
-8.9039
-8.9081
-8.9110
-8.9122
-8.9129
-8.9119
-8.9111
-8.9096
-8.9042
-8.8948
-8.8811
-8.8682
-8.8503
-8.7945
-8.7327
-8.6606
-8.5788
-8.5124
-8.4494
-8.3846
-8.3160
-8.2403
-8.1576
-8.0689
-7.9616
-7.8393
-7.7124
-7.5870
-7.4690
-7.3620
-7.2811
-7.2222
-7.1754
-7.1426
-7.1273
-7.1157
-7.1114
-7.1206
-7.1307
-7.1240
-7.1011
-7.0664
-7.0200
-6.9625
-6.9153
-6.8742
-6.8527
-6.8509
-6.8271
-6.8086
-6.7967
-6.7895
-6.8081
-6.8541
-6.9322
-7.0229
-7.1174
-7.2506
-7.3895
-7.4257
-7.5153
-7.5801
-7.6466
-7.7351
-7.8702
-8.0359
-8.1784
-8.2874
-8.3806
-8.4496
-8.5005
-8.5420
-8.5647
-8.5728
-8.5543
-8.5137
-8.4845
-8.4714
-8.4623
-8.4582
-8.4404
-8.4048
-8.3713
-8.3378
-8.3391
-8.3319
-8.3027
-8.3050
-8.3302
-8.3410
-8.3120
-8.2523
-8.1679
-8.0841
-8.0099
-7.9449
-7.9063
-7.9043
-7.9375
-7.9489
-7.9056
-7.8533
-7.8121
-7.7871
-7.7684
-7.8732
-8.0785
-8.2714
-8.3744
-8.4102
-8.2004
-7.8797
-7.4572
-7.0408
-6.6188
-6.0743
-5.5144
-5.0610
-4.8379
-4.5454
-4.1435
-3.7435
-3.1699
-2.8081
-2.7360
-2.6894
-2.6572
-2.2248
-1.6430
-1.1806
-0.8327
-0.5157
-0.2631
-0.1479
-1.0225
-3.3744
-4.6699
-5.1762
-5.3529
-5.7487
-6.4396
-6.6401
-6.7637
-6.7903
-6.8842
-6.9345
-6.8738
-6.8762
-6.8813
-6.8884
-6.9193
-6.9459
-6.9685
-6.8887
-6.8106
-6.7466
-6.7772
-6.8207
-6.8795
-6.9368
-6.9434
-6.9779
-7.0276
-7.1104
-7.1488
-7.2412
-7.3049
-7.4296
-7.5272
-7.5961
-7.6767
-7.7781
-7.8408
-7.8595
-7.8692
-7.8664
-7.8828
-7.9152
-7.9395
