-5.2028
-4.8574
-4.5998
-4.6785
-4.7893
-4.9522
-5.0146
-5.0289
-5.0568
-5.0420
-5.0215
-5.0336
-5.0152
-4.8976
-4.9222
-4.9901
-4.9710
-4.8949
-4.9888
-5.0986
-5.2370
-5.4397
-5.6326
-5.8322
-6.0452
-6.2717
-6.4686
-6.5864
-6.6784
-6.7744
-6.9317
-7.0476
-7.2293
-7.3636
-7.3678
-7.2829
-7.1848
-7.1638
-7.2478
-7.2667
-7.1397
-7.0226
-6.9164
-7.0130
-7.0360
-7.0813
-7.1004
-7.1087
-7.2014
-7.2557
-7.2208
-7.1802
-7.3178
-7.3750
-7.4183
-7.4785
-7.5001
-7.5039
-7.5984
-7.5343
-7.5113
-7.6923
-7.9124
-7.8475
-7.6138
-7.2836
-7.2153
-7.1771
-6.8585
-6.4439
-6.1753
-5.7656
-5.3375
-4.8650
-4.8049
-4.7503
-4.4544
-3.8022
-3.7641
-3.4540
-2.9717
-2.5430
-2.4666
-2.5169
-2.6876
-2.3812
-2.1838
-1.7941
-1.3097
-1.1675
-0.9115
-0.5414
-0.0377
0.4331
0.7805
1.2596
1.5836
1.8245
2.0660
2.4850
2.9734
3.4102
3.8688
4.2001
4.4483
4.8492
5.0410
5.1386
5.5323
5.7562
5.9409
6.2549
6.5746
6.2856
6.4287
6.3136
5.5250
5.2361
5.5558
5.5209
5.2597
5.1949
5.1284
4.8228
4.6268
4.2058
3.8414
3.4618
3.2125
3.0624
3.0070
2.9780
2.5840
1.9782
1.1150
0.4383
0.2032
0.1554
0.1295
-0.0276
-0.2774
-0.7018
-1.2166
-1.8188
-2.5349
-3.1216
-3.4757
-3.5826
-3.6269
-3.7931
-4.0632
-4.1570
-4.4638
-4.5916
-4.7389
-4.9545
-5.0124
-4.9787
-5.0107
-5.1914
-5.2755
-5.1780
-5.0627
-5.0717
-4.9235
-4.9117
-4.8304
-4.7500
-4.7319
-4.7542
-4.7099
-4.6224
-4.6111
-4.6112
-4.6477
-4.6742
-4.6461
-4.6307
-4.5563
-4.4885
-4.3708
-4.3038
-4.2331
-4.1425
-4.0303
-3.9154
-3.8594
-3.8476
-3.8700
-3.8579
-3.8146
-3.7999
-3.7826
-3.7413
-3.7542
-3.7999
-3.8747
-3.9552
-4.0296
-4.0621
-4.0517
-4.0719
-4.1053
-4.1707
-4.2544
-4.3381
-4.4057
-4.4688
-4.5016
-4.5130
-4.4270
-4.2996
-4.2460
-4.2457
-4.2261
-4.1896
-4.1566
-4.1287
-4.1206
-4.1092
-4.0911
-4.0680
-4.0444
-4.0480
-4.0465
-4.0658
-4.1193
-4.2118
-4.3444
-4.4735
-4.6214
-4.7746
-4.9736
-5.1700
-5.3493
-5.4998
-5.6495
-5.7648
-5.8696
-5.9544
-6.0245
-6.1057
-6.1968
-6.3132
-6.4571
-6.5755
-6.6959
-6.8119
-6.9437
-7.0830
-7.1842
-7.2673
-7.3098
-7.2683
-7.3280
-7.3631
-7.4472
-7.2308
-7.2200
-7.0284
-6.8096
-6.6030
-6.3860
-6.1137
-5.8974
-5.7022
-5.4926
-5.2933
-5.1279
-4.9729
-4.8508
-4.7560
-4.6739
-4.6708
-4.5962
-4.3896
-4.2210
-4.0490
-3.8061
-3.6106
-3.4738
-3.3747
-3.3266
-3.2117
-3.1580
-3.0484
-2.9332
-2.8704
-2.8843
-2.9448
-3.1794
-3.4630
-3.7018
-3.8415
-3.9576
-3.9945
-3.9608
-3.9524
-4.0350
-4.1643
-4.2625
-4.4407
-4.5607
-4.6190
-4.3805
-4.0943
-3.8284
-3.0232
-2.5409
-2.5016
-2.3298
-2.2341
-1.6873
-1.5184
-1.3304
-1.8192
-2.3821
-2.6058
-2.6240
-2.3638
-1.2434
-1.1218
-0.4087
-1.2540
-0.8240
0.1836
0.2572
-0.0174
-0.2681
-0.8440
-1.6111
-2.4686
-4.4945
-6.4155
-8.6236
-9.5810
-9.9014
-10.1896
-10.6364
-10.8088
-10.2806
-9.6910
-8.7275
-8.2959
-8.5782
-9.1723
-8.9843
-8.5329
-8.5923
-8.9223
-7.8237
-7.0609
-8.0830
-7.4450
-6.8347
-6.2364
-5.7422
-4.8676
-4.3850
-4.2490
-3.9264
-3.6194
-3.9306
-3.9538
-4.2445
-4.4583
-4.6063
-4.6018
-4.4958
-4.5494
-4.4297
-4.5741
-4.6943
-5.1173
-5.1253
-4.5511
-4.3615
