2.0459
1.8968
1.7700
1.7083
1.6663
1.6985
1.7041
1.6776
1.6133
1.6032
1.6413
1.6283
1.5334
1.2909
1.0148
0.7572
0.3768
-0.2160
-0.6675
-0.9242
-1.0437
-1.1098
-1.3200
-1.5117
-1.2386
-1.0437
-0.9878
-0.9103
-0.9317
-1.0770
-1.0633
-1.0399
-0.8251
-0.6210
-0.5680
-0.6021
-0.3473
-0.0196
0.3441
0.4339
0.3913
0.2085
0.0458
0.0406
-0.0538
-0.1076
-0.2315
-0.2375
-0.2117
-0.3751
-0.4145
-0.2647
-0.1714
-0.1148
-0.1202
-0.2848
-0.4499
-0.4764
-0.3942
-0.0503
0.2967
0.5206
0.7425
1.0764
1.3620
1.9954
2.3282
2.6608
2.9199
3.3791
3.6629
4.0007
4.2222
4.2350
4.1774
4.4044
4.6010
4.9023
4.8236
4.4420
4.4888
4.6618
4.9370
4.7723
4.9483
5.0607
5.0222
5.1879
5.4364
5.7353
6.2631
6.5965
6.7463
6.8075
6.8656
6.8886
6.9871
7.1819
7.1906
7.0770
6.9370
6.6134
6.2306
5.8680
5.4992
4.8124
4.4076
4.0653
3.6887
3.5139
3.4512
3.3732
3.2400
2.9191
2.1905
1.0447
-0.0038
-0.8654
-1.6190
-2.1882
-2.6665
-3.2774
-3.8967
-4.2590
-4.5459
-4.6591
-4.3655
-3.9487
-3.7728
-3.7075
-3.7751
-4.1771
-4.8641
-5.6546
-6.4537
-7.0744
-7.5363
-7.8337
-8.0011
-8.3113
-8.4487
-8.4377
-8.3542
-8.1334
-7.8814
-7.4933
-7.0988
-6.9132
-6.6801
-6.4374
-6.1666
-5.9210
-5.8633
-5.6486
-5.3882
-5.0476
-4.7804
-4.7300
-4.4952
-4.2593
-3.8322
-3.6119
-3.2521
-3.2415
-3.2119
-3.1974
-3.6361
-3.6793
-3.7763
-3.8137
-3.7140
-3.5261
-3.1879
-3.0116
-2.9429
-2.7185
-2.5555
-2.5580
-2.6946
-2.6070
-2.3016
-2.1907
-2.1957
-1.9561
-1.8495
-1.9437
-1.9203
-1.9112
-1.8899
-1.8117
-1.6836
-1.5464
-1.4733
-1.4703
-1.4711
-1.3568
-1.2704
-1.1782
-1.1885
-1.2658
-1.3581
-1.4060
-1.2764
-1.1058
-1.0164
-0.9318
-0.8954
-0.8053
-0.6601
-0.5481
-0.4391
-0.3748
-0.3741
-0.3466
-0.2224
-0.0291
0.1717
0.3107
0.4186
0.5402
0.6509
0.7623
0.8283
0.8468
0.7909
0.6591
0.4789
0.2797
0.0671
-0.1285
-0.2704
-0.4522
-0.5945
-0.6537
-0.6323
-0.5652
-0.4592
-0.3695
-0.2812
-0.1664
-0.0634
0.0403
0.1241
0.2444
0.3984
0.5498
0.7196
0.8625
1.0200
1.2176
1.4878
1.6628
1.8594
2.1400
2.1511
2.3942
2.8765
3.1161
3.4653
3.9601
4.3349
4.4443
4.5600
4.8992
5.0464
5.0856
5.2430
5.3677
5.4870
5.6415
5.6943
5.7431
5.8598
5.9379
6.1567
6.4729
6.6699
6.7349
6.9319
7.1065
7.2583
7.4525
7.6819
7.8832
7.8728
7.9704
8.1008
8.0717
7.9780
7.8580
7.6225
7.5359
7.5028
7.3152
7.1537
7.1603
7.1583
7.1268
7.1197
7.0145
7.2012
7.4262
7.4159
7.3792
7.0792
6.4515
5.9367
5.4909
4.8048
4.3421
4.4792
4.5358
4.5389
4.6988
4.0905
3.9463
3.2610
4.0538
4.3318
4.8805
6.1101
6.6733
5.2665
2.8489
3.3913
4.2338
4.5334
3.9690
3.9840
4.0006
3.6087
2.7907
-0.1076
-2.9136
-3.2387
-3.2225
-2.7853
-2.6366
-2.3090
-1.3551
-0.6336
-0.2618
0.2363
0.6961
1.2278
1.2179
1.4460
2.1791
2.6820
3.1136
3.5677
3.0701
3.4086
2.9996
3.4216
3.0238
2.7385
3.3581
3.2386
3.4879
3.3605
3.6655
3.1420
2.8422
1.7311
1.1307
0.4980
-0.0862
-0.0300
0.1154
0.0583
-0.6545
-1.2544
-2.0562
-1.9413
-1.4631
-1.5534
