5.1760
5.4210
5.7470
6.0730
6.3450
6.6080
6.8000
7.0190
7.2260
7.3590
7.5120
7.6460
7.7690
7.8620
7.8920
7.9010
7.8130
7.6780
7.3790
7.0640
6.7990
6.6470
6.1540
5.4320
5.0740
5.1090
5.3360
5.2720
5.1520
5.1240
5.3280
5.4690
5.4650
5.4230
5.4480
5.5460
5.5740
5.5340
5.4630
5.3640
5.2630
5.1650
5.0730
4.9850
4.9260
4.8970
4.8760
4.8910
4.9040
4.9190
4.9430
4.9600
4.9550
4.9390
4.9020
4.8490
4.7780
4.6700
4.5000
4.3120
4.4240
5.3010
6.5420
6.4230
6.6210
6.7650
6.9780
7.0790
7.0140
7.0210
7.0360
7.1220
7.1580
7.2050
7.2890
7.2800
7.3000
7.3730
7.4240
7.4310
7.4150
7.3900
7.3710
7.3690
7.4300
7.5010
7.4990
7.4790
7.4700
7.4710
7.5120
7.5550
7.5880
7.5880
7.5650
7.5470
7.5370
7.5370
7.5320
7.5200
7.4990
7.4810
7.4770
7.4800
7.4790
7.4740
7.4580
7.4230
7.3670
7.3540
7.3840
7.3950
7.2840
7.0610
6.7170
6.2420
6.1540
5.9090
5.2630
4.8840
4.6230
4.4460
4.3920
4.6710
4.7360
4.6390
4.5240
4.4760
4.5290
4.5160
4.4520
4.4150
4.4420
4.5260
4.6390
4.7390
4.7950
4.8190
4.8660
4.9560
5.1030
5.2830
5.4730
5.6670
5.8360
5.9390
6.0210
6.1160
6.2130
6.3090
6.3690
6.4500
6.5600
6.5900
6.5740
6.6200
6.7180
6.7650
6.8270
7.0190
7.5110
7.7860
8.1280
8.0740
7.9720
8.0190
8.0080
8.0610
8.1290
8.2540
8.3770
8.4920
8.5860
8.5740
8.4620
8.3300
8.2400
8.1340
8.0750
8.0890
8.1910
8.3090
8.3210
8.2310
8.1410
8.0750
8.0300
8.0120
7.9930
7.9320
7.8600
7.7880
7.7360
7.7240
7.7360
7.7500
7.7400
7.7070
7.6830
7.6720
7.7150
7.7530
7.7320
7.7170
7.7410
7.8180
7.8790
7.9180
7.8960
7.8060
7.7400
7.5210
7.0190
6.7920
6.6690
6.6680
6.6830
6.8250
6.8950
7.0080
6.8210
6.8280
6.7760
6.6940
6.6810
6.6460
6.7180
6.6590
6.3980
6.0690
5.9590
6.0440
6.0520
5.0220
3.4590
2.9020
2.8140
2.5240
3.0840
5.0750
7.4020
8.0510
8.0400
7.9250
8.2190
8.8580
9.0280
8.5210
8.2970
8.4940
8.1870
7.9790
8.0150
7.4110
7.2740
7.5860
7.2270
7.4650
8.0050
8.1380
8.2970
8.6080
8.7880
8.2420
8.3920
8.4590
8.3190
7.7660
6.6610
6.9860
6.4980
5.9830
5.9620
6.1430
5.5540
5.7810
5.8420
5.8160
5.6560
5.8370
6.3030
6.5230
6.6630
6.8710
7.2200
7.5320
7.8060
7.7920
7.9490
7.9160
7.9290
8.0450
8.0210
8.1160
8.1630
8.0440
8.0110
7.9820
7.9770
7.8950
7.7140
7.6250
7.5980
7.3880
7.1490
6.9270
6.8950
7.0160
7.1260
7.0460
6.6480
5.9600
5.8520
5.9980
6.0090
5.9400
6.0220
6.2110
6.3020
6.4400
6.4930
6.5380
6.7880
6.9320
7.0110
6.9680
6.8480
6.7440
6.6530
6.5630
6.4580
6.3720
6.2700
6.0690
5.8010
5.5010
5.1730
4.9020
4.6920
4.5460
4.4110
4.2630
4.0310
3.9150
4.0350
4.2340
4.3520
4.3490
4.3150
4.2770
4.2200
4.0280
3.8030
3.6440
3.5690
3.4470
3.3490
3.3010
3.2190
3.1090
2.9240
2.6440
2.5380
2.4660
2.4080
2.3140
2.3470
2.3780
2.3810
2.3640
2.3370
2.3570
2.4220
2.5080
2.5890
2.6420
2.6950
