1233.5000
1223.1000
1214.7000
1248.2000
1251.1000
1245.0000
1252.1000
1237.8000
1236.9000
1233.9000
1239.5000
1244.0000
1230.3000
1220.7000
1214.3000
1249.1000
1277.5000
1289.4000
1292.7000
1286.2000
1292.3000
1307.7000
1320.6000
1327.1000
1329.1000
1320.0000
1318.6000
1310.6000
1309.8000
1311.8000
1312.6000
1302.8000
1296.6000
1286.8000
1279.2000
1275.8000
1271.1000
1261.8000
1253.3000
1228.0000
1204.1000
1190.8000
1178.6000
1170.1000
1156.2000
1143.0000
1123.4000
1106.8000
1098.5000
1089.7000
1080.4000
1085.0000
1082.4000
1071.9000
1063.5000
1054.0000
1049.2000
1045.4000
1044.6000
1041.7000
1038.0000
1043.9000
1045.3000
1049.4000
1055.7000
1062.9000
1071.9000
1078.4000
1088.2000
1092.9000
1097.0000
1102.5000
1108.4000
1112.7000
1117.9000
1131.4000
1147.6000
1157.9000
1165.4000
1175.4000
1184.8000
1200.9000
1216.7000
1228.2000
1235.0000
1240.7000
1249.5000
1221.2000
1197.5000
1190.1000
1188.4000
1195.7000
1190.7000
1177.5000
1157.2000
1142.6000
1141.8000
1139.9000
1138.2000
1144.2000
1139.7000
1132.9000
1128.3000
1124.7000
1124.2000
1120.6000
1120.9000
1117.3000
1116.2000
1117.3000
1117.0000
1144.0000
1166.9000
1172.7000
1175.1000
1170.4000
1174.7000
1182.0000
1193.6000
1199.9000
1196.3000
1195.7000
1196.5000
1187.6000
1188.9000
1190.0000
1189.9000
1189.3000
1189.4000
1190.9000
1190.0000
1192.4000
1193.6000
1189.4000
1186.2000
1166.8000
1150.1000
1141.9000
1134.4000
1129.9000
1116.9000
1104.0000
1087.3000
1073.4000
1065.8000
1057.0000
1046.6000
1030.7000
1009.1000
992.3600
978.5600
971.8000
964.1800
951.0000
941.0800
931.4400
923.7100
920.7100
918.5100
937.8800
953.8500
962.7700
969.9200
968.7900
977.7800
988.9800
1001.4000
1009.1000
1011.1000
1015.2000
1014.5000
1014.5000
1016.4000
1022.3000
1028.6000
1035.5000
1033.1000
1040.5000
1041.6000
1044.6000
1047.2000
1053.2000
1060.3000
1021.0000
989.4300
974.8700
964.0600
971.1800
959.9400
940.3600
908.3100
885.7500
877.8400
871.9600
858.0300
864.7900
858.6100
850.4000
842.9300
837.6700
833.8500
833.2900
832.0800
827.0100
819.4800
819.6500
817.0000
837.1200
862.1800
870.1900
862.0600
841.8800
839.3100
837.5300
848.9500
850.6800
849.7100
842.2900
828.3700
798.5400
778.4100
767.4500
776.6500
770.7800
745.4900
747.0100
705.9300
699.1400
719.0100
714.5000
705.4000
680.1900
642.8700
614.5900
595.8100
575.0600
531.2400
482.2400
436.5200
349.7900
286.0000
290.2600
296.8700
302.7400
279.1000
220.3700
183.5300
176.1900
169.4400
120.4000
109.5100
82.1840
115.4000
114.0800
114.5300
157.3800
154.2800
179.8000
192.4000
206.7300
264.0200
315.5800
268.7100
243.8300
282.3200
259.2200
242.7500
239.3000
195.2700
184.0000
164.2700
189.2800
200.1400
208.4200
220.0500
199.2700
206.6400
203.2600
209.8200
185.4300
149.2000
154.2600
160.1500
184.6400
199.5100
190.8700
173.6000
168.6700
176.9700
198.1200
217.9800
257.5000
281.7700
299.7100
320.3000
339.5000
359.0300
387.8100
420.5400
445.0400
466.9100
494.6300
524.9700
580.1100
635.0600
673.0900
694.3600
704.7600
730.0200
761.9300
796.0900
821.0500
832.5800
846.8100
865.6600
865.3400
874.2000
889.4200
903.9500
915.1100
924.1500
929.5300
940.2900
953.3800
969.6400
980.8500
994.6900
983.2300
970.6500
967.7200
972.8300
985.9800
990.0600
986.8400
977.8900
974.2000
980.9300
987.9100
991.4600
1013.6000
1024.7000
1031.8000
1037.7000
1043.0000
1058.3000
1070.3000
1085.1000
1093.7000
1097.0000
1107.2000
1116.3000
1147.0000
1177.1000
1198.8000
1214.3000
1222.5000
1238.9000
1263.4000
1286.8000
1308.8000
1323.1000
1335.0000
1345.8000
1344.0000
1348.4000
1367.9000
1382.6000
1399.2000
1413.6000
1429.1000
1438.0000
1448.8000
1461.9000
1472.8000
1485.0000
1464.5000
1444.2000
