7.4130
7.8012
8.3189
8.8371
9.2674
9.6847
9.9895
10.3373
10.6658
10.8770
11.1200
11.3318
11.5274
11.6746
11.7227
11.7366
11.5971
11.3830
10.9088
10.4085
9.9880
9.7470
8.9649
7.8188
7.2505
7.3067
7.6663
7.5657
7.3745
7.3304
7.6540
7.8773
7.8710
7.8056
7.8453
7.9997
8.0438
7.9815
7.8687
7.7115
7.5515
7.3961
7.2496
7.1102
7.0168
6.9703
6.9376
6.9605
6.9818
7.0052
7.0430
7.0702
7.0630
7.0365
6.9787
6.8941
6.7809
6.6096
6.3400
6.0420
6.2194
7.6116
9.5812
9.3925
9.7067
9.9348
10.2717
10.4330
10.3300
10.3413
10.3647
10.5002
10.5583
10.6332
10.7654
10.7511
10.7828
10.8998
10.9806
10.9916
10.9653
10.9268
10.8963
10.8924
10.9889
11.1031
11.0991
11.0679
11.0533
11.0547
11.1193
11.1882
11.2405
11.2400
11.2033
11.1759
11.1592
11.1589
11.1511
11.1327
11.0998
11.0702
11.0648
11.0693
11.0668
11.0595
11.0345
10.9783
10.8901
10.8698
10.9173
10.9346
10.7580
10.4034
9.8585
9.1041
8.9655
8.5767
7.5517
6.9495
6.5354
6.2540
6.1694
6.6114
6.7141
6.5603
6.3782
6.3028
6.3856
6.3651
6.2642
6.2052
6.2485
6.3818
6.5616
6.7200
6.8085
6.8469
6.9213
7.0633
7.2968
7.5826
7.8837
8.1928
8.4605
8.6234
8.7537
8.9054
9.0587
9.2105
9.3056
9.4339
9.6088
9.6571
9.6318
9.7047
9.8594
9.9343
10.0334
10.3373
11.1176
11.5539
12.0969
12.0110
11.8502
11.9242
11.9061
11.9906
12.0981
12.2966
12.4927
12.6751
12.8236
12.8046
12.6267
12.4171
12.2746
12.1072
12.0134
12.0357
12.1969
12.3837
12.4038
12.2601
12.1173
12.0135
11.9423
11.9131
11.8828
11.7856
11.6723
11.5578
11.4760
11.4566
11.4748
11.4982
11.4808
11.4298
11.3919
11.3730
11.4425
11.5026
11.4695
11.4452
11.4839
11.6049
11.7021
11.7636
11.7298
11.5865
11.4808
11.1343
10.3373
9.9781
9.7824
9.7813
9.8043
10.0298
10.1404
10.3197
10.0239
10.0340
9.9521
9.8219
9.8012
9.7449
9.8598
9.7656
9.3521
8.8297
8.6554
8.7901
8.8032
7.1683
4.6885
3.8044
3.6653
3.2049
4.0937
7.2529
10.9445
11.9754
11.9581
11.7747
12.2419
13.2563
13.5254
12.7202
12.3655
12.6774
12.1908
11.8616
11.9172
10.9588
10.7425
11.2372
10.6683
11.0453
11.9023
12.1132
12.3656
12.8586
13.1446
12.2784
12.5169
12.6226
12.4002
11.5234
9.7695
10.2857
9.5110
8.6937
8.6596
8.9479
8.0130
8.3735
8.4696
8.4293
8.1746
8.4625
9.2020
9.5503
9.7725
10.1022
10.6563
11.1515
11.5862
11.5643
11.8129
11.7611
11.7813
11.9657
11.9267
12.0788
12.1523
11.9635
11.9111
11.8660
11.8577
11.7269
11.4400
11.2994
11.2556
10.9234
10.5442
10.1917
10.1402
10.3321
10.5072
10.3803
9.7482
8.6570
8.4865
8.7174
8.7351
8.6258
8.7556
9.0547
9.1998
9.4186
9.5023
9.5736
9.9713
10.1997
10.3254
10.2562
10.0655
9.9005
9.7574
9.6136
9.4468
9.3104
9.1495
8.8303
8.4051
7.9281
7.4086
6.9779
6.6456
6.4139
6.1993
5.9640
5.5960
5.4113
5.6033
5.9187
6.1054
6.1002
6.0462
5.9872
5.8968
5.5909
5.2336
4.9827
4.8635
4.6701
4.5144
4.4380
4.3078
4.1336
3.8397
3.3952
3.2278
3.1125
3.0215
2.8711
2.9247
2.9725
2.9774
2.9505
2.9074
2.9395
3.0437
3.1787
3.3083
3.3923
3.4760
