-9.3381
-9.3123
-9.2750
-9.2373
-9.2210
-9.1950
-9.2119
-9.2693
-9.2419
-9.2327
-9.2494
-9.3007
-9.3570
-9.4328
-9.5196
-9.7064
-10.0273
-10.3768
-10.6948
-10.8648
-10.7258
-10.6049
-10.6506
-10.4997
-10.1349
-9.6008
-9.0563
-8.5975
-8.1613
-7.7262
-7.2184
-6.7724
-6.4129
-6.0446
-5.6305
-5.2807
-4.9830
-4.6965
-4.4332
-4.1823
-3.9206
-3.6788
-3.4746
-3.2927
-3.1242
-2.9742
-2.8449
-2.7379
-2.6487
-2.5767
-2.5225
-2.4802
-2.4416
-2.4046
-2.3718
-2.3478
-2.3382
-2.3514
-2.3990
-2.5058
-2.7812
-3.8403
-4.7442
-5.2699
-5.7084
-6.0378
-6.3176
-6.7817
-7.1323
-7.4770
-7.7740
-8.0212
-8.2758
-8.5674
-8.7800
-9.0989
-9.3658
-9.5341
-9.7146
-9.8835
-10.0542
-10.1954
-10.3598
-10.4890
-10.5463
-10.5728
-10.6499
-10.7079
-10.7654
-10.8230
-10.8428
-10.8279
-10.7958
-10.7081
-10.6391
-10.6228
-10.6398
-10.6754
-10.7506
-10.8139
-10.8327
-10.7986
-10.7148
-10.6663
-10.6253
-10.6089
-10.6076
-10.6683
-10.7670
-10.7829
-10.7240
-10.6286
-10.5959
-10.6131
-10.6364
-10.6506
-10.4533
-10.3521
-10.1247
-9.7280
-9.3063
-8.8488
-8.3282
-7.7288
-7.2275
-6.7776
-6.3264
-5.8314
-5.3004
-4.8502
-4.5001
-4.1908
-3.8668
-3.5404
-3.2771
-3.0813
-2.9232
-2.7720
-2.6158
-2.4517
-2.2973
-2.1794
-2.1064
-2.0864
-2.1175
-2.1823
-2.2716
-2.4040
-2.5730
-2.7856
-3.0444
-3.3250
-3.6290
-3.9680
-4.3535
-4.7086
-5.0530
-5.4445
-5.8822
-6.2839
-6.6827
-6.9380
-7.1807
-7.4965
-7.7953
-8.0934
-8.2856
-8.4156
-8.5510
-8.6553
-8.6999
-8.7106
-8.7278
-8.7602
-8.7795
-8.8190
-8.8708
-8.9179
-8.9541
-8.9939
-9.0165
-9.0321
-9.0829
-9.1334
-9.1690
-9.1911
-9.1640
-9.1287
-9.0886
-9.0523
-9.0239
-9.0050
-8.9958
-8.9809
-8.9450
-8.9109
-8.8694
-8.8327
-8.8041
-8.7803
-8.7520
-8.7226
-8.7008
-8.6840
-8.6656
-8.6509
-8.6374
-8.6286
-8.6055
-8.5384
-8.4627
-8.3341
-8.1072
-7.8749
-7.5198
-7.1169
-6.7157
-6.2843
-5.8578
-5.4530
-5.0524
-4.6544
-4.2587
-3.8381
-3.3728
-2.9155
-2.5221
-2.2131
-1.8900
-1.5392
-1.2522
-1.1360
-1.6147
-1.9188
-2.1493
-2.0277
-2.2019
-2.4154
-2.1436
-1.2376
-0.2229
-0.0980
-0.0940
-0.1489
-0.3397
-0.6995
-1.1568
-1.5090
-1.8683
-2.3250
-2.6938
-2.9781
-3.3170
-3.7104
-3.9938
-4.2014
-4.4739
-4.6331
-4.6769
-4.7716
-4.8667
-5.4926
-6.1827
-6.0993
-6.5479
-6.8776
-6.8605
-6.9001
-7.0235
-6.9631
-6.6304
-6.1727
-6.7062
-6.7264
-6.4214
-6.2752
-6.1867
-5.9341
-6.1417
-6.0032
-6.2701
-7.0810
-7.4251
-7.6897
-7.6629
-7.5783
-7.4775
-7.3797
-7.4701
-7.4864
-7.4818
-7.5630
-7.6173
-7.7459
-7.6814
-7.7094
-7.8357
-8.0331
-8.1848
-8.3544
-8.4825
-8.7080
-8.9683
-9.1641
-9.3900
-9.5486
-9.4610
-9.0332
-8.4480
-8.4065
-8.5199
-8.4212
-8.3029
-8.1773
-8.0609
-7.9015
-7.6121
-7.2071
-6.7416
-6.2946
-5.9231
-5.5338
-5.1399
-4.8678
-4.5763
-4.3318
-4.2048
-4.1362
-4.0591
-4.0429
-4.0865
-4.1501
-4.2199
-4.2783
-4.3256
-4.3847
-4.4975
-4.7073
-5.0067
-5.2928
-5.5842
-5.9015
-6.2089
-6.5082
-7.0062
-7.4522
-7.8042
-8.0902
-8.3982
-8.6109
-8.7007
-8.8017
-9.0276
-9.2438
-9.1636
-9.0610
-9.0009
-9.0022
-8.9006
-8.7818
-8.8754
-8.9861
-8.9332
-8.8952
-8.8594
-9.1185
-9.1036
-8.8058
-8.7890
-8.7642
-8.5984
-8.3454
-8.2059
-8.1663
-8.1557
-8.2272
-8.3571
