-0.5393
-0.5956
-0.6894
-0.9172
-0.8263
-0.7340
-0.6412
-0.5740
-0.6313
-0.6791
-0.6594
-0.6375
-0.5364
-0.4725
-0.3032
-0.1579
-0.0087
0.0559
0.2482
0.4951
0.7983
1.0560
1.2380
1.3023
1.2632
1.3593
1.7148
1.7768
1.7467
1.8258
2.0933
2.3532
2.5605
2.6571
2.7548
2.9123
3.0250
3.1928
3.3392
3.3786
3.3541
3.2858
3.1869
3.0570
2.9376
2.8733
2.8000
2.7499
2.7314
2.7431
2.7671
2.7636
2.7829
2.8001
2.7718
2.6998
2.5653
2.3427
1.9276
1.1562
-0.1248
-2.5294
-3.2995
-3.5010
-3.4016
-3.0329
-2.7497
-2.7307
-2.3727
-2.2135
-2.1860
-2.1824
-2.2334
-2.1614
-2.1657
-2.2469
-2.2351
-2.1362
-2.0318
-1.8865
-1.7738
-1.6008
-1.4428
-1.2486
-1.0675
-0.9070
-0.7976
-0.6879
-0.5855
-0.4670
-0.3033
-0.1250
0.0683
0.2352
0.3348
0.4247
0.5058
0.6088
0.7413
0.8479
0.9099
0.9342
0.8853
0.8245
0.7526
0.7647
0.7983
0.7994
0.7558
0.7408
0.7401
0.7228
0.6930
0.6675
0.6361
0.5567
0.5234
0.3908
0.2679
0.1944
0.1512
0.0931
0.0318
0.0779
-0.0149
-0.1367
-0.2307
-0.3034
-0.3424
-0.4623
-0.6942
-0.9316
-1.1267
-1.2853
-1.4247
-1.5643
-1.7293
-1.9377
-2.1551
-2.4065
-2.6744
-2.8545
-2.9537
-3.0307
-3.1492
-3.3328
-3.5681
-3.7995
-4.0358
-4.2993
-4.5299
-4.7449
-4.8968
-5.0077
-5.0300
-5.0405
-5.0401
-5.0990
-5.1577
-5.3110
-5.4279
-5.2075
-5.3551
-5.2958
-5.2982
-5.3588
-5.2464
-5.3574
-5.3990
-5.3605
-5.3294
-5.2734
-5.2685
-5.1261
-4.8681
-4.6774
-4.6130
-4.5136
-4.4872
-4.5568
-4.7159
-4.7609
-4.7211
-4.6421
-4.5087
-4.4065
-4.3729
-4.3108
-4.3724
-4.3434
-4.3045
-4.2036
-4.0952
-4.0492
-4.1050
-4.0858
-3.9960
-3.8529
-3.6343
-3.5027
-3.5433
-3.5669
-3.6180
-3.6186
-3.6439
-3.6599
-3.6371
-3.6204
-3.3146
-2.7900
-2.6347
-2.3632
-1.9064
-1.7928
-1.6201
-1.4803
-1.1817
-1.0354
-1.0091
-0.8455
-0.6436
-0.4961
-0.0658
0.1475
0.3499
0.7808
0.9202
1.5401
1.6160
2.1830
2.6171
2.5657
2.9814
2.2455
0.5688
-1.8673
-3.3721
-3.2044
-4.0762
-4.7291
-4.2206
-3.9542
-3.5489
-3.2995
-3.6396
-4.0996
-4.2097
-3.9685
-4.0310
-4.7840
-3.6030
-4.1352
-3.4687
-2.9951
-2.7435
-3.1086
-2.8771
-2.2259
-2.2093
-0.7554
3.8167
10.5850
8.0278
8.3705
7.3999
6.3426
5.7611
4.4733
1.0608
-0.8352
-1.5045
-0.8862
-0.7801
-0.3102
0.5814
1.1331
2.0240
2.6920
3.7818
4.8193
6.2778
7.1757
7.8271
8.8572
9.8691
10.6240
11.2527
11.4236
11.8121
11.6488
11.3459
10.8875
10.2586
10.0954
10.0182
9.9391
9.9920
9.9297
9.8153
9.5591
9.1501
9.0150
9.0086
8.7444
8.5514
8.3642
8.2008
7.9356
7.5808
7.5886
7.4244
7.0053
7.1817
7.5319
7.6808
7.7016
7.7907
8.0153
8.1022
8.2381
8.2820
8.2988
8.3686
8.3098
8.0691
7.6617
7.1810
6.7451
6.3021
5.8319
5.3061
4.8805
4.5139
4.1025
3.6177
3.0554
2.4067
1.6622
0.8393
0.2547
-0.2478
-0.8061
-1.3350
-1.7527
-2.2064
-2.4350
-2.4169
-2.3171
-2.2583
-2.2655
-2.4021
-2.6688
-2.7722
-2.7607
-2.9017
-3.0609
-3.1695
-3.2151
-3.3770
-3.5281
-3.4005
-3.1797
-3.1757
-3.0876
-3.0209
-2.7091
-2.5478
-2.6218
-2.4374
-2.1358
-1.9057
-1.8213
-1.7069
-1.5221
-1.3393
-1.1657
-1.0039
