7.3934
7.7784
8.2903
8.7894
9.2305
9.6569
9.9689
10.3213
10.6471
10.8558
11.1005
11.3139
11.5150
11.6651
11.7188
11.7355
11.5971
11.3829
10.9060
10.3967
9.9560
9.6896
8.8790
7.7096
7.1396
7.1791
7.4720
7.3541
7.1646
7.0993
7.3622
7.5176
7.4429
7.3394
7.3457
7.4508
7.4533
7.3151
7.1251
6.9319
6.7658
6.6262
6.5115
6.4195
6.3723
6.3505
6.3475
6.3943
6.4254
6.4458
6.4766
6.5077
6.4917
6.4553
6.4047
6.3435
6.2769
6.1805
6.0399
5.9303
6.2182
7.1791
8.9951
8.7156
9.0912
9.4605
9.8968
10.0693
10.0538
10.1016
10.1316
10.2709
10.3194
10.4112
10.5453
10.5136
10.5486
10.6884
10.7910
10.8285
10.8209
10.8089
10.8004
10.8206
10.9369
11.0660
11.0704
11.0465
11.0378
11.0449
11.1152
11.1875
11.2403
11.2376
11.1983
11.1678
11.1477
11.1423
11.1264
11.1004
11.0625
11.0307
11.0294
11.0386
11.0412
11.0330
11.0056
10.9492
10.8639
10.8446
10.8922
10.9107
10.7357
10.3820
9.8379
9.0871
8.9502
8.5678
7.5469
6.9468
6.5336
6.2533
6.1693
6.6110
6.7141
6.5589
6.3740
6.2955
6.3765
6.3482
6.2256
6.1349
6.1460
6.2511
6.4050
6.5354
6.5853
6.5670
6.5773
6.6407
6.7890
7.0248
7.3094
7.6117
7.8525
7.9533
7.9935
8.0542
8.1100
8.1455
8.1286
8.1538
8.2675
8.2572
8.2141
8.2930
8.4738
8.5259
8.6062
8.8687
9.7025
10.3138
10.8471
10.7805
10.5998
10.6522
10.6878
10.7272
10.8265
11.0667
11.2989
11.5260
11.6914
11.7338
11.6506
11.5024
11.3749
11.2344
11.1439
11.1398
11.2483
11.4320
11.4702
11.3472
11.2472
11.1761
11.1129
11.1058
11.0491
10.9561
10.8496
10.7663
10.7205
10.7171
10.7154
10.7478
10.7630
10.7608
10.7967
10.8202
10.8800
10.9355
10.8839
10.8581
10.8905
11.0127
11.1225
11.1926
11.2517
11.2455
11.1744
10.8806
10.1600
9.8157
9.6473
9.6687
9.7328
9.9762
10.0901
10.2850
10.0032
10.0217
9.9518
9.8208
9.7950
9.7136
9.8167
9.6434
9.2114
8.5556
8.2502
8.4073
8.2830
6.8075
4.6539
3.3146
1.4364
0.0528
0.3785
5.4991
10.0980
11.3038
11.4194
11.3029
11.6884
12.6065
12.8536
12.0853
11.6901
11.7401
11.6462
11.1174
11.4012
10.5416
10.3863
10.7986
10.2730
10.8187
11.6955
12.0896
11.7618
7.3009
10.4084
8.9830
10.0953
10.9133
10.9806
10.6198
9.7118
10.2518
9.3912
8.6484
8.6244
8.9425
7.9919
8.2965
8.2242
7.9879
7.2473
6.9561
6.7281
6.3022
5.8513
4.8586
4.0198
3.3892
2.7602
1.7987
0.1338
-1.6215
-3.1731
-4.9640
-6.0834
-6.6317
-6.8784
-6.6588
-6.4834
-6.4965
-6.6531
-6.7929
-6.8665
-6.8122
-6.7478
-6.5464
-6.1688
-5.8233
-5.9641
-6.6166
-7.2755
-7.0827
-6.3172
-5.0863
-4.5216
-4.3889
-4.1603
-3.8845
-3.9956
-4.2122
-4.3578
-4.5655
-4.6587
-4.7732
-5.4217
-5.9144
-6.4423
-6.8183
-7.0532
-7.2473
-7.4492
-7.6427
-7.8158
-7.9286
-7.9585
-7.8195
-7.5867
-7.3157
-7.0068
-6.7770
-6.5924
-6.4088
-6.1943
-5.9093
-5.4344
-5.1196
-5.1505
-5.3946
-5.6067
-5.6430
-5.6086
-5.5420
-5.3853
-4.9127
-4.4391
-4.1480
-3.9030
-3.5272
-3.2147
-3.0592
-2.6745
-2.1537
-1.7832
-1.1903
-0.5779
-0.3933
-0.0609
0.9510
1.4362
1.4007
1.7099
2.0356
2.1957
2.3072
2.5201
2.7905
3.0251
3.1858
3.3279
