2.7760
2.8360
2.9720
3.0530
3.1270
3.2120
3.2980
3.2730
3.2820
3.2830
3.2990
3.3120
3.3530
3.4180
3.4660
3.5770
3.6500
3.6930
3.7540
3.4900
3.0670
2.8920
2.9460
2.8690
2.7490
2.5660
2.2910
2.1930
2.2180
2.2270
2.1270
2.0520
2.0920
2.1930
2.3050
2.3420
2.3680
2.4720
2.8580
3.2830
3.4840
3.6320
3.7490
3.9040
4.0540
4.1970
4.3080
4.4160
4.4370
4.3200
4.2240
4.3600
4.6490
4.8720
4.7810
4.7010
4.6860
4.6640
4.7640
4.8770
4.9260
4.9700
4.9740
4.8620
4.9160
4.8780
4.7680
4.7200
4.7190
4.7300
4.7280
4.5570
4.5090
4.5620
4.5950
4.6010
4.5150
4.4680
4.4120
4.3200
4.2720
4.2580
4.2140
4.2110
4.2700
4.2490
4.2140
4.1280
4.0520
4.1470
4.3760
3.9110
3.8850
4.4960
4.3450
3.3720
3.1240
3.0840
3.0620
3.4210
3.4610
3.9320
4.0810
4.1190
4.2300
4.5930
4.7910
4.9500
4.8680
4.8650
5.0440
5.2190
4.9310
4.9680
5.0360
5.1910
5.4030
5.5650
5.5640
5.5070
5.5480
5.5960
5.5580
5.5330
5.6580
5.7450
5.9510
6.2370
6.2040
6.2680
6.3370
6.3550
6.2140
6.2810
6.3120
6.3870
6.3930
6.3960
6.6370
6.8430
7.0470
7.0390
6.9680
6.9120
6.9340
6.9910
6.9980
6.9640
6.9920
6.9970
6.8830
6.7790
6.8850
7.0330
7.1370
7.0130
6.9990
6.9140
6.8100
6.6530
6.4790
6.4800
6.5040
6.3510
6.1860
5.9970
5.8800
5.5530
5.3710
5.1820
5.0780
4.9870
4.9830
4.9130
4.8530
4.7870
4.6430
4.5370
4.4150
4.2510
4.4250
4.4230
4.3450
4.2880
4.1350
3.9180
3.8480
3.7910
3.6820
3.5420
3.4280
3.3660
3.4250
3.3050
3.2600
3.2080
3.2170
3.1820
3.0420
3.0490
3.2910
3.2570
3.2680
3.3560
3.3750
3.5280
3.6880
3.8500
3.7980
3.9450
3.9790
3.9510
4.0480
4.1130
4.1910
4.2290
4.3340
4.4500
4.5510
4.6530
4.7590
4.8250
4.8990
5.0300
5.2480
5.4880
5.6840
5.8740
6.0480
6.1130
6.2160
6.2590
6.3510
6.4130
6.6220
6.8090
6.7300
6.6750
6.6080
6.7460
6.7930
6.6280
6.5990
6.6630
6.7110
6.9000
6.8990
6.8100
6.8070
6.7440
6.6440
6.6320
6.6530
6.5560
6.4350
6.2100
5.7530
5.7430
5.7220
5.7630
5.6480
5.3410
5.0940
5.0520
5.0650
5.3740
5.4380
5.5810
6.0780
6.3860
6.4760
5.9750
5.3290
4.6530
3.9350
3.5340
3.5920
3.5550
3.6620
3.8510
4.0600
3.6990
3.2220
3.1580
3.0250
2.7530
2.5680
2.6930
2.7410
2.6820
2.5730
2.2470
2.2920
2.3630
2.2880
2.1400
2.1140
1.9950
1.8720
1.8660
1.7140
2.0840
2.8670
3.2720
3.5270
3.5820
3.4800
3.9860
4.1900
4.2660
4.6230
4.8610
4.9150
4.7800
4.9450
5.0710
5.3590
5.9370
6.7850
6.9880
6.5630
6.3930
6.3800
6.4340
6.6080
6.8080
6.7170
6.5870
6.4900
6.2980
5.8940
5.4270
5.4210
5.1360
4.7900
4.4880
4.4450
4.4760
4.5780
4.8490
5.0450
5.2340
4.8810
4.4710
3.9120
3.8340
3.9350
4.1840
4.1280
3.8210
3.8640
4.0440
4.0430
4.1760
4.6860
5.0930
5.3190
5.6020
5.6690
5.9490
5.8790
5.6920
5.6820
5.8960
5.8790
5.6880
5.8360
6.1810
6.1000
6.1240
6.1430
6.1800
6.0830
6.0860
6.0010
5.9990
5.8220
