1173.1000
1173.0000
1171.3000
1160.4000
1142.6000
1160.4000
1168.6000
1140.3000
1164.9000
1145.3000
1137.4000
1148.7000
1149.7000
1156.8000
1168.0000
1171.1000
1172.2000
1166.8000
1178.7000
1167.1000
1164.2000
1156.6000
1153.9000
1152.8000
1149.7000
1156.0000
1156.2000
1158.7000
1162.2000
1156.7000
1156.4000
1155.3000
1153.7000
1158.9000
1155.5000
1156.6000
1154.0000
1150.8000
1150.5000
1139.0000
1129.7000
1119.6000
1113.1000
1110.3000
1102.5000
1094.1000
1081.7000
1072.8000
1069.5000
1061.2000
1051.6000
1043.4000
1031.9000
1030.5000
1030.9000
1033.1000
1035.4000
1028.0000
1031.0000
1031.6000
1033.4000
1040.2000
1046.7000
1034.6000
1033.3000
1037.7000
1040.5000
1042.8000
1051.6000
1053.3000
1060.6000
1049.1000
1048.0000
1046.5000
1039.3000
1044.7000
1048.0000
1053.6000
1056.7000
1056.7000
1056.7000
1066.4000
1077.2000
1072.5000
1062.1000
1059.1000
1053.9000
1021.8000
987.3400
962.5700
947.0100
968.2200
968.1000
934.7000
922.7000
938.5200
946.0000
928.6500
911.6600
888.4200
884.5900
856.9600
852.5000
850.4100
840.9400
821.0100
811.3300
795.2800
786.6600
782.0300
770.5800
783.5100
812.2800
812.6100
809.2800
796.9500
801.8100
813.3700
843.3500
864.6700
872.3900
877.5000
883.8200
881.8500
879.7800
878.1500
883.9200
874.8700
879.0100
878.2300
873.7100
874.0500
880.7800
874.4200
872.7900
846.7400
824.7200
813.8800
801.2100
798.0900
788.7100
783.0500
764.1500
754.7200
745.9400
732.4200
723.5800
713.4300
699.7400
688.6200
683.3300
681.3100
670.5900
656.2100
643.1100
643.9700
639.2500
630.6200
621.0400
640.9000
657.8900
666.8400
674.5400
681.0000
674.9200
693.0900
711.4600
741.5100
748.9400
745.4700
743.3100
753.3100
757.0100
769.9200
771.3100
773.1100
760.1400
775.0300
777.6300
792.3900
782.0000
791.5800
793.8000
755.3400
725.7300
730.0300
734.3000
758.2500
749.8300
737.9900
716.9800
706.0600
705.4300
705.4300
708.2500
725.7400
729.0500
730.9000
731.0300
728.9100
725.2400
722.3900
739.1300
738.0000
746.3600
759.1300
761.5500
792.9200
827.1200
842.2100
849.8400
852.0200
861.9500
877.5000
898.3100
914.4300
916.4300
919.2900
926.0400
930.7100
940.6900
949.9200
962.4300
960.4400
956.2500
953.4100
955.6900
959.2000
960.4200
961.7200
964.8700
940.3900
917.1400
918.1200
917.9400
906.6300
886.6100
865.8900
870.2600
849.1900
837.9000
841.0400
834.0000
802.8200
796.0800
794.2700
798.1200
804.1900
799.2200
770.0500
755.6000
766.4900
756.8500
746.9400
754.0200
791.5100
801.1500
797.7900
829.1700
830.0200
859.9400
887.8300
913.2500
934.1000
961.4800
933.8700
925.1700
931.3600
926.2400
896.5900
885.8300
887.5200
878.8900
894.2800
916.3200
914.7100
917.1400
911.7600
910.0200
867.3700
841.9900
846.9800
859.2300
890.8800
896.2700
896.8600
893.5200
890.0800
891.0200
887.2400
881.3800
888.1000
886.5800
881.3800
871.6800
865.6900
871.1400
867.3300
865.0000
856.3400
852.9500
852.4500
850.4900
875.7600
902.3500
898.9500
885.3500
870.0800
866.2300
877.0100
889.5900
903.3100
919.9300
934.9600
943.3400
934.9300
933.0200
935.9600
944.9700
952.1000
955.3800
953.0300
948.3100
948.2000
951.7000
953.1300
954.5300
938.0900
918.4600
913.8300
903.5000
908.5900
898.0300
886.9300
855.5200
835.7000
822.7100
812.8100
801.4400
798.5600
794.8700
795.7900
793.4000
797.6200
813.2000
811.8800
811.0400
803.2200
783.4900
775.4500
768.3800
778.3100
788.6500
807.7500
807.4900
821.9200
830.2300
840.4900
861.0600
859.6300
856.2300
881.3100
888.3900
885.1400
891.1100
894.0100
901.9500
906.1100
910.1900
904.2700
906.3000
893.4400
900.6100
893.1800
909.5100
863.1800
823.8300
