3.6047
3.7000
3.9155
4.0440
4.1619
4.2959
4.4331
4.3935
4.4072
4.4086
4.4348
4.4556
4.5204
4.6228
4.6992
4.8760
4.9916
5.0606
5.1574
4.7374
4.0665
3.7889
3.8752
3.7517
3.5615
3.2708
2.8349
2.6800
2.7199
2.7332
2.5753
2.4564
2.5197
2.6803
2.8576
2.9160
2.9575
3.1220
3.7354
4.4088
4.7283
4.9623
5.1492
5.3947
5.6328
5.8589
6.0362
6.2073
6.2409
6.0550
5.9032
6.1186
6.5769
6.9308
6.7867
6.6588
6.6357
6.6012
6.7598
6.9379
7.0164
7.0854
7.0925
6.9143
7.0007
6.9396
6.7659
6.6895
6.6878
6.7051
6.7021
6.4302
6.3551
6.4391
6.4913
6.5002
6.3642
6.2902
6.2006
6.0548
5.9788
5.9557
5.8862
5.8824
5.9759
5.9428
5.8859
5.7502
5.6294
5.7806
6.1431
5.4061
5.3643
6.3336
6.0943
4.5501
4.1570
4.0930
4.0586
4.6288
4.6917
5.4394
5.6751
5.7351
5.9119
6.4884
6.8025
7.0544
6.9243
6.9203
7.2029
7.4814
7.0247
7.0829
7.1901
7.4371
7.7740
8.0301
8.0288
7.9377
8.0026
8.0797
8.0191
7.9789
8.1785
8.3167
8.6422
9.0969
9.0440
9.1460
9.2551
9.2840
9.0602
9.1670
9.2149
9.3354
9.3439
9.3486
9.7306
10.0576
10.3819
10.3696
10.2571
10.1674
10.2026
10.2938
10.3041
10.2498
10.2943
10.3020
10.1221
9.9561
10.1246
10.3594
10.5243
10.3278
10.3052
10.1707
10.0058
9.7574
9.4814
9.4816
9.5206
9.2776
9.0162
8.7155
8.5298
8.0118
7.7224
7.4228
7.2570
7.1126
7.1068
6.9960
6.9001
6.7953
6.5674
6.3985
6.2059
5.9455
6.2220
6.2187
6.0937
6.0040
5.7607
5.4165
5.3058
5.2156
5.0420
4.8209
4.6395
4.5402
4.6340
4.4449
4.3732
4.2896
4.3052
4.2494
4.0275
4.0374
4.4227
4.3674
4.3851
4.5249
4.5545
4.7984
5.0522
5.3096
5.2265
5.4604
5.5135
5.4697
5.6235
5.7267
5.8505
5.9106
6.0772
6.2611
6.4211
6.5835
6.7516
6.8565
6.9728
7.1806
7.5271
7.9074
8.2188
8.5207
8.7964
8.9000
9.0626
9.1308
9.2773
9.3765
9.7076
10.0036
9.8784
9.7924
9.6847
9.9038
9.9795
9.7167
9.6709
9.7720
9.8487
10.1484
10.1478
10.0055
10.0009
9.9014
9.7419
9.7230
9.7569
9.6036
9.4115
9.0543
8.3279
8.3127
8.2800
8.3441
8.1613
7.6754
7.2828
7.2161
7.2365
7.7267
7.8288
8.0559
8.8450
9.3333
9.4764
8.6816
7.6563
6.5829
5.4437
4.8076
4.8989
4.8414
5.0105
5.3098
5.6417
5.0693
4.3127
4.2102
4.0004
3.5685
3.2744
3.4734
3.5484
3.4550
3.2821
2.7661
2.8372
2.9486
2.8299
2.5957
2.5536
2.3647
2.1703
2.1612
1.9196
2.5069
3.7488
4.3924
4.7970
4.8837
4.7221
5.5253
5.8480
5.9683
6.5350
6.9134
6.9993
6.7843
7.0461
7.2468
7.7031
8.6205
9.9664
10.2886
9.6136
9.3439
9.3238
9.4087
9.6846
10.0020
9.8586
9.6514
9.4987
9.1940
8.5521
7.8113
7.8022
7.3500
6.8011
6.3220
6.2526
6.3021
6.4641
6.8936
7.2051
7.5047
6.9456
6.2940
5.4074
5.2837
5.4443
5.8389
5.7505
5.2631
5.3313
5.6160
5.6150
5.8255
6.6363
7.2813
7.6398
8.0891
8.1954
8.6389
8.5292
8.2312
8.2157
8.5558
8.5289
8.2254
8.4596
9.0079
8.8786
8.9174
8.9470
9.0057
8.8520
8.8570
8.7225
8.7189
8.4381
