-7.0607
-7.0853
-7.0860
-7.0937
-7.1185
-7.1393
-7.1568
-7.1810
-7.2086
-7.2281
-7.2333
-7.2350
-7.2439
-7.2692
-7.2924
-7.3162
-7.3526
-7.5241
-7.5228
-7.5968
-7.4660
-7.1075
-6.6598
-6.2754
-5.8412
-5.4356
-5.1093
-4.7346
-4.3802
-4.1032
-3.8568
-3.6604
-3.6266
-3.7145
-3.7426
-3.6620
-3.5350
-3.4583
-3.6271
-4.0732
-4.3974
-4.4678
-4.3691
-4.1979
-4.0656
-4.0032
-3.9889
-3.9671
-3.8147
-3.5703
-3.2708
-2.7835
-2.0153
-1.6865
-1.6495
-1.6353
-1.6983
-1.7969
-1.9301
-2.1168
-2.3435
-2.5984
-2.8892
-3.2045
-3.5075
-3.7997
-4.1243
-4.4240
-4.7375
-5.0382
-5.3279
-5.5931
-5.8411
-6.0627
-6.2454
-6.3783
-6.4646
-6.5088
-6.5252
-6.5222
-6.5148
-6.5213
-6.5299
-6.5266
-6.5006
-6.4703
-6.4297
-6.4039
-6.3540
-6.2851
-6.2242
-6.2012
-6.1517
-6.0812
-6.0735
-6.1816
-6.3482
-6.5352
-6.6757
-6.6587
-6.6148
-6.5606
-6.5220
-6.5187
-6.5386
-6.5261
-6.5356
-6.5557
-6.5878
-6.6651
-6.8058
-6.8861
-6.9190
-6.9552
-6.9551
-6.9114
-6.8491
-6.8421
-6.8946
-6.9600
-6.9857
-6.9884
-6.9911
-6.9786
-6.9388
-6.8971
-6.8580
-6.8629
-6.8708
-6.8699
-6.8554
-6.8243
-6.7997
-6.8021
-6.8144
-6.8054
-6.7570
-6.6790
-6.6469
-6.6775
-6.7223
-6.7447
-6.7597
-6.7583
-6.7258
-6.6932
-6.6641
-6.6191
-6.5681
-6.5171
-6.4520
-6.3758
-6.2998
-6.2420
-6.1986
-6.1534
-6.1068
-6.0613
-6.0283
-5.9975
-5.9713
-5.9450
-5.9246
-5.9096
-5.8919
-5.8933
-5.9002
-5.9040
-5.9211
-5.9213
-5.9140
-5.9028
-5.8773
-5.8383
-5.8024
-5.7733
-5.7439
-5.7172
-5.6894
-5.6433
-5.5925
-5.5492
-5.5037
-5.4602
-5.4288
-5.4050
-5.3880
-5.3816
-5.3803
-5.3818
-5.3858
-5.3991
-5.4070
-5.4215
-5.4302
-5.4416
-5.4391
-5.4235
-5.4163
-5.4022
-5.3780
-5.3670
-5.3363
-5.3109
-5.3154
-5.2894
-5.2744
-5.2547
-5.2471
-5.2652
-5.2194
-5.1891
-5.1553
-5.1159
-5.0589
-5.0092
-4.9741
-4.9312
-4.8654
-4.7950
-4.7376
-4.6416
-4.5472
-4.4884
-4.4335
-4.3777
-4.3197
-4.2714
-4.2495
-4.2536
-4.2560
-4.2225
-4.2044
-4.1735
-4.0975
-4.0848
-4.0243
-4.0876
-4.1415
-4.0824
-3.9716
-4.0175
-4.0508
-4.0072
-3.9962
-4.0171
-3.9325
-3.8262
-3.7772
-3.7041
-3.7039
-3.8014
-3.8143
-3.7497
-3.6861
-3.5883
-3.6032
-3.5891
-3.6276
-3.6468
-3.7016
-3.8286
-3.9644
-4.0878
-4.2491
-4.4041
-4.5278
-4.5847
-4.5457
-4.4594
-4.3397
-4.2579
-4.2071
-4.2086
-4.2294
-4.2363
-4.1808
-4.1074
-4.0510
-4.0196
-4.0107
-4.0493
-4.0350
-3.9822
-3.9652
-3.9404
-3.9015
-3.8379
-3.7353
-3.6433
-3.6004
-3.7097
-3.8824
-3.9388
-3.9166
-3.8137
-3.7261
-3.7211
-3.6509
-3.5422
-3.5008
-3.6256
-3.7100
-3.7531
-3.8057
-3.7866
-3.5950
-3.7230
-3.6560
-3.3457
-2.9912
-2.5280
-2.0194
-1.5568
-1.3305
-0.9695
-0.4777
-0.0848
0.0093
-0.2202
-0.1933
-0.0771
-0.0180
0.0489
0.0905
0.0182
0.0401
0.1197
0.2584
0.4125
0.5468
0.6784
0.7292
0.7928
0.9630
1.1452
1.2018
1.1717
1.1570
1.1180
1.0383
0.9248
0.9036
0.9083
0.8937
0.8745
0.5992
0.0132
-0.0237
0.2003
0.2653
0.0907
-0.1196
-0.4454
-0.9448
-1.5926
-2.1893
-2.7432
-3.1844
-3.4814
-3.6740
-3.7750
-3.8437
-3.9535
-4.0383
-4.0694
-4.0611
-4.0466
-4.0928
-4.2160
-4.3476
-4.4061
-4.4143
-4.4957
-4.5707
-4.5952
-4.6329
