2.8841
2.8062
2.7770
2.6825
2.6823
2.6913
2.6703
2.4507
2.2938
2.1643
2.0556
1.9292
1.9372
1.8675
1.8116
1.8429
1.8171
1.8641
1.9645
1.7796
1.4834
1.3913
1.3593
1.3057
1.1589
0.9892
0.7054
0.3721
0.0077
-0.2824
-0.6511
-1.1956
-1.8316
-2.3549
-2.6728
-2.7404
-2.7937
-2.9789
-3.6298
-4.3591
-4.7216
-4.9610
-5.1429
-5.3820
-5.6197
-5.8521
-6.0354
-6.2073
-6.2392
-6.0401
-5.8585
-5.9085
-5.6773
-5.2657
-4.6955
-3.9842
-3.4460
-3.2143
-3.1657
-3.3604
-3.6483
-3.7734
-3.7602
-3.7893
-3.8765
-3.8407
-3.7701
-3.8133
-3.7775
-3.7651
-3.6722
-3.7445
-3.7813
-3.8827
-4.1445
-4.2741
-4.2673
-4.1349
-3.9722
-3.8313
-3.7480
-3.5115
-3.2652
-3.3241
-3.7029
-3.7906
-3.8563
-3.4907
-3.6502
-4.2214
-4.5596
-3.6855
-3.6047
-4.3117
-4.1833
-2.9291
-2.5575
-2.9104
-3.2875
-4.2049
-4.2178
-4.9799
-5.0770
-5.2103
-5.4343
-5.9401
-6.1981
-6.4994
-6.3983
-6.1542
-6.2942
-6.7009
-6.3511
-6.3975
-6.4302
-6.7229
-6.9874
-7.0482
-6.7426
-6.3350
-6.4328
-6.6345
-6.5825
-6.6902
-7.0656
-7.3689
-7.8383
-8.4369
-8.4610
-8.7508
-8.9636
-9.0964
-8.9485
-9.1010
-9.1633
-9.3040
-9.3267
-9.3372
-9.7197
-10.0497
-10.3781
-10.3695
-10.2560
-10.1630
-10.1963
-10.2908
-10.3036
-10.2489
-10.2912
-10.2976
-10.1139
-9.9292
-10.0466
-10.1936
-10.3188
-10.0350
-9.8413
-9.6321
-9.4386
-9.1677
-8.8865
-8.7947
-8.6800
-8.3535
-8.0372
-7.5960
-7.3465
-6.7789
-6.4782
-6.3147
-6.2029
-6.1223
-6.2495
-6.1760
-6.1119
-5.9708
-5.8364
-5.6508
-5.5701
-5.3975
-5.7025
-5.6689
-5.6112
-5.6062
-5.4868
-5.1678
-5.0302
-4.8814
-4.7689
-4.5029
-4.3437
-4.1455
-4.2514
-4.0894
-4.0869
-4.0605
-4.0921
-4.0886
-3.8899
-3.9383
-4.3703
-4.2961
-4.3108
-4.5053
-4.5413
-4.7817
-5.0256
-5.2756
-5.1748
-5.3819
-5.4439
-5.3553
-5.4953
-5.5835
-5.6759
-5.7297
-5.8969
-6.0659
-6.2060
-6.3721
-6.5436
-6.6173
-6.6969
-6.9356
-7.3152
-7.7144
-8.0148
-8.3219
-8.6189
-8.6979
-8.8485
-8.9347
-9.0374
-9.1192
-9.4134
-9.7816
-9.7319
-9.6406
-9.4256
-9.6166
-9.7089
-9.4884
-9.4537
-9.6029
-9.6422
-9.8152
-9.6293
-9.3951
-9.3877
-9.3676
-9.2518
-9.0434
-8.9464
-8.6608
-8.1985
-7.7274
-7.0850
-6.9883
-6.6221
-6.5530
-6.0317
-5.3766
-5.1189
-4.9116
-4.5498
-4.9300
-4.8714
-4.5152
-4.7160
-4.8712
-4.6346
-4.1583
-3.9528
-3.4780
-2.7750
-2.4977
-2.6001
-2.6859
-2.7152
-3.0265
-3.0388
-2.3390
-1.4362
-0.7688
-0.3978
-0.0175
0.8165
1.4363
1.3903
1.1795
1.0399
1.1824
1.4772
1.0400
0.8673
1.1224
1.4746
1.5899
1.5607
1.5038
0.9575
-0.0128
-0.8363
-1.3222
-1.8023
-1.8758
-1.8466
-2.5131
-2.6405
-2.9213
-3.4082
-3.0612
-1.6062
-0.1870
0.0129
0.1010
0.6246
1.4830
2.5951
3.3190
3.1806
2.9993
2.9263
3.0313
3.3510
3.5078
3.3864
3.3885
3.0680
2.2961
1.4273
1.2852
1.0743
0.6434
-0.0054
-0.5772
-0.6011
-0.5718
-1.1291
-1.7508
-2.0684
-2.2033
-2.6271
-2.6759
-2.3557
-2.4382
-1.2824
0.5235
0.8139
-0.2006
-1.4456
-1.7972
-1.8379
-2.2709
-2.9514
-3.5612
-3.5324
-3.3496
-3.1842
-3.3772
-3.5696
-3.0655
-2.7144
-2.5766
-2.5521
-2.2913
-1.8114
-1.7517
-1.6355
-1.5663
-1.3063
-1.0408
-0.5471
-0.2985
0.1309
0.1942
0.3099
