2.1624
2.4115
2.7603
3.0263
3.1823
3.3483
3.5386
3.6465
3.7632
3.8408
3.9297
4.0163
4.0843
4.2288
4.3359
4.5143
4.6491
4.7048
4.7686
4.3904
3.7863
3.5242
3.6289
3.5172
3.3677
3.1176
2.7457
2.6540
2.7199
2.7186
2.4916
2.1458
1.7303
1.2801
1.0111
0.9966
0.9706
0.9345
0.8815
0.6602
0.2519
0.1134
0.2533
0.3694
0.3838
0.2829
0.0949
-0.0236
0.1436
0.4241
0.7251
1.5893
3.3202
4.5065
4.9001
5.3353
5.6708
5.7657
5.9727
6.0698
5.9933
5.9970
6.0137
5.7836
5.8294
5.7800
5.6182
5.4962
5.5189
5.5482
5.6065
5.2275
5.1077
5.1368
4.9960
4.8974
4.7215
4.7402
4.7612
4.6885
4.6581
4.8104
4.8975
4.8532
4.6904
4.5769
4.4466
4.5695
4.2855
3.9491
4.1168
3.9552
3.9727
4.6394
4.4317
3.4819
3.2772
2.8778
2.3801
1.9350
2.0548
2.1882
2.5359
2.3967
2.3280
2.6104
2.8033
2.7427
2.6471
3.1648
3.5022
3.3270
3.0016
3.0396
3.2172
3.1799
3.4075
3.8479
4.3587
4.7827
4.7602
4.6113
4.5801
4.3480
4.1188
3.8556
3.6399
3.4020
3.1946
2.6593
2.3048
1.8567
1.4179
1.0978
0.9736
0.7656
0.5664
0.4602
0.4587
0.4004
0.2826
0.0447
-0.1442
-0.2997
-0.3572
-0.2505
-0.1053
0.1385
0.2500
0.2998
0.4064
0.7311
1.2548
1.8461
2.0697
2.4415
3.0572
3.2659
3.3211
3.3405
3.3056
3.5431
3.9113
4.0365
4.0860
4.2733
4.3343
4.2702
4.2034
3.9016
3.7666
3.6204
3.3840
3.2865
3.2023
3.2444
3.0112
3.0014
2.7363
2.4932
2.4889
2.5565
2.3764
2.1490
1.7552
1.6223
1.6878
1.8369
1.6367
1.7219
1.6300
1.8517
1.8438
1.7418
1.5564
1.3831
1.3379
1.1578
1.0437
0.8889
0.6793
0.7859
0.8038
0.4214
0.3467
0.4002
0.5178
0.5998
0.7330
0.9224
0.8730
1.1128
1.1936
1.2726
1.4189
1.4509
1.4693
1.5511
1.6484
1.6551
1.6630
1.7953
1.9421
1.8597
1.7738
1.7365
1.8194
1.8299
1.7582
1.8862
1.9582
1.8822
2.0962
2.1818
2.3716
2.0959
1.6944
1.7176
2.2254
2.3679
2.3084
2.0938
2.0382
1.8101
2.0065
2.5794
3.2023
3.4411
3.4480
3.2069
3.0510
3.5710
3.8933
4.1497
4.6219
4.7188
4.3768
4.5017
4.9706
5.1655
5.4978
5.4775
5.1804
5.2867
5.6273
5.9495
6.1286
6.6716
7.4829
7.9612
8.2658
7.6209
6.5570
5.5891
4.6833
4.1078
4.1519
4.0281
4.2111
4.3628
4.7534
4.4975
4.0666
4.1394
3.9806
3.5685
3.1709
3.1625
3.2647
3.2475
3.1130
2.5007
2.4223
2.7591
2.6937
2.3405
2.0848
1.7504
1.5081
1.5523
1.6638
2.5068
3.6543
4.1887
4.4456
4.5091
4.3461
4.9208
5.2179
5.2045
5.5759
6.1987
6.8125
6.7817
7.0461
7.2461
7.6778
8.4919
9.6226
9.7386
9.0722
8.8494
8.8527
8.9071
9.0864
9.3667
9.2587
9.0371
8.9896
8.9027
8.4321
7.7049
7.7279
7.3218
6.8011
6.2956
6.2236
6.2761
6.3647
6.6675
6.9018
7.1739
6.4296
5.6969
4.8673
4.6875
5.2911
5.8154
5.6926
5.2592
5.1316
5.3206
5.3057
5.3647
5.9438
6.3510
6.7742
7.3630
7.5515
7.9514
7.7463
7.6390
7.7543
8.1586
8.1381
7.8998
8.2633
8.8359
8.7267
8.7787
8.8511
8.9453
8.8351
8.8520
8.7215
8.7167
8.4324
