4.0980
4.0550
4.1330
4.0530
4.0530
4.0340
4.0560
4.0780
4.0690
4.0610
4.0120
4.0030
3.9750
3.9650
3.9600
3.9730
3.9390
3.9100
3.8680
3.8060
3.6760
3.3300
2.8680
2.5620
2.3820
2.2840
2.3550
2.4500
2.5160
2.7720
2.9770
3.1620
3.2770
3.2460
3.1870
3.1870
3.2110
3.1920
3.1460
3.0680
3.0170
3.2430
3.4750
3.2610
3.0540
3.0640
3.0180
2.7850
2.5560
2.4810
2.5510
2.7190
2.8730
2.8830
2.7960
2.9860
3.3770
3.7460
3.8820
3.6870
3.2830
2.8920
2.8050
2.8450
3.0130
3.2130
3.5920
4.4540
4.9040
5.4080
5.7520
5.9630
6.0620
6.0690
6.1600
6.1620
6.2240
6.3800
6.4830
6.4840
6.6170
6.6910
6.6730
6.7300
6.7920
6.7220
6.7020
6.6940
6.6350
6.5830
6.4940
6.4090
6.3380
6.3390
6.4070
6.4100
6.4690
6.4730
6.4370
6.4350
6.5080
6.6860
6.7470
6.6600
6.5790
6.5420
6.4370
6.3580
6.2870
6.1370
6.0490
5.9270
5.7210
5.3480
4.8560
4.7600
4.2130
3.6500
3.3570
3.1260
3.0760
3.1670
3.1060
2.9600
2.8030
2.6900
2.5990
2.5370
2.5110
2.5090
2.4900
2.4540
2.4130
2.3660
2.2730
2.1420
1.9850
1.8100
1.5930
1.4040
1.4570
1.7190
2.0630
2.3860
2.6540
2.8670
3.0130
3.2300
3.4850
3.5920
3.6820
3.6880
3.6460
3.6820
3.7720
3.9300
4.0110
4.1790
4.7200
5.8180
5.8190
5.8650
5.9530
5.9160
5.9990
6.1240
6.1580
6.1080
6.1620
6.2450
6.3220
6.3240
6.3740
6.3530
6.4390
6.4540
6.4540
6.4530
6.4770
6.5020
6.4770
6.4680
6.4600
6.4510
6.4250
6.3530
6.3000
6.2690
6.2690
6.2660
6.3040
6.3310
6.3210
6.3080
6.2360
6.1330
6.0220
5.9750
5.8990
5.8120
5.7090
5.6030
5.5350
5.4850
5.4720
5.4850
5.5070
5.5370
5.4830
5.2350
4.9870
4.5850
4.0150
3.6240
3.4870
3.6120
3.5870
3.4920
3.3940
3.3500
3.3310
3.2720
3.2150
3.1530
3.0930
3.0320
2.9810
2.9530
2.9470
2.9210
2.9260
2.9480
3.0110
3.0970
3.2120
3.3660
3.5580
3.7390
3.9110
4.1270
4.3780
4.7400
5.0750
5.3350
5.5410
5.7560
5.9130
6.0750
6.1460
6.2130
6.2250
6.1530
6.0280
5.9310
5.8360
5.7000
5.6890
5.7150
5.8020
5.7180
5.7500
5.7140
5.7830
5.9360
5.9620
6.0460
6.1460
6.3220
6.3440
6.2810
6.2050
6.1610
6.0710
5.9390
5.8320
5.8090
5.8450
5.9200
5.9190
5.8820
5.8820
5.9400
5.9820
5.9720
5.9720
5.8810
5.7890
5.7430
5.7590
5.7880
5.7640
5.7890
5.8410
5.8660
5.8760
5.9170
5.9490
5.9650
6.0030
6.0300
6.0570
6.0580
6.1520
6.1480
6.0480
5.8160
5.5010
5.4290
4.8170
4.6410
4.5630
4.5950
4.6050
4.5410
4.4030
4.2560
4.1160
3.9710
3.8620
3.7590
3.6300
3.5110
3.3910
3.2750
3.1670
3.0840
3.0160
2.9820
2.9990
3.0380
3.1030
3.1480
3.1910
3.2320
3.2970
3.4000
3.5200
3.6450
3.7570
3.8640
4.0070
4.2300
4.5800
5.0580
5.4560
5.6640
5.8490
5.9980
6.0480
6.0850
6.0780
6.0800
6.0790
6.1370
6.2070
6.1870
6.2670
6.3740
6.5120
6.6850
6.8340
6.8150
6.9040
6.9220
6.7890
6.6340
6.5640
6.6300
6.5710
6.4180
6.3700
6.3970
6.3940
6.3250
6.2560
6.2620
6.2780
