541.5900
588.8300
576.4600
545.8700
603.3300
604.9300
591.0800
607.7400
589.8900
608.6600
597.1800
626.6400
631.9700
614.7900
635.7300
648.0300
661.9700
678.5900
668.9700
670.9800
661.8500
666.9700
680.4700
686.4400
688.0800
680.9000
680.2400
689.2000
699.8400
709.6300
707.0900
703.4600
706.9200
708.7700
711.6200
713.8200
716.8700
710.3600
705.6100
689.9600
671.4500
663.8200
658.2000
653.1900
640.0700
623.2300
607.0600
596.7000
588.3700
584.5800
571.3900
565.5500
553.7100
549.9000
543.3400
536.3200
530.5100
521.1400
515.3900
510.3100
512.3500
514.1800
512.7600
523.1000
524.4300
531.1800
540.3700
551.7300
557.5700
563.9800
574.6500
577.9300
584.7900
591.2300
593.8800
601.2100
611.4100
609.9700
612.4900
622.5700
620.9900
626.8600
638.9700
638.1300
637.2800
650.6900
655.0800
627.6100
606.5400
598.2500
600.7400
608.9000
609.0800
601.6800
581.2800
575.9400
575.8500
575.2700
578.0900
586.6900
584.6900
576.8100
572.6500
579.2000
584.2800
584.6400
591.6600
591.3400
588.7200
595.7600
597.9300
633.3500
661.1500
670.3600
674.1700
669.8500
677.9500
688.4200
706.6500
715.2400
712.0000
714.7400
715.7000
714.7300
725.5300
730.7100
731.3500
728.4200
728.3500
728.8400
730.2200
733.6300
731.2000
726.6200
725.3500
701.6200
682.8300
674.8000
669.7200
666.5900
658.5900
647.3700
625.7500
614.6800
607.7700
599.7800
593.4600
584.5100
566.4600
557.6500
550.1000
545.6000
540.2600
531.5600
520.2200
511.6000
510.7600
509.8300
511.4400
541.2400
565.4300
579.6900
591.6300
598.4800
616.1300
636.4300
656.4800
671.2300
679.8900
689.1200
697.3400
697.7600
706.6600
719.3800
717.7700
725.6600
729.9000
736.0200
741.6800
746.9700
751.3500
754.7800
759.3400
722.1200
693.6400
688.5700
686.3900
693.8500
689.6200
679.5600
655.6400
646.9600
654.0500
655.8500
660.1400
678.4300
683.1100
683.0400
686.8900
691.0500
698.4100
706.3700
715.7400
716.8800
719.4000
722.9700
726.9500
762.7700
797.4400
809.9100
815.6800
814.6700
821.9900
836.3700
862.5900
873.1600
870.2400
869.6200
868.7400
861.4100
863.6200
865.0000
865.8800
863.7600
862.4400
860.4700
858.8400
863.1300
863.0100
863.7400
866.0200
837.8600
815.1800
804.4200
797.3500
796.8400
787.2900
771.5800
746.3400
733.8900
725.8000
716.6000
710.1000
715.8500
707.3100
703.0000
700.8800
694.0500
694.2100
690.6000
692.0100
688.4100
688.5000
691.7000
691.0400
715.7600
734.8700
744.4300
757.5000
765.0100
775.4700
787.4400
807.2000
816.2900
826.7900
839.3200
843.7100
834.9000
846.3800
850.6400
861.8600
869.5200
877.9500
885.8800
887.2800
893.4900
901.0300
903.4300
909.9600
879.7600
848.5400
838.9500
837.4700
847.1500
843.7900
835.2900
810.9200
802.8300
806.8700
803.7500
804.1800
810.5200
805.0100
797.5300
794.0000
793.1500
791.9900
793.5400
796.1300
793.1600
792.5900
793.8100
791.4900
824.8500
853.6500
862.4900
867.7500
863.1200
869.8400
884.0800
904.3000
914.5000
913.8800
913.7100
912.5400
900.0500
900.9200
897.7700
893.4600
888.8900
884.3300
878.3500
868.1900
866.0800
859.3800
851.0600
847.6400
819.8500
791.3700
777.6900
765.4100
759.4600
747.3500
728.9000
703.3700
686.3200
675.7900
660.9200
649.3800
652.6300
645.9800
637.7000
629.9700
621.2300
615.6700
615.7700
618.7800
614.4700
615.3100
617.0900
618.3600
634.1500
647.5300
658.1100
662.9600
660.8500
670.6100
683.4500
696.3700
704.7400
713.8300
718.6800
728.6300
714.1500
717.2500
719.3400
720.5000
728.0700
733.2800
737.0600
731.2200
728.6100
729.6800
732.8200
736.7900
704.1200
666.6200
