5.7019
5.6346
5.7578
5.6313
5.6308
5.6017
5.6363
5.6702
5.6563
5.6439
5.5667
5.5514
5.5077
5.4914
5.4842
5.5042
5.4507
5.4046
5.3382
5.2387
5.0329
4.4844
3.7503
3.2646
2.9803
2.8245
2.9369
3.0873
3.1922
3.5988
3.9232
4.2175
4.4003
4.3505
4.2572
4.2576
4.2943
4.2641
4.1915
4.0675
3.9867
4.3454
4.7143
4.3738
4.0451
4.0616
3.9891
3.6192
3.2555
3.1372
3.2473
3.5148
3.7589
3.7747
3.6364
3.9384
4.5579
5.1433
5.3601
5.0496
4.4095
3.7885
3.6507
3.7148
3.9815
4.2984
4.8999
6.2668
6.9809
7.7819
8.3264
8.6615
8.8182
8.8297
8.9742
8.9780
9.0766
9.3234
9.4876
9.4883
9.7000
9.8178
9.7880
9.8787
9.9777
9.8661
9.8352
9.8215
9.7289
9.6453
9.5044
9.3701
9.2566
9.2583
9.3664
9.3719
9.4647
9.4706
9.4142
9.4113
9.5270
9.8099
9.9057
9.7686
9.6393
9.5811
9.4138
9.2882
9.1760
8.9372
8.7991
8.6040
8.2783
7.6862
6.9053
6.7525
5.8845
4.9909
4.5272
4.1600
4.0810
4.2256
4.1276
3.8960
3.6479
3.4678
3.3236
3.2261
3.1846
3.1807
3.1502
3.0939
3.0287
2.9549
2.8073
2.5994
2.3496
2.0725
1.7275
1.4269
1.5121
1.9271
2.4740
2.9853
3.4108
3.7494
3.9809
4.3255
4.7290
4.8996
5.0421
5.0525
4.9855
5.0419
5.1849
5.4365
5.5650
5.8303
6.6888
8.4317
8.4339
8.5068
8.6452
8.5880
8.7183
8.9180
8.9707
8.8914
8.9771
9.1094
9.2316
9.2351
9.3135
9.2810
9.4167
9.4408
9.4402
9.4390
9.4778
9.5164
9.4779
9.4628
9.4509
9.4359
9.3952
9.2807
9.1961
9.1478
9.1479
9.1433
9.2035
9.2465
9.2303
9.2089
9.0943
8.9314
8.7558
8.6809
8.5607
8.4221
8.2587
8.0903
7.9825
7.9038
7.8828
7.9033
7.9385
7.9861
7.8994
7.5061
7.1129
6.4755
5.5706
4.9499
4.7332
4.9318
4.8920
4.7409
4.5860
4.5158
4.4856
4.3912
4.3020
4.2036
4.1085
4.0107
3.9293
3.8862
3.8756
3.8343
3.8422
3.8769
3.9780
4.1142
4.2970
4.5412
4.8459
5.1332
5.4052
5.7491
6.1469
6.7216
7.2528
7.6657
7.9926
8.3337
8.5827
8.8400
8.9527
9.0580
9.0771
8.9638
8.7653
8.6108
8.4603
8.2449
8.2274
8.2681
8.4056
8.2736
8.3242
8.2663
8.3767
8.6197
8.6603
8.7941
8.9517
9.2322
9.2671
9.1669
9.0461
8.9756
8.8334
8.6232
8.4532
8.4179
8.4745
8.5944
8.5917
8.5330
8.5331
8.6249
8.6923
8.6763
8.6766
8.5325
8.3864
8.3130
8.3386
8.3836
8.3459
8.3861
8.4680
8.5077
8.5237
8.5895
8.6392
8.6651
8.7253
8.7675
8.8106
8.8128
8.9617
8.9559
8.7974
8.4284
7.9285
7.8150
6.8429
6.5645
6.4404
6.4904
6.5070
6.4050
6.1860
5.9539
5.7304
5.5016
5.3281
5.1650
4.9606
4.7704
4.5814
4.3963
4.2258
4.0928
3.9854
3.9314
3.9582
4.0210
4.1229
4.1944
4.2639
4.3285
4.4309
4.5954
4.7854
4.9837
5.1620
5.3310
5.5586
5.9121
6.4673
7.2260
7.8569
8.1880
8.4815
8.7166
8.7973
8.8553
8.8439
8.8478
8.8458
8.9378
9.0494
9.0179
9.1442
9.3147
9.5323
9.8069
10.0442
10.0135
10.1552
10.1838
9.9724
9.7260
9.6153
9.7207
9.6261
9.3836
9.3079
9.3500
9.3455
9.2355
9.1260
9.1360
9.1616
