2.5355
2.5405
2.5289
2.4571
2.3729
2.3131
2.3026
2.2867
2.2554
2.2276
2.1720
2.0655
1.9533
1.9070
1.8842
1.8527
1.8723
1.8933
1.8137
1.8949
1.9013
1.7853
1.7907
2.0819
2.4873
2.9148
3.5021
4.0224
4.4898
4.9866
5.3436
5.5761
5.7299
5.8771
6.0316
6.1632
6.2796
6.3930
6.5002
6.5953
6.6703
6.7238
6.7750
6.8601
6.9491
7.0079
7.0315
7.0012
6.8300
6.6041
6.4104
6.3608
6.3791
6.3797
6.1909
5.9988
5.9529
5.9529
5.9168
5.8735
5.8928
5.8961
5.8815
5.8663
5.8382
5.7744
5.5224
4.9963
4.4239
3.8388
3.4114
3.1002
2.9393
2.7670
2.6878
2.6506
2.5303
2.4171
2.3449
2.3254
2.3540
2.3943
2.3354
2.1795
2.0395
1.8979
1.8063
1.7567
1.6711
1.6115
1.5671
1.5366
1.5078
1.4723
1.4314
1.3025
1.1907
1.1161
1.0931
1.1342
1.2270
1.3289
1.3876
1.4076
1.4042
1.3577
1.2999
1.3015
1.3370
1.3307
1.2735
1.1567
0.9673
0.6850
0.4488
0.4899
0.4406
0.5872
0.8778
1.2258
1.6740
2.1672
2.5597
2.9183
3.3729
3.8985
4.3113
4.7306
5.0652
5.3557
5.5893
5.7953
5.9752
6.1200
6.2398
6.3407
6.4185
6.4650
6.4703
6.4009
6.2471
6.0421
5.7806
5.6504
5.8359
5.9421
5.9369
5.8300
5.8649
5.9538
6.0297
6.1141
6.1051
6.0188
6.0484
6.1285
6.1693
6.1030
5.8055
5.0887
4.5105
4.0213
3.5378
3.0768
2.7194
2.4040
2.1125
1.7958
1.5185
1.3859
1.2491
1.0607
0.9247
0.8319
0.7341
0.6055
0.5261
0.4613
0.4448
0.4216
0.3154
0.2035
0.1035
0.0119
-0.0669
-0.1290
-0.1698
-0.2142
-0.2200
-0.1785
-0.1096
-0.0442
0.0061
0.0053
-0.0629
-0.1225
-0.1460
-0.1697
-0.1936
-0.2171
-0.2543
-0.3049
-0.3481
-0.3904
-0.4370
-0.5043
-0.5816
-0.6639
-0.8290
-1.1358
-1.3162
-1.3477
-1.1547
-0.8532
-0.4676
-0.0486
0.3118
0.6682
1.0364
1.5014
1.9578
2.3260
2.6212
2.9220
3.2300
3.5074
3.7460
3.9662
4.1633
4.3000
4.3424
4.3223
4.3295
4.3431
4.3099
4.2373
4.1124
4.0865
4.1664
4.2117
4.2638
4.2779
4.3934
4.4238
4.4107
4.3665
4.2666
4.1676
4.0331
3.8705
3.6715
3.4927
3.3355
3.1462
2.9358
2.7159
2.4454
2.1180
1.7812
1.4004
0.9450
0.5641
0.1958
-0.1061
-0.3018
-0.5120
-0.6514
-0.7491
-0.8693
-0.9966
-1.1272
-1.2426
-1.3535
-1.4517
-1.5271
-1.5936
-1.6328
-1.6587
-1.6969
-1.7498
-1.7909
-1.8154
-1.8395
-1.8620
-1.8653
-1.8637
-1.8452
-1.8290
-1.8147
-1.7936
-1.7724
-1.7506
-1.7275
-1.7108
-1.6989
-1.6933
-1.6902
-1.6907
-1.6949
-1.6990
-1.7021
-1.7035
-1.6993
-1.7185
-1.7567
-1.8195
-1.8803
-1.8635
-1.7723
-1.5365
-1.2189
-0.8432
-0.4659
-0.1649
0.1319
0.4339
0.7578
1.1252
1.4666
1.7678
2.0445
2.3040
2.5484
2.8071
3.0756
3.3238
3.5409
3.7252
3.8847
4.0213
4.1311
4.2110
4.2523
4.2287
4.2129
4.2269
4.2558
4.3270
4.4226
4.5463
4.6399
4.6715
4.5414
4.2825
3.9918
3.7136
3.4032
3.0985
2.8010
2.4818
2.1207
1.7479
1.4086
1.0358
0.6260
0.2485
-0.0785
-0.3437
-0.5741
-0.7259
-0.8939
-1.0511
-1.1746
-1.2923
-1.4051
-1.5029
-1.5780
-1.6039
-1.6728
-1.7826
-1.8572
-1.9258
-1.9851
-2.0395
-2.0844
-2.1217
-2.1548
