1.1694
1.2794
1.3686
1.3505
1.4127
1.5524
1.6705
1.7171
1.8447
2.0418
2.2117
2.4983
2.7011
2.8983
3.1296
3.4454
3.6709
3.8929
4.0647
4.1850
4.2048
3.8720
3.2876
2.8943
2.6603
2.5505
2.7260
2.9502
3.0938
3.5300
3.8645
4.1717
4.3514
4.2840
4.1737
4.1452
4.1553
4.1042
4.0105
3.8279
3.5246
3.4064
3.5093
3.4069
3.1852
2.9413
2.5070
1.6716
0.6005
-0.2048
-0.7300
-0.8824
-0.8454
-0.8298
-1.3921
-2.2377
-2.9677
-3.4184
-3.5349
-3.2246
-2.5556
-1.6620
-0.9836
-0.5959
-0.5072
-0.6817
-1.0682
-2.0653
-3.3393
-3.9482
-3.8611
-3.6173
-3.3775
-3.2055
-3.1143
-3.0365
-2.9252
-2.8341
-2.6811
-2.4376
-2.2852
-2.2259
-2.0204
-1.8074
-1.6091
-1.2755
-0.9525
-0.5663
-0.2768
-0.0597
0.2361
0.4249
0.5196
0.6260
0.6523
0.7576
0.9706
1.2554
1.4599
1.6279
1.8006
1.8494
1.9111
2.0809
2.2527
2.3836
2.6076
2.7071
2.7395
2.8674
2.9500
2.9688
2.9351
2.7616
2.5439
2.6246
2.4552
2.0626
1.8097
1.6980
1.8158
2.1771
2.3071
2.2290
2.2103
2.3869
2.4457
2.5102
2.5812
2.5712
2.5263
2.4411
2.3573
2.2206
2.0420
1.7952
1.4716
1.1280
0.7011
0.0399
-0.7581
-1.5267
-2.2601
-2.8600
-3.2823
-3.5819
-3.7979
-4.1447
-4.5585
-4.7400
-4.8769
-4.8588
-4.7411
-4.7468
-4.8023
-4.9058
-4.8041
-4.6921
-4.6811
-4.6677
-4.5222
-4.4862
-4.4733
-4.2974
-4.0840
-3.9965
-3.8997
-3.6615
-3.5581
-3.4407
-3.2444
-3.1500
-3.1442
-3.0529
-3.0873
-2.8932
-2.7208
-2.5555
-2.3140
-2.1837
-2.0405
-1.8646
-1.7216
-1.5778
-1.4035
-1.1850
-1.0741
-1.0047
-0.9198
-0.8112
-0.7686
-0.6816
-0.5375
-0.4424
-0.3702
-0.3168
-0.2508
-0.2112
-0.1508
-0.1071
-0.0610
-0.0237
-0.0160
-0.0784
-0.1800
-0.3210
-0.4522
-0.6056
-0.7267
-0.8555
-0.8903
-0.8662
-0.7521
-0.7030
-0.6471
-0.6248
-0.7180
-0.8365
-0.9517
-1.0317
-1.0838
-1.0987
-1.1630
-1.2510
-1.3486
-1.4691
-1.6012
-1.7527
-1.9423
-2.1875
-2.5043
-2.8380
-3.1494
-3.4311
-3.7249
-4.0612
-4.4459
-4.7636
-5.0241
-5.3397
-5.6805
-6.2158
-6.6831
-7.0335
-7.2734
-7.4953
-7.6303
-7.7736
-7.7683
-7.7527
-7.6406
-7.4002
-7.0876
-6.7797
-6.4197
-6.0060
-5.6937
-5.4921
-5.3507
-5.1237
-4.9759
-4.8102
-4.6587
-4.5417
-4.3278
-4.0998
-4.0565
-3.9420
-3.6840
-3.4685
-3.1981
-3.0141
-2.8377
-2.6442
-2.5513
-2.6127
-2.6706
-2.7828
-2.7150
-2.5534
-2.4291
-2.3324
-2.1921
-2.0598
-1.9533
-1.7980
-1.7449
-1.7432
-1.7740
-1.8158
-1.7724
-1.7903
-1.8325
-1.8825
-1.8917
-1.8997
-1.9192
-1.9401
-1.9903
-2.0229
-2.1166
-2.2114
-2.2272
-2.3520
-2.3288
-2.2452
-2.0127
-1.7804
-1.5916
-1.4991
-1.4492
-1.3447
-1.1753
-1.1454
-1.0942
-1.0156
-0.9811
-0.9562
-0.9569
-0.9774
-0.9541
-0.9863
-1.0804
-1.1886
-1.2980
-1.4183
-1.5271
-1.6717
-1.8782
-2.0858
-2.3214
-2.5441
-2.7947
-3.0613
-3.2993
-3.4858
-3.6396
-3.7081
-3.6754
-3.5029
-3.3780
-3.3984
-3.7177
-4.2472
-4.7790
-5.1128
-5.3228
-5.4513
-5.4032
-5.3056
-5.1102
-4.9624
-4.8683
-4.8135
-4.7595
-4.5896
-4.4421
-4.2618
-4.2090
-4.1161
-3.8934
-3.8312
-3.6718
-3.5061
-3.1328
-2.8333
-2.6958
-2.6218
-2.3543
-2.1708
-2.1362
-2.1420
-2.0652
-1.9689
-1.8933
-1.7602
-1.6793
