5.5807
5.4874
5.5928
5.4670
5.4507
5.3823
5.3830
5.4040
5.3470
5.2617
5.1085
4.9575
4.8000
4.6642
4.5035
4.2925
4.0293
3.7490
3.4604
3.1511
2.7659
2.2623
1.8046
1.5101
1.3435
1.2136
1.0927
0.9098
0.7866
0.7008
0.6759
0.6201
0.6538
0.7579
0.8395
0.9718
1.0835
1.1565
1.2184
1.3754
1.8630
2.6980
3.1479
2.7429
2.4935
2.8010
3.1028
3.2100
3.1996
3.1305
3.1642
3.4022
3.6626
3.6824
3.3594
3.2409
3.4593
3.8430
4.0293
3.8860
3.5934
3.4045
3.5157
3.6667
3.9491
4.2440
4.7821
5.9167
6.1304
6.7059
7.3771
7.8700
8.1457
8.2273
8.4165
8.4489
8.5923
8.8823
9.1009
9.1698
9.4270
9.5621
9.5772
9.7119
9.8471
9.7833
9.7889
9.8051
9.7249
9.6452
9.5015
9.3604
9.2420
9.2371
9.3437
9.3413
9.4148
9.3870
9.3003
9.2695
9.3553
9.6340
9.7196
9.5444
9.3723
9.2799
9.0455
8.8849
8.7575
8.4647
8.2898
8.0756
7.7405
7.1729
6.4197
6.2216
5.3478
4.5447
4.1497
3.7976
3.6547
3.6215
3.4227
3.1953
2.9021
2.5156
2.2505
2.0264
1.8652
1.8722
1.8818
1.9008
1.9016
1.9494
1.9264
1.8799
1.8317
1.7386
1.5788
1.4264
1.3083
1.1760
1.0062
0.8556
0.9273
1.1082
1.1930
1.2374
1.2583
1.2405
1.2798
1.3859
1.5419
1.6997
1.9547
2.3429
2.8090
3.4607
4.7779
7.0218
7.1190
7.2277
7.3979
7.4354
7.7025
7.9724
8.0787
8.1025
8.2418
8.4346
8.6426
8.6812
8.7667
8.7645
8.8962
8.9866
9.0396
9.0864
9.1910
9.2625
9.2557
9.2773
9.2928
9.3031
9.2898
9.2047
9.1331
9.0925
9.1015
9.1072
9.1714
9.2213
9.2146
9.1982
9.0867
8.9258
8.7522
8.6783
8.5593
8.4214
8.2584
8.0902
7.9825
7.9034
7.8807
7.8968
7.9256
7.9631
7.8659
7.4572
7.0570
6.4173
5.5196
4.8997
4.6887
4.8921
4.8391
4.6666
4.4862
4.3963
4.3527
4.2516
4.1418
4.0132
3.8808
3.7319
3.5883
3.4685
3.3538
3.1491
2.9139
2.6412
2.4301
2.2702
2.1423
2.0320
1.9280
1.9125
1.9935
2.1309
2.3488
2.5581
2.8178
3.0486
3.3136
3.6429
3.9296
4.2090
4.4502
4.6842
4.9006
5.0582
5.1573
5.3086
5.5104
5.6486
5.9390
6.1805
6.4826
6.4962
6.6732
6.7227
6.9617
7.3261
7.5014
7.7800
7.9798
8.3483
8.5034
8.4854
8.4619
8.4544
8.3652
8.2078
8.0590
8.0022
8.0427
8.1314
8.1515
8.1419
8.1800
8.3035
8.4114
8.4282
8.4539
8.3409
8.2029
8.1281
8.1477
8.1846
8.1555
8.1928
8.2673
8.2968
8.3111
8.3768
8.4234
8.4451
8.4953
8.5309
8.5526
8.5309
8.6805
8.6416
8.4836
8.1239
7.6688
7.6095
6.6552
6.3911
6.2752
6.3495
6.4000
6.3018
6.0885
5.8666
5.6458
5.4179
5.2415
5.0717
4.8679
4.6673
4.4522
4.2325
4.0215
3.8392
3.6812
3.5583
3.4843
3.4377
3.4073
3.3348
3.2203
3.0600
2.9576
2.9945
3.1069
3.3297
3.6246
4.0186
4.4144
4.8377
5.2920
5.8460
6.2364
6.3955
6.6033
6.8017
6.9425
7.0899
7.2181
7.3252
7.3857
7.5309
7.6967
7.7626
7.9928
8.2825
8.5527
8.9012
9.2589
9.2517
9.4681
9.5612
9.4676
9.3042
9.2297
9.3605
9.3338
9.1291
9.0594
9.1013
9.1145
9.0232
8.9274
8.9648
9.0064
