-0.0001
-0.0021
-0.0004
0.0002
-0.0001
-0.0020
-0.0035
-0.0029
-0.0022
-0.0025
-0.0007
0.0000
-0.0007
-0.0029
-0.0033
-0.0044
-0.0061
-0.0062
-0.0088
-0.0096
-0.0101
-0.0094
-0.0072
-0.0084
-0.0077
-0.0038
0.0007
0.0070
0.0118
0.0179
0.0168
0.0119
0.0049
0.0010
0.0043
0.0089
0.0102
0.0109
0.0138
0.0210
0.0339
0.0386
0.0022
-0.0192
0.0125
0.0327
0.0474
0.1044
0.1529
0.1507
0.1393
0.1357
0.1370
0.1356
0.1351
0.1191
0.0862
0.0631
0.0563
0.0441
0.0288
0.0279
0.0341
0.0366
0.0331
0.0301
0.0508
0.0403
0.0157
0.0031
0.0002
-0.0057
-0.0068
-0.0076
-0.0081
-0.0042
-0.0026
-0.0045
-0.0029
-0.0044
-0.0056
-0.0068
-0.0041
-0.0041
-0.0079
-0.0076
-0.0070
-0.0069
-0.0061
-0.0083
-0.0056
-0.0036
-0.0021
-0.0028
-0.0053
-0.0068
-0.0088
-0.0102
-0.0116
-0.0129
-0.0144
-0.0138
-0.0097
-0.0074
-0.0077
-0.0069
-0.0073
-0.0093
-0.0081
-0.0077
-0.0079
-0.0079
-0.0080
-0.0070
-0.0068
-0.0054
-0.0053
-0.0061
-0.0051
-0.0033
0.0011
0.0078
0.0089
0.0086
0.0111
0.0187
0.0221
0.0284
0.0330
0.0362
0.0394
0.0425
0.0489
0.0579
0.0725
0.0954
0.1187
0.1339
0.1385
0.1311
0.1077
0.0710
0.0384
0.0224
0.0068
0.0028
0.0105
0.0132
0.0084
0.0023
-0.0031
-0.0087
-0.0058
0.0053
0.0126
0.0131
0.0148
0.0217
0.0370
0.0311
0.0010
0.0021
0.0043
0.0046
0.0031
-0.0007
0.0010
0.0022
0.0055
0.0042
-0.0002
-0.0085
-0.0088
-0.0077
-0.0042
-0.0025
-0.0041
-0.0032
-0.0033
-0.0057
-0.0053
-0.0047
-0.0055
-0.0044
-0.0019
-0.0017
-0.0015
-0.0009
0.0012
0.0016
0.0001
-0.0027
-0.0050
-0.0047
-0.0041
-0.0042
-0.0040
-0.0037
-0.0025
-0.0001
0.0021
0.0017
0.0017
0.0006
0.0002
0.0008
0.0012
0.0004
0.0011
0.0025
0.0041
0.0041
0.0054
0.0063
0.0086
0.0107
0.0113
0.0111
0.0117
0.0144
0.0191
0.0219
0.0230
0.0251
0.0290
0.0349
0.0423
0.0489
0.0555
0.0638
0.0658
0.0565
0.0415
0.0304
0.0231
0.0178
0.0134
0.0135
0.0167
0.0181
0.0167
0.0156
0.0122
0.0114
0.0107
0.0081
0.0046
0.0027
0.0018
0.0029
0.0027
0.0026
0.0024
0.0051
0.0054
0.0058
0.0071
0.0029
-0.0053
-0.0071
-0.0077
-0.0034
0.0034
0.0037
0.0004
-0.0008
0.0040
0.0001
-0.0027
-0.0002
0.0012
0.0013
0.0013
0.0010
0.0023
0.0051
0.0034
0.0036
0.0046
0.0026
0.0014
0.0005
0.0026
0.0022
0.0038
0.0047
0.0022
0.0007
-0.0012
-0.0026
-0.0050
-0.0067
-0.0073
-0.0063
-0.0048
-0.0037
-0.0032
-0.0023
-0.0023
-0.0025
-0.0039
-0.0056
-0.0107
-0.0104
-0.0097
-0.0092
-0.0057
-0.0067
-0.0056
-0.0023
0.0023
0.0070
0.0068
0.0060
0.0067
0.0093
0.0106
0.0125
0.0142
0.0142
0.0138
0.0141
0.0157
0.0186
0.0225
0.0283
0.0342
0.0386
0.0430
0.0464
0.0508
0.0567
0.0644
0.0661
0.0617
0.0600
0.0631
0.0655
0.0690
0.0704
0.0691
0.0692
0.0739
0.0725
0.0564
0.0437
0.0362
0.0271
0.0213
0.0149
0.0108
0.0044
0.0023
-0.0036
-0.0015
0.0020
-0.0024
-0.0069
-0.0022
0.0056
-0.0059
-0.0020
-0.0020
-0.0018
0.0004
-0.0014
0.0101
0.0108
-0.0048
-0.0078
-0.0074
-0.0043
-0.0017
-0.0012
-0.0029
-0.0040
-0.0044
