4.3030
4.2970
4.4310
4.4790
4.5560
4.5890
4.6360
4.6670
4.7190
4.7800
4.8430
4.8590
4.9030
4.9610
4.9810
4.9680
4.9060
4.6610
4.5350
3.9620
3.6230
3.4740
3.6160
3.7900
3.8090
3.8030
3.8590
3.8570
3.7820
3.6650
3.4790
3.3040
3.1080
2.9410
2.8000
2.6960
2.6290
2.6050
2.5400
2.4160
2.2960
2.1860
2.2200
2.4230
2.6810
3.0870
3.6890
4.2390
4.6290
4.9550
5.3040
5.5940
5.7230
5.6180
5.4320
5.1940
5.3900
5.8470
6.2940
6.2440
6.3210
6.4990
6.3870
6.2100
6.1580
6.2510
6.3320
6.3320
6.4620
6.4440
6.2780
6.3920
6.4680
6.4740
6.3760
6.3630
6.3520
6.2580
6.3140
6.4200
6.4840
6.3950
6.4030
6.3680
6.2890
6.2040
6.2940
6.3230
6.3740
6.2990
6.3170
6.4080
6.4730
6.4220
6.4790
6.4360
6.4650
6.5300
6.7110
6.6060
6.6410
6.7240
6.6950
6.5220
6.4710
6.5120
6.5210
6.1950
6.1620
6.1040
5.7670
5.0370
4.3600
3.8820
3.3010
3.0860
3.1370
3.0900
3.0010
3.0270
3.1980
3.4310
3.9150
4.5130
5.0480
5.4840
5.8240
5.9510
6.0910
6.3260
6.7210
7.1060
7.3200
7.1990
7.2020
7.3820
7.7340
8.1290
8.4010
8.5840
8.5690
8.6350
8.8660
8.9600
8.9740
9.0760
8.9980
8.9340
8.8920
8.7000
8.4690
7.9440
7.8730
8.2460
8.6980
9.3930
9.4000
9.3950
6.2890
8.2200
5.6850
5.6540
9.3640
7.6900
6.8030
7.1570
7.0760
7.3510
6.2380
8.6320
7.8570
8.5220
8.1690
6.7970
6.3510
6.9850
6.5900
5.3940
5.0300
4.3500
5.0290
5.4680
6.6360
7.4990
5.9530
5.2450
4.8550
5.1140
5.4170
5.0310
5.0720
4.6180
3.7630
4.0710
3.6040
3.8450
4.3000
4.4460
4.2800
4.3190
3.6740
3.0490
2.9520
3.1540
2.3820
2.5860
2.5280
2.7450
3.4210
3.5820
2.8950
2.0580
1.9380
1.2770
1.0550
1.6230
2.1760
2.1240
2.0750
2.1140
3.6940
2.1670
2.8230
3.2230
4.0260
4.6340
4.8440
5.1610
5.0200
5.1880
5.2220
4.8330
4.7170
5.2690
5.2170
5.1380
4.9500
4.7890
4.6630
4.4740
4.2840
4.0400
4.2070
4.5200
4.2390
4.4480
4.9260
4.7730
4.7860
5.0520
6.0370
5.6590
4.2270
4.7970
5.1610
6.3250
5.9230
5.4850
5.4480
4.9270
4.1670
5.3350
5.2710
5.3350
4.5020
4.5580
4.3050
4.9620
5.5740
4.6270
3.6260
3.2220
3.1020
2.8200
3.1140
2.8570
2.2720
2.6680
2.5710
2.2600
2.1220
1.9050
1.5890
1.7740
2.2660
2.8190
3.3020
3.7910
4.2590
4.0860
3.6300
3.3690
3.4390
3.6930
4.0260
4.2820
4.3220
4.2750
4.2660
4.2830
4.2680
4.2000
4.2280
4.3090
4.4330
4.9700
5.2620
5.6170
5.5660
5.5920
5.3690
5.5220
5.8530
6.4200
7.1980
7.9850
8.0430
8.3570
8.7290
8.7840
8.6190
8.3430
8.0440
7.2790
6.5730
6.1230
5.7760
5.3220
4.9020
4.6840
4.9300
4.8880
4.8270
4.6960
3.7440
4.7970
5.0010
2.2400
0.8890
3.2340
4.7420
4.2750
4.8000
4.7960
5.1480
5.6470
6.7500
6.9040
6.8250
6.2130
5.6040
4.9600
4.4850
4.6130
5.2680
5.4670
4.7690
4.0840
3.6390
3.7200
4.0240
4.0010
4.3050
5.0400
5.6700
5.8070
5.9890
6.1210
6.2910
6.3090
6.2360
6.1960
6.1060
5.9270
5.8350
5.6610
5.5240
