854.8200
863.0500
907.5200
864.7200
882.9900
884.6700
876.4800
861.1900
873.4900
883.3500
880.4400
902.7900
912.2500
899.8800
903.8900
934.2400
934.3200
932.6300
948.0800
933.1000
930.0800
943.0500
944.3200
942.3900
937.9900
936.7100
931.0400
938.5600
949.2300
945.2900
942.9500
936.4400
926.5100
927.9000
929.3100
929.2600
920.1800
909.9900
899.2700
875.5500
860.9300
848.8100
835.5700
825.7400
813.0500
795.9200
780.9500
775.4200
761.4400
745.5800
722.8500
709.4100
690.8600
685.2800
671.5400
656.3500
648.5400
643.9000
631.6900
646.5900
653.8800
651.6900
656.3300
656.1900
644.4800
657.9900
662.0200
669.3000
667.2900
670.2600
668.2400
660.1400
682.8900
680.5700
662.4600
655.5700
667.2100
663.5900
655.1400
668.0300
667.9500
646.9200
640.0800
603.9500
564.7600
572.7100
601.2000
570.1400
567.3900
574.6200
571.0000
554.5000
546.3600
537.0700
522.3200
505.7200
489.3900
502.2000
486.4100
489.0000
465.2900
443.1800
437.5400
460.3100
458.3300
473.9200
489.6400
496.3600
478.4300
464.4400
467.5300
497.5900
516.2900
518.6200
511.5600
515.0100
505.6900
517.4500
522.9400
513.8200
502.4300
489.6400
478.3700
470.1100
476.8800
484.3000
484.7900
498.3800
486.4000
473.6100
469.5300
466.1000
445.7900
415.2400
389.6800
357.0000
301.4800
231.8800
183.9600
148.9900
146.8800
130.2800
87.7260
62.5730
54.8160
44.9000
52.9410
61.4250
0.2256
-33.9930
-55.4120
-29.9280
-63.0860
-71.1920
-92.8000
-170.6500
-109.7900
-84.2850
-64.3140
61.7070
83.9450
90.6700
159.1500
124.2400
151.4300
200.3100
231.9000
255.9200
192.1500
284.7700
249.3700
335.8000
382.9500
358.5900
386.3700
429.3300
445.2500
408.1200
392.3500
368.6200
416.4500
446.6900
494.9200
474.6700
440.4600
415.4500
390.5000
390.3700
396.7200
411.3400
420.3900
407.8600
410.0300
436.9300
436.6200
472.2000
491.3500
469.5700
460.5400
469.1000
450.0400
429.5100
424.1000
438.2000
397.5300
405.7600
427.4100
433.8200
440.6300
470.9600
504.3800
539.4300
560.4300
553.3700
570.6700
567.2500
554.3200
553.2100
563.7900
571.3100
673.7600
656.8100
643.3700
649.8300
650.9200
645.2300
663.7400
668.3600
704.7400
705.2600
706.1600
698.6800
664.7500
623.0100
617.7200
613.4400
607.4200
593.1100
569.3700
551.4400
545.5000
534.1700
517.0800
508.4700
497.6500
487.8600
455.3700
447.6600
425.4700
455.5300
464.0700
451.4400
497.8400
428.7400
437.2300
455.8800
513.4600
514.5400
467.6000
520.9500
482.7700
548.2300
519.0000
537.4400
582.3500
634.8000
664.9900
664.5500
679.3900
619.7400
633.1100
612.8700
621.5600
633.6500
663.3200
664.6600
666.5000
709.8800
705.0300
666.6900
638.3100
618.1000
607.7800
600.5100
589.5000
569.6000
547.5400
548.1500
550.0300
547.8600
542.0000
550.5100
553.3300
548.2900
549.8100
554.7900
557.0600
552.1500
555.8900
555.6000
551.5200
549.2300
541.0000
570.4300
585.7600
581.6400
565.4600
528.8300
542.4900
532.2100
560.8100
568.3700
566.4200
551.9500
556.5300
552.5600
559.6700
552.8900
557.2600
563.7200
574.7600
585.8600
596.8100
610.2800
615.9000
610.1600
598.4600
558.1100
518.8000
501.2200
513.8900
506.9800
489.1100
470.0900
449.8300
426.9100
499.9900
466.8200
466.6000
459.8700
444.6400
520.3400
522.6000
437.6700
433.2300
446.0100
479.2800
456.7400
433.9300
450.4500
455.5900
458.6300
486.9100
513.9000
547.3800
558.6900
593.5600
618.8800
638.3900
649.2500
641.2500
651.6800
639.0400
618.6000
602.5300
596.4700
596.1100
598.2100
601.8500
607.2700
613.9600
624.7600
632.6400
634.4600
634.9400
607.1100
576.7000
