6.0277
6.0187
6.2306
6.3071
6.4288
6.4820
6.5558
6.6051
6.6883
6.7840
6.8847
6.9108
6.9791
7.0713
7.1044
7.0830
6.9852
6.5953
6.3957
5.4866
4.9488
4.7116
4.9376
5.2141
5.2437
5.2339
5.3227
5.3201
5.2006
5.0158
4.7209
4.4418
4.1315
3.8659
3.6432
3.4785
3.3722
3.3337
3.2310
3.0336
2.8428
2.6686
2.7220
3.0451
3.4542
4.0983
5.0531
5.9255
6.5451
7.0626
7.6159
8.0759
8.2814
8.1148
7.8185
7.4417
7.7525
8.4782
9.1874
9.1082
9.2305
9.5131
9.3350
9.0533
8.9705
9.1187
9.2478
9.2480
9.4543
9.4244
9.1619
9.3428
9.4637
9.4732
9.3173
9.2973
9.2787
9.1298
9.2195
9.3863
9.4878
9.3479
9.3604
9.3041
9.1791
9.0445
9.1869
9.2336
9.3133
9.1943
9.2239
9.3682
9.4714
9.3904
9.4808
9.4118
9.4578
9.5622
9.8495
9.6821
9.7377
9.8695
9.8227
9.5494
9.4685
9.5332
9.5479
9.0293
8.9769
8.8848
8.3506
7.1926
6.1178
5.3591
4.4383
4.0974
4.1768
4.1032
3.9614
4.0025
4.2741
4.6434
5.4118
6.3613
7.2100
7.9024
8.4420
8.6435
8.8653
9.2382
9.8642
10.4748
10.8153
10.6239
10.6281
10.9128
11.4713
12.0995
12.5301
12.8215
12.7976
12.9019
13.2680
13.4168
13.4390
13.6008
13.4783
13.3762
13.3089
13.0042
12.6387
11.8055
11.6934
12.2850
13.0019
14.1050
14.1149
14.1077
9.1784
12.2433
8.2206
8.1715
14.0587
11.4019
9.9952
10.5570
10.4285
10.8647
9.0985
12.8967
11.6672
12.7219
12.1630
9.9857
9.2782
10.2831
9.6570
7.7589
7.1808
6.1023
7.1792
7.8765
9.7302
11.0997
8.6466
7.5228
6.9037
7.3142
7.7947
7.1828
7.2481
6.5275
5.1703
5.6596
4.9187
5.3010
6.0223
6.2546
5.9917
6.0535
5.0300
4.0387
3.8844
4.2046
2.9790
3.3038
3.2106
3.5554
4.6276
4.8842
3.7930
2.4656
2.2751
1.2266
0.8745
1.7754
2.6527
2.5698
2.4919
2.5550
5.0612
2.6391
3.6800
4.3134
5.5890
6.5532
6.8861
7.3899
7.1651
7.4314
7.4855
6.8684
6.6846
7.5614
7.4778
7.3523
7.0552
6.7993
6.5996
6.2997
5.9969
5.6103
5.8755
6.3716
5.9262
6.2579
7.0164
6.7739
6.7939
7.2166
8.7800
8.1793
5.9074
6.8117
7.3894
9.2365
8.5983
7.9039
7.8451
7.0180
5.8115
7.6651
7.5641
7.6660
6.3428
6.4326
6.0312
7.0732
8.0446
6.5411
4.9530
4.3120
4.1213
3.6747
4.1413
3.7334
2.8047
3.4327
3.2789
2.7856
2.5664
2.2219
1.7211
2.0151
2.7950
3.6726
4.4396
5.2154
5.9585
5.6834
4.9600
4.5453
4.6562
5.0592
5.5876
5.9947
6.0582
5.9828
5.9695
5.9959
5.9720
5.8647
5.9093
6.0371
6.2347
7.0862
7.5502
8.1125
8.0319
8.0728
7.7190
7.9622
8.4871
9.3868
10.6215
11.8699
11.9620
12.4599
13.0502
13.1377
12.8757
12.4384
11.9632
10.7498
9.6302
8.9153
8.3656
7.6447
6.9790
6.6324
7.0226
6.9559
6.8588
6.6509
5.1404
6.8112
7.1346
2.7541
0.6104
4.3317
6.7239
5.9840
6.8159
6.8096
7.3687
8.1606
9.9108
10.1548
10.0293
9.0583
8.0918
7.0697
6.3165
6.5201
7.5591
7.8741
6.7676
5.6806
4.9747
5.1021
5.5851
5.5485
6.0311
7.1965
8.1966
8.4141
8.7035
8.9119
9.1830
9.2112
9.0943
9.0321
8.8890
8.6042
8.4591
8.1827
7.9654
