-2.5734
-2.5560
-2.5150
-2.4841
-2.4580
-2.4326
-2.3956
-2.3442
-2.2916
-2.2577
-2.2581
-2.2762
-2.3087
-2.3663
-2.4707
-2.5782
-2.8443
-3.1726
-3.2348
-3.2083
-2.9664
-2.6398
-2.2267
-1.8205
-1.4590
-1.1108
-0.7098
-0.2702
0.1020
0.4412
0.7927
1.2065
1.6022
1.9480
2.2693
2.5454
2.7907
3.0148
3.2041
3.3439
3.4289
3.4789
3.4966
3.4460
3.3262
3.0281
2.5250
2.2361
2.3039
2.6337
2.8226
3.0034
3.1757
3.2870
3.2174
3.1485
3.2703
3.4440
3.3236
2.9660
2.5990
2.1990
1.8952
1.5916
1.2787
0.9354
0.6136
0.2782
0.0435
-0.1471
-0.3016
-0.4113
-0.5640
-0.6170
-0.5970
-0.6507
-0.7592
-0.8870
-1.1171
-1.3762
-1.4875
-1.5114
-1.6972
-1.8726
-2.0056
-2.1167
-2.2549
-2.3454
-2.3914
-2.3782
-2.3633
-2.3683
-2.3754
-2.4091
-2.4421
-2.4437
-2.4054
-2.3916
-2.3949
-2.4197
-2.3859
-2.3630
-2.3438
-2.3515
-2.2853
-2.3446
-2.3247
-2.3068
-2.1791
-2.1976
-2.3476
-2.4825
-2.5228
-2.4982
-2.4062
-2.2301
-2.0064
-1.7752
-1.5085
-1.1975
-0.9050
-0.6600
-0.3625
0.0160
0.3880
0.6945
0.8778
0.9601
1.0759
1.2842
1.5895
1.7696
1.8185
2.0272
2.4757
3.0025
3.5001
4.0280
4.4300
4.6701
4.8301
5.0009
5.1904
5.3723
5.5089
5.6389
5.7544
5.8391
5.9107
5.9798
6.0205
6.0438
6.0459
6.0193
5.9570
5.8728
5.7581
5.6670
4.7682
-1.0397
-0.9805
-0.8558
-0.9208
-1.1146
-0.8226
-0.7766
-0.7167
-1.0194
-1.2787
-1.9599
-3.0017
-2.4116
-3.3481
-3.3308
-3.2760
-3.3453
-3.3503
-3.3175
-3.3045
-3.3030
-3.4038
-3.5367
-3.8613
-3.8613
-4.0183
-4.0132
-3.7181
-3.3479
-3.2635
-3.4390
-3.8679
-3.9800
-3.9413
-4.2933
-4.3577
-4.4677
-4.4714
-4.4089
-4.3691
-4.4516
-4.4704
-4.3451
-4.4935
-4.4286
-4.2430
-4.3514
-4.4359
-4.3492
-4.3976
-4.3490
-4.3750
-4.2743
-4.0453
-3.7813
-3.5366
-3.4151
-3.2814
-3.0762
-2.9322
-2.9349
-2.7797
-2.5570
-2.7029
-2.7923
-2.9894
-3.3134
-3.5410
-3.6596
-3.7299
-3.9842
-4.2211
-4.1703
-4.1455
-4.1051
-3.9775
-3.9402
-3.9930
-3.9360
-3.8324
-3.7083
-3.5690
-3.3726
-3.3493
-3.5065
-3.5854
-3.6344
-3.6427
-3.6033
-3.5710
-3.7046
-4.1291
-3.9339
-3.5171
-3.6693
-3.8635
-3.8926
-3.4389
-3.0505
-2.8381
-3.1142
-3.0517
-3.2277
-2.8232
-2.5532
-2.5272
-2.4936
-2.3868
-2.4102
-2.4966
-2.1674
-2.3047
-1.9015
-1.4310
-1.2631
-2.1558
-2.8042
-3.2850
-3.5546
-3.3617
-3.0189
-2.8153
-2.7638
-2.6731
-2.6043
-2.6108
-2.7360
-2.9277
-3.1905
-3.4199
-3.4321
-3.3549
-3.1184
-3.0053
-3.0254
-3.0459
-2.9886
-2.9426
-2.9259
-2.9876
-2.9970
-3.1382
-3.1485
-3.1714
-3.2406
-3.4477
-3.4312
-3.4163
-3.0906
-3.2399
-2.8306
-2.2043
-1.4669
-0.8062
-0.2289
0.3752
0.7588
0.9308
0.9793
1.1313
1.2581
1.4252
1.5433
1.6741
1.8545
2.0737
2.2951
2.4922
2.7033
2.9376
3.1581
3.3648
3.5306
3.6472
3.7752
3.8922
3.0832
1.4928
0.8102
0.2420
-0.9479
-1.7062
-1.7474
-1.8353
-1.3158
-1.4399
-2.0241
-1.1610
-0.7285
-0.7418
-0.2588
-0.2762
-0.2988
-0.2994
-0.3771
-0.5702
-0.8557
-1.1498
-1.3156
-1.4858
-1.6424
-1.8678
-2.1800
-2.5238
-2.4225
-1.9405
-1.2308
-0.9658
-0.9069
-0.6801
-0.4702
-0.3185
-0.1792
0.1350
0.5544
0.7744
0.9620
1.2656
