2.4233
2.5165
2.6986
2.8304
2.9762
3.1557
3.3186
3.3678
3.4168
3.6214
3.6507
3.5869
3.5246
3.4981
3.4817
3.3134
3.1027
2.8144
2.6747
2.2291
1.9543
1.8773
2.0871
2.2723
2.3225
2.2279
2.2067
2.2889
2.3284
2.2350
2.1186
2.0265
1.9217
1.7751
1.6208
1.4189
1.1965
1.0293
0.7618
0.3693
-0.0796
-0.6878
-1.4336
-2.2060
-2.9038
-3.7631
-4.8692
-5.6802
-6.2583
-6.7959
-7.3262
-7.6648
-7.7282
-7.4278
-6.9980
-6.4630
-5.7564
-5.2611
-5.4681
-5.0313
-5.0185
-5.2424
-5.1577
-5.1005
-4.9898
-4.8580
-4.6965
-4.2176
-3.9354
-3.6846
-3.2822
-3.4019
-3.1225
-2.9881
-2.9409
-3.1849
-3.4244
-3.6101
-3.8576
-3.7474
-3.4834
-3.6372
-3.5442
-4.0841
-4.4720
-4.1499
-3.7483
-3.5586
-2.8084
-2.4299
-2.4890
-2.6910
-2.7121
-2.8223
-2.5102
-2.2411
-2.2047
-1.7729
-1.8056
-1.3720
-1.0075
-0.6536
-0.0602
1.0895
1.5417
1.9240
2.6637
3.3436
3.6869
3.9612
4.3564
3.7239
3.1870
2.7790
2.0746
1.8379
1.7470
1.3428
0.6572
-0.0024
-0.4061
-0.9949
-1.5000
-1.6647
-1.3523
-0.6903
-0.0375
1.0675
1.7179
2.0899
2.8654
3.5399
3.7954
3.1501
2.7913
2.7230
2.6671
2.1667
2.3377
2.5274
2.7622
2.9174
2.8403
3.2639
3.6618
4.0743
4.5912
5.3443
4.5389
4.1904
3.7197
4.0260
3.4824
2.8013
1.9086
0.9099
2.6104
4.0478
6.0357
12.1616
7.8676
6.6795
13.4990
11.2054
9.5645
10.0633
10.1662
10.7911
9.0847
12.8870
11.6097
12.4781
11.6520
9.4193
8.6726
9.0442
8.6232
7.2219
6.5987
5.3028
6.4342
7.4219
8.9801
10.7243
7.1839
6.6987
6.4582
7.1588
7.7039
6.5883
6.2109
5.5495
3.8695
4.4674
4.2791
4.1740
4.6589
3.0268
3.4658
4.5824
3.9726
3.3099
2.2857
3.0613
1.6886
1.3017
1.5188
0.0425
-0.6097
-0.1754
0.6074
1.9813
2.1099
0.8396
-0.1859
-1.0138
-1.5138
-1.5081
-1.9714
-1.9751
3.5496
0.5484
-1.7802
-2.5561
-3.2215
-3.9860
-3.2558
-3.2560
-3.0399
-4.1276
-4.1346
-3.8749
-5.4807
-6.5729
-6.7063
-6.8165
-6.5567
-6.3065
-6.1413
-5.9027
-5.7268
-5.4558
-5.8015
-6.3478
-5.8547
-6.2225
-6.9432
-6.5598
-6.2710
-6.8763
-8.7797
-8.1767
-5.8481
-6.7174
-7.3657
-9.2284
-8.5890
-7.9009
-7.6145
-7.0179
-5.7593
-7.2244
-7.2460
-7.2172
-5.9678
-4.7125
-1.8883
-0.6356
1.6527
-3.3077
-1.9738
-2.5401
-2.1399
-0.3867
-0.0050
-0.4046
0.6437
0.3546
-0.0908
-0.0657
-0.2620
-0.7971
-1.2488
-1.8327
-2.5019
-3.2518
-3.9570
-4.2879
-4.2000
-3.2566
-2.4781
-1.7697
-1.2851
-0.6656
-0.0645
0.4640
0.6904
0.3933
-0.3920
-1.2107
-2.0707
-2.7723
-3.2802
-3.7588
-4.0296
-4.8547
-5.5774
-6.5418
-5.2368
-5.2210
-3.6643
-2.3567
-1.4059
-0.7102
1.8815
5.1014
7.3945
8.5975
9.3287
10.1693
10.7719
10.7513
10.6180
9.8591
8.9889
8.4867
8.1027
7.3937
6.6378
6.1833
6.4601
5.9802
5.5878
5.7256
4.8119
6.4928
7.1088
2.6108
0.2742
-3.3269
-5.4906
-5.3840
-6.0885
-6.4614
-7.2143
-7.6592
-2.7195
-3.6936
-3.7118
-2.2541
-1.9901
-2.0355
-1.5981
-1.2130
-1.0703
-0.8994
-0.6838
-0.6547
-0.8337
-1.3231
-1.6989
-1.5059
-1.4560
-0.8633
-0.4316
-0.1418
-0.2229
-0.2488
-0.1555
0.0237
0.4599
0.7730
1.1425
1.6592
1.6905
1.7084
1.8952
