5.5191
5.4673
5.6158
5.6363
5.6984
5.6620
5.6538
5.6820
5.7497
5.7366
5.8370
5.9070
6.0237
6.1454
6.1927
6.2602
6.2583
5.9647
5.8095
5.0134
4.5466
4.3214
4.4748
4.6929
4.7013
4.7360
4.8437
4.8025
4.6503
4.4903
4.2188
3.9526
3.6574
3.4343
3.2628
3.1759
3.1528
3.1708
3.1399
3.0110
2.8417
2.5784
2.3139
2.0992
1.8707
1.6232
1.3509
1.6872
1.9162
1.9224
2.0808
2.5437
2.9759
3.2678
3.4866
3.6891
5.1928
6.6484
7.3830
7.5924
7.7470
7.9383
7.7808
7.4798
7.4547
7.7169
7.9664
8.2303
8.5963
8.6743
8.5538
8.7015
8.9337
8.9896
8.8410
8.7348
8.6237
8.3857
8.3737
8.6058
8.8252
8.6113
8.6635
8.3598
8.0160
8.0362
8.3875
8.5204
8.8798
8.8674
8.8817
8.9734
9.0748
8.9562
9.1425
9.1411
9.1973
9.3964
9.6826
9.5844
9.6854
9.8479
9.8225
9.4870
9.3421
9.3371
9.1688
8.3874
8.1848
7.9529
7.1241
6.1535
5.2221
4.5823
3.9236
3.6621
3.7939
3.8772
3.9065
4.0025
4.2548
4.5356
5.1997
6.1396
7.0820
7.8722
8.4419
8.5773
8.6972
8.9987
9.4388
9.8586
10.1275
10.1462
10.2550
10.5676
11.1569
11.9039
12.3101
12.5699
12.4960
12.5677
12.9604
13.0138
12.9305
12.9762
12.6722
12.2622
12.5110
12.3106
12.0789
11.0978
11.1628
11.9613
12.8610
14.0756
13.8714
13.5145
6.9146
1.4118
2.3832
4.7072
3.9271
2.1080
2.9023
3.1907
2.3241
1.2624
-0.5015
0.4990
-1.1568
2.4785
3.4884
3.3155
3.2971
4.8935
4.3472
2.8363
2.8319
3.0196
3.1846
2.6371
3.7464
2.8623
4.8120
3.4236
2.4398
1.4998
1.1862
2.8612
3.7363
3.4368
3.4292
3.4745
2.4254
3.2678
3.8160
5.4735
4.8876
3.9556
3.0854
2.3142
3.1407
2.8822
2.4542
3.0365
2.8286
3.5551
4.5873
4.8810
3.7440
1.4675
0.8512
0.8942
0.8545
1.4575
2.1783
2.0808
1.5243
1.6208
-3.6078
-2.5815
-3.2207
-3.4745
-4.5671
-5.2016
-6.0677
-6.6339
-6.4883
-6.1797
-6.2401
-5.6710
-3.8270
-3.7380
-3.3079
-2.7552
-2.6049
-2.5414
-2.4165
-2.2011
-1.7796
-1.3078
-0.9295
-0.5507
-0.9177
-0.6642
-1.0106
-1.6895
-2.6136
-2.1900
0.0687
0.2057
-0.8345
-1.1298
-0.5904
0.3864
0.4006
-0.2184
-1.8880
0.0434
0.7772
2.5615
2.1704
2.5845
2.1486
4.3784
5.7280
7.0446
7.8730
5.6432
4.5428
3.4844
3.5222
3.6543
4.1413
3.7114
2.7298
3.4143
3.2777
2.7848
2.5530
2.0740
1.1843
0.8378
1.2461
1.7070
2.0131
2.9689
4.2266
4.6578
4.2965
4.1867
4.4754
5.0152
5.5872
5.9767
6.0188
5.9699
5.9566
5.8724
5.6015
5.1681
4.9153
4.7242
4.7574
5.1620
5.0891
4.7977
6.0899
6.1571
6.7938
7.6054
8.3698
9.3599
10.4536
10.7178
9.4027
9.0184
9.1259
8.3177
7.0535
6.2548
5.5115
4.2846
3.4556
2.7311
2.0808
1.9428
2.1554
2.3991
2.7538
3.5525
3.9774
3.3841
1.8082
-2.0584
-0.6067
0.8768
0.5453
-2.7740
-3.8812
-2.6115
-3.0638
-2.1496
-1.5006
2.8165
9.5304
9.4592
9.3171
8.7734
7.8432
6.7703
6.1110
6.4063
7.4830
7.8226
6.7329
5.6428
4.9043
4.9275
5.3205
5.3402
5.8527
7.1445
8.1852
8.4129
8.7007
8.9084
9.1817
9.2112
9.0827
8.9990
8.8153
8.4427
8.2884
8.0024
7.7367
