3.7730
3.8770
4.1390
4.2670
4.5200
4.8450
5.1010
5.4620
5.6780
5.8380
5.8340
5.8590
5.8800
5.9660
6.0720
6.0220
5.9060
5.9280
5.7970
5.2560
5.0370
5.2490
5.3280
5.2150
5.3220
5.6230
5.7640
5.8670
6.0170
6.1060
6.1050
6.0830
6.0640
6.0770
6.1590
6.1650
6.1540
6.2110
6.2850
6.2990
6.1960
6.0950
6.0390
6.0270
6.0580
6.1280
6.2130
6.2800
6.3320
6.3750
6.4010
6.3680
6.3050
6.2110
6.1200
6.0150
5.8720
5.7070
5.5770
5.4760
5.3860
5.2480
4.9640
4.8880
4.7800
4.7630
4.8450
4.9170
5.0310
5.1020
5.1610
5.1770
5.1030
4.9910
4.9200
4.8350
4.7710
4.6890
4.6020
4.5040
4.4100
4.2660
4.0990
3.9750
3.8990
3.8210
3.7110
3.6090
3.5230
3.4490
3.3700
3.2810
3.1750
3.0740
2.9870
2.9350
2.8910
2.8320
2.7590
2.6980
2.6500
2.6320
2.6720
2.7500
2.8420
2.9520
3.0280
3.0930
3.1880
3.2730
3.3220
3.3580
3.4450
3.5320
3.5840
3.5940
3.5940
3.5300
3.4220
3.1820
2.6950
2.4360
2.3420
2.4410
2.4540
2.4520
2.4240
2.4020
2.3700
2.3200
2.2480
2.1430
2.0980
2.1930
2.3780
2.5890
2.7870
2.9760
3.1350
3.2670
3.3550
3.4080
3.4320
3.4050
3.3210
3.1980
3.0760
2.9610
2.8590
2.7510
2.6230
2.5070
2.4200
2.3450
2.3740
2.4770
2.5730
2.7100
2.8390
2.9870
3.1160
3.2390
3.4110
3.6240
3.8690
4.2700
4.5690
4.8550
5.0280
5.1330
5.2960
5.5680
5.8060
6.0160
6.3110
6.5300
6.7070
6.9900
7.2530
7.2910
7.2110
7.2350
7.3100
7.3590
7.3650
7.3680
7.3760
7.4570
7.5910
7.5900
7.5000
7.4620
7.4610
7.4540
7.4430
7.4610
7.4760
7.4670
7.4040
7.3640
7.3660
7.3850
7.4030
7.4230
7.4290
7.4430
7.4780
7.5070
7.4810
7.3550
7.1040
6.7240
6.3180
6.2790
6.1060
5.4280
5.0040
4.7750
4.8230
5.2480
5.2990
5.2660
5.4880
5.7630
5.8320
5.8010
5.7920
5.8080
5.8250
5.8180
5.7850
5.7310
5.7110
5.7250
5.7490
5.7740
5.8030
5.8380
5.8540
5.8580
5.8850
5.9330
5.9850
6.0020
5.9710
5.9030
5.8510
5.8270
5.7660
5.6620
5.7250
5.7670
5.7280
5.8530
6.0120
6.2250
6.2800
6.4170
6.5210
6.6810
6.7720
6.8020
6.8830
6.9530
6.9660
7.0110
7.1020
7.1610
7.2500
7.3220
7.4050
7.4550
7.5390
7.5360
7.5310
7.5360
7.5370
7.5220
7.4720
7.4130
7.3650
7.3320
7.3160
7.3100
7.2820
7.2900
7.3090
7.3430
7.3670
7.3370
7.2850
7.2340
7.1960
7.1320
7.0370
7.0530
7.1280
7.1930
7.2980
7.3930
7.4370
7.4140
7.3820
7.3770
7.2610
6.9910
6.5740
6.0550
5.9730
5.5180
4.8410
4.3910
4.0800
3.8650
3.9130
4.1860
4.2100
4.1310
4.0640
4.0880
4.1570
4.1760
4.1730
4.1770
4.1920
4.2250
4.3040
4.3840
4.4980
4.5990
4.7250
4.8520
4.9390
4.9740
4.9940
5.0320
5.0990
5.1820
5.2830
5.3330
5.3910
5.5100
5.6510
5.7650
5.8680
5.9480
6.0020
6.0810
6.1960
6.2810
6.3180
6.4830
6.7560
7.0130
7.2710
7.5590
7.6890
7.7620
7.7840
7.7780
7.8210
7.8880
7.9440
7.9890
8.0230
8.0600
8.1020
8.1290
8.1170
8.1030
8.0870
8.0500
8.0310
8.0130
8.0270
8.0180
8.0120
