1065.9000
1059.1000
1022.8000
1072.6000
1090.5000
1088.4000
1121.7000
1087.6000
1112.3000
1109.6000
1128.6000
1149.3000
1139.5000
1145.9000
1146.2000
1167.6000
1203.0000
1202.1000
1216.4000
1221.7000
1226.6000
1244.3000
1262.1000
1276.3000
1289.5000
1299.1000
1310.1000
1314.5000
1320.4000
1318.6000
1322.3000
1324.0000
1320.9000
1323.5000
1328.5000
1332.9000
1340.9000
1351.1000
1358.7000
1355.5000
1351.2000
1351.0000
1351.4000
1354.5000
1353.5000
1350.4000
1348.8000
1347.9000
1351.0000
1355.8000
1358.7000
1371.9000
1382.4000
1389.7000
1399.2000
1407.4000
1417.8000
1424.8000
1436.2000
1446.1000
1453.3000
1462.3000
1469.6000
1475.8000
1480.3000
1484.6000
1489.5000
1494.2000
1499.2000
1505.2000
1509.2000
1515.2000
1520.5000
1524.9000
1531.6000
1532.5000
1534.5000
1541.7000
1548.2000
1556.9000
1563.5000
1574.6000
1582.9000
1591.2000
1601.4000
1611.8000
1621.9000
1608.0000
1593.8000
1591.0000
1593.7000
1605.4000
1606.2000
1605.2000
1596.2000
1588.3000
1591.6000
1596.8000
1598.7000
1596.4000
1586.8000
1582.1000
1582.7000
1586.4000
1587.5000
1583.4000
1581.6000
1579.2000
1580.7000
1583.8000
1585.0000
1613.2000
1639.2000
1646.0000
1648.4000
1639.7000
1643.0000
1653.4000
1671.2000
1685.3000
1688.4000
1696.0000
1705.6000
1708.4000
1720.0000
1729.3000
1735.2000
1737.5000
1737.2000
1738.3000
1741.0000
1744.8000
1746.2000
1743.7000
1742.8000
1725.9000
1710.3000
1704.5000
1699.4000
1699.5000
1694.3000
1685.6000
1675.1000
1668.5000
1667.9000
1664.8000
1659.3000
1647.4000
1625.9000
1609.0000
1596.2000
1582.7000
1569.1000
1549.8000
1526.9000
1510.2000
1498.2000
1491.1000
1482.9000
1495.0000
1501.8000
1502.3000
1502.2000
1499.7000
1506.7000
1518.6000
1529.6000
1542.7000
1548.0000
1551.3000
1556.2000
1550.7000
1553.5000
1560.6000
1566.8000
1575.6000
1575.7000
1582.3000
1582.9000
1587.6000
1588.5000
1585.5000
1584.5000
1552.7000
1520.6000
1507.1000
1500.8000
1505.6000
1497.4000
1481.3000
1456.6000
1435.4000
1427.7000
1420.6000
1409.5000
1414.2000
1408.1000
1397.5000
1391.3000
1388.8000
1390.3000
1390.2000
1392.0000
1388.4000
1382.8000
1380.3000
1375.9000
1404.1000
1434.0000
1438.9000
1438.1000
1426.5000
1429.5000
1440.6000
1462.3000
1476.7000
1474.1000
1473.0000
1475.7000
1460.3000
1458.6000
1460.0000
1457.6000
1455.8000
1449.9000
1444.0000
1434.5000
1431.2000
1429.6000
1422.8000
1418.5000
1391.5000
1360.5000
1345.5000
1331.6000
1325.1000
1308.2000
1287.5000
1259.4000
1236.8000
1224.0000
1212.0000
1197.6000
1191.8000
1171.2000
1155.0000
1141.0000
1128.4000
1118.3000
1103.5000
1088.0000
1071.5000
1057.0000
1046.9000
1038.5000
1067.6000
1091.9000
1100.5000
1107.9000
1105.1000
1114.1000
1130.7000
1153.5000
1168.7000
1168.8000
1171.9000
1175.3000
1158.4000
1156.6000
1161.4000
1167.5000
1181.5000
1186.1000
1193.3000
1197.6000
1204.9000
1217.5000
1224.8000
1233.1000
1206.9000
1179.3000
1169.3000
1167.8000
1180.6000
1179.9000
1171.0000
1151.6000
1136.4000
1136.5000
1136.7000
1133.8000
1144.2000
1141.1000
1133.0000
1125.8000
1121.5000
1121.9000
1120.1000
1121.2000
1119.0000
1114.1000
1113.4000
1112.2000
1141.5000
1170.8000
1180.2000
1182.5000
1172.5000
1174.5000
1182.0000
1196.8000
1206.4000
1203.0000
1203.3000
1206.5000
1198.2000
1201.8000
1206.3000
1206.8000
1207.3000
1203.0000
1200.0000
1191.8000
1188.3000
1185.6000
1178.3000
1174.0000
1143.4000
1115.6000
1101.5000
1089.8000
1088.1000
1076.5000
1062.3000
1039.3000
1021.2000
1011.5000
1000.6000
988.0700
984.4600
969.3600
954.2500
944.6800
934.2500
928.5700
919.5400
914.1800
907.3700
904.7700
909.1300
908.8000
933.4700
955.8400
960.9600
969.7000
969.5400
976.5700
988.2800
1003.6000
1018.4000
1022.8000
1026.3000
1036.0000
1023.3000
1020.9000
1028.8000
1029.1000
1033.5000
1029.6000
1028.2000
1022.1000
1022.4000
1024.1000
1024.4000
1024.1000
988.4100
950.2900
