5.1867
5.3513
5.7681
5.9714
6.3722
6.8882
7.2942
7.8674
8.2099
8.4636
8.4570
8.4975
8.5297
8.6673
8.8354
8.7562
8.5715
8.6069
8.3987
7.5398
7.1929
7.5296
7.6535
7.4754
7.6452
8.1227
8.3458
8.5090
8.7477
8.8888
8.8875
8.8518
8.8229
8.8429
8.9731
8.9827
8.9654
9.0550
9.1731
9.1946
9.0318
8.8713
8.7823
8.7633
8.8120
8.9230
9.0580
9.1656
9.2480
9.3155
9.3573
9.3040
9.2050
9.0552
8.9111
8.7445
8.5178
8.2549
8.0496
7.8895
7.7459
7.5276
7.0772
6.9563
6.7851
6.7575
6.8884
7.0026
7.1830
7.2952
7.3898
7.4147
7.2979
7.1196
7.0068
6.8717
6.7700
6.6409
6.5020
6.3460
6.1983
5.9688
5.7047
5.5080
5.3865
5.2632
5.0876
4.9271
4.7893
4.6729
4.5466
4.4057
4.2378
4.0769
3.9395
3.8574
3.7873
3.6932
3.5778
3.4803
3.4054
3.3756
3.4390
3.5633
3.7094
3.8844
4.0046
4.1073
4.2582
4.3930
4.4705
4.5287
4.6665
4.8051
4.8861
4.9029
4.9033
4.8009
4.6299
4.2482
3.4756
3.0646
2.9156
3.0729
3.0938
3.0907
3.0455
3.0113
2.9609
2.8813
2.7669
2.5999
2.5296
2.6793
2.9728
3.3074
3.6228
3.9215
4.1740
4.3846
4.5236
4.6081
4.6462
4.6021
4.4699
4.2740
4.0810
3.8985
3.7358
3.5649
3.3626
3.1785
3.0391
2.9201
2.9667
3.1302
3.2834
3.4996
3.7040
3.9399
4.1447
4.3390
4.6119
4.9508
5.3390
5.9752
6.4504
6.9041
7.1778
7.3447
7.6027
8.0343
8.4123
8.7460
9.2145
9.5621
9.8419
10.2916
10.7088
10.7693
10.6426
10.6802
10.7992
10.8768
10.8872
10.8913
10.9039
11.0328
11.2447
11.2433
11.1006
11.0407
11.0388
11.0273
11.0099
11.0383
11.0620
11.0478
10.9491
10.8844
10.8889
10.9188
10.9469
10.9780
10.9887
11.0101
11.0653
11.1126
11.0710
10.8705
10.4723
9.8689
9.2258
9.1639
8.8882
7.8122
7.1401
6.7760
6.8527
7.5275
7.6085
7.5551
7.9083
8.3444
8.4545
8.4043
8.3901
8.4164
8.4435
8.4323
8.3790
8.2938
8.2619
8.2839
8.3228
8.3626
8.4082
8.4636
8.4884
8.4956
8.5380
8.6147
8.6972
8.7233
8.6752
8.5673
8.4842
8.4468
8.3488
8.1838
8.2849
8.3509
8.2883
8.4874
8.7402
9.0769
9.1643
9.3825
9.5470
9.8019
9.9462
9.9931
10.1218
10.2320
10.2539
10.3249
10.4697
10.5627
10.7040
10.8180
10.9507
11.0289
11.1623
11.1575
11.1506
11.1584
11.1595
11.1353
11.0561
10.9635
10.8862
10.8349
10.8091
10.7994
10.7556
10.7676
10.7983
10.8524
10.8892
10.8428
10.7598
10.6786
10.6189
10.5166
10.3663
10.3916
10.5105
10.6134
10.7810
10.9311
11.0007
10.9637
10.9142
10.9054
10.7223
10.2937
9.6310
8.8086
8.6784
7.9555
6.8817
6.1680
5.6737
5.3320
5.4097
5.8426
5.8800
5.7550
5.6493
5.6864
5.7964
5.8255
5.8222
5.8272
5.8515
5.9044
6.0299
6.1568
6.3379
6.4969
6.6971
6.8990
7.0372
7.0922
7.1249
7.1848
7.2913
7.4221
7.5829
7.6615
7.7542
7.9427
8.1665
8.3476
8.5111
8.6387
8.7242
8.8497
9.0317
9.1670
9.2253
9.4876
9.9194
10.3278
10.7375
11.1936
11.4003
11.5170
11.5510
11.5424
11.6106
11.7157
11.8048
11.8772
11.9306
11.9894
12.0557
12.0982
12.0799
12.0571
12.0316
11.9730
11.9435
11.9143
11.9374
11.9221
11.9131
