-13.5247
-13.5695
-13.6373
-13.7455
-13.9005
-14.0884
-14.3043
-14.5838
-14.8772
-15.1221
-15.3193
-15.4788
-15.6249
-15.7165
-15.7732
-15.8417
-15.8639
-15.7012
-15.6976
-15.5437
-15.2997
-14.9685
-14.6110
-14.2526
-13.8237
-13.3814
-12.9604
-12.4476
-11.9321
-11.4931
-11.1174
-10.7961
-10.5332
-10.3552
-10.2399
-10.1300
-10.0059
-9.9073
-9.8267
-9.7371
-9.5954
-9.4251
-9.2849
-9.1869
-9.1333
-9.1163
-9.1173
-9.1282
-9.1324
-9.1348
-9.1838
-9.2831
-9.4208
-9.5649
-9.7082
-9.8702
-10.0757
-10.3205
-10.5671
-10.8137
-11.0721
-11.3543
-11.6285
-11.8557
-12.0550
-12.2254
-12.3441
-12.3839
-12.3401
-12.2700
-12.1319
-11.9808
-11.9086
-11.8924
-11.8696
-11.8625
-11.8729
-11.9376
-11.9752
-11.9656
-11.9171
-11.8865
-11.8543
-11.8174
-11.7432
-11.7161
-11.7753
-11.8770
-11.9436
-11.9594
-11.9379
-11.9046
-11.8884
-11.9041
-11.9377
-11.9769
-11.9977
-11.9913
-11.9736
-11.9682
-11.9775
-11.9766
-11.9302
-11.8388
-11.7727
-11.7739
-11.7931
-11.7681
-11.6947
-11.6126
-11.5493
-11.5296
-11.5755
-11.6454
-11.6574
-11.5968
-11.5164
-11.4723
-11.5250
-11.8679
-12.1509
-11.8465
-11.3376
-10.6932
-10.1665
-9.5820
-9.0991
-8.6565
-8.3217
-8.0819
-7.9925
-8.0036
-8.0225
-8.0057
-7.9473
-7.8886
-7.8401
-7.7888
-7.7171
-7.6381
-7.5827
-7.5804
-7.6296
-7.7221
-7.8413
-7.9498
-8.0468
-8.1298
-8.1878
-8.2199
-8.2398
-8.2408
-8.2161
-8.2230
-7.9978
-7.7668
-7.6500
-7.6444
-7.6258
-7.4856
-7.3035
-7.1995
-7.1276
-7.0439
-7.1433
-7.3785
-7.3365
-7.7952
-8.3867
-8.5495
-8.5967
-8.4959
-8.2982
-8.1907
-8.3883
-9.0735
-9.2985
-8.8641
-8.6610
-9.0143
-9.3948
-9.4099
-9.1696
-8.9362
-8.7156
-8.6696
-8.7592
-8.8957
-9.0660
-9.2413
-9.3617
-9.4181
-9.4504
-9.4391
-9.4097
-9.4477
-9.5206
-9.5743
-9.6494
-9.7639
-9.9483
-10.1064
-10.2879
-10.5825
-10.9051
-11.1095
-11.1726
-11.1777
-11.2594
-11.4698
-11.7802
-12.1132
-12.1490
-11.8181
-11.7921
-11.5956
-11.2005
-10.7189
-10.1921
-9.6224
-9.1461
-8.6794
-8.1352
-7.6223
-7.2308
-6.9041
-6.5787
-6.2645
-6.0046
-5.7911
-5.5938
-5.3918
-5.1677
-4.9372
-4.7220
-4.5317
-4.3746
-4.2468
-4.1433
-4.0553
-3.9751
-3.9053
-3.8587
-3.8387
-3.8370
-3.8570
-3.9173
-4.0227
-4.1884
-4.4299
-4.6739
-4.9775
-5.3911
-5.8539
-6.3354
-6.8180
-7.2797
-7.7310
-8.1547
-8.5378
-8.8800
-9.3319
-9.6739
-9.9541
-10.1694
-10.3701
-10.6134
-10.8195
-10.9708
-11.1085
-11.2525
-11.4070
-11.5243
-11.6516
-11.7452
-11.8014
-11.8415
-11.8973
-11.9847
-12.0617
-12.0770
-12.0607
-12.0493
-12.1175
-12.2199
-12.2913
-12.3094
-12.2715
-12.2041
-12.1099
-12.0255
-11.8654
-11.7167
-11.6189
-11.5153
-11.4631
-11.4353
-11.3561
-11.2745
-11.2495
-11.2277
-11.1425
-11.0191
-10.9690
-11.0397
-11.2080
-11.3836
-11.4231
-11.2044
-11.0643
-10.7276
-10.2937
-9.8160
-9.3075
-8.7268
-8.1597
-7.6839
-7.2285
-6.7587
-6.2284
-5.6935
-5.2582
-4.9008
-4.5734
-4.2193
-3.8664
-3.5619
-3.3071
-3.0881
-2.8811
-2.6970
-2.5538
-2.4401
-2.3479
-2.2788
-2.2421
-2.2362
-2.2675
-2.3265
-2.4104
-2.5148
-2.6502
-2.8281
-3.0558
-3.3417
-3.6685
-4.0360
-4.4292
-4.8418
-5.3182
-5.7585
-6.2298
-6.6875
-7.1237
-7.4483
-7.7316
-8.0111
-8.2196
-8.4166
-8.5513
-8.6409
-8.7281
-8.8038
-8.8635
-8.8988
-8.9329
-8.9607
-8.9898
-9.0285
-9.0817
-9.1186
-9.1112
-9.1018
-9.0975
-9.0966
-9.0804
-9.0701
