2.7144
3.2443
3.9949
4.4498
5.1666
5.8615
6.3592
6.9612
7.2393
7.3877
7.3517
7.3704
7.2861
7.3428
7.4326
7.3477
7.2458
7.1307
6.9755
6.2868
6.0146
6.2015
6.2122
5.9896
5.9049
5.8680
5.6761
5.4145
5.2284
5.0484
4.8563
4.6235
4.4255
4.3229
4.2634
4.1244
3.9780
3.9112
3.8466
3.8121
3.8451
3.8508
3.7326
3.6379
3.5563
3.5348
3.5594
3.6051
3.6865
3.7286
3.6774
3.5176
3.3268
3.1725
3.0763
2.9779
2.8485
2.7040
2.6296
2.6041
2.5834
2.5089
2.4366
2.5596
2.5954
2.7799
2.9334
3.0349
2.9999
3.1085
3.1848
3.1739
3.1231
3.0338
2.8685
2.7173
2.5723
2.4667
2.3710
2.2465
2.0959
1.9878
1.8746
1.7827
1.7026
1.6392
1.6449
1.6800
1.6784
1.6077
1.4774
1.3178
1.1851
1.1418
1.1427
1.1669
1.2156
1.2590
1.3149
1.4133
1.5777
1.8415
2.1360
2.4088
2.6336
2.8275
3.0178
3.2146
3.3843
3.4856
3.5299
3.5674
3.6201
3.5980
3.5058
3.3898
3.3013
3.1999
3.1253
2.9836
2.6976
2.5739
2.5434
2.6285
2.6063
2.4433
2.2464
1.9969
1.7213
1.3585
0.8262
0.1972
-0.4110
-0.8949
-1.2507
-1.5088
-1.6922
-1.8279
-1.9019
-1.9531
-2.0130
-2.1138
-2.2655
-2.4370
-2.5725
-2.6617
-2.7151
-2.7560
-2.7912
-2.8167
-2.8288
-2.8454
-2.8686
-2.8625
-2.9595
-3.1244
-3.2246
-3.3206
-3.3591
-3.4352
-3.5076
-3.5427
-3.5527
-3.4900
-3.1554
-2.6807
-2.3699
-2.0167
-1.5767
-1.3679
-1.4816
-1.5813
-1.6479
-1.6720
-1.4264
-0.8763
-0.5014
-0.0559
0.3595
0.7460
1.1103
1.3156
1.4324
1.4797
1.3495
1.2600
1.1917
1.1670
1.1427
1.1601
1.1666
1.1199
1.0041
0.8517
0.6951
0.5386
0.4718
0.5689
0.8217
1.1534
1.5073
1.8553
2.2301
2.6073
2.9460
3.1486
3.2239
3.1987
3.1124
2.9593
2.7161
2.4077
2.0982
1.9601
1.9909
1.8089
1.6347
1.5570
1.6110
1.8617
1.8786
1.8517
1.8911
1.9001
1.8353
1.7190
1.5939
1.5165
1.4911
1.4679
1.4026
1.3390
1.2872
1.2528
1.2510
1.2346
1.1923
1.1579
1.0877
0.9757
0.8465
0.7192
0.5876
0.4337
0.2865
0.1420
-0.0421
-0.2891
-0.6634
-1.1592
-1.5878
-2.0287
-2.4817
-2.8339
-2.9657
-3.0504
-3.1059
-3.0615
-2.9572
-2.8885
-2.8280
-2.7818
-2.6808
-2.6403
-2.6440
-2.5760
-2.4491
-2.4256
-2.4296
-2.3695
-2.2717
-2.1358
-1.9327
-1.7870
-1.7162
-1.6615
-1.6026
-1.5151
-1.3993
-1.2060
-1.0579
-0.9420
-0.8718
-0.8269
-0.7581
-0.6161
-0.4829
-0.3444
-0.2083
-0.1019
-0.0694
-0.0811
-0.0687
0.0246
0.2053
0.3863
0.5131
0.5898
0.6603
0.7208
0.7872
0.8731
0.9328
0.9421
0.9054
0.8016
0.6788
0.6567
0.7554
0.7381
0.6561
0.5163
0.3759
0.2165
0.1764
0.2694
0.2314
0.1623
0.1201
0.1691
0.2421
0.1667
-0.0610
-0.3366
-0.5505
-0.7290
-0.9134
-1.1115
-1.3008
-1.4587
-1.6005
-1.7313
-1.8275
-1.9034
-2.0337
-2.2434
-2.4693
-2.7314
-2.9805
-3.2725
-3.6349
-4.0374
-4.4442
-4.8219
-5.1595
-5.3504
-5.4388
-5.4959
-5.4470
-5.3949
-5.3458
-5.3860
-5.4135
-5.5607
-5.5741
-5.6739
-5.6812
-5.5581
-5.4895
-5.3643
-5.4680
-5.4892
-5.4527
-5.4920
-5.5438
-5.5383
-5.5890
-5.6411
-5.6594
-5.6368
-5.6062
-5.5388
-5.4547
-5.3561
-5.2973
-5.3182
-5.3420
