-4.4197
-4.2557
-4.1607
-3.9821
-3.7298
-3.6180
-3.5731
-3.6658
-3.8724
-4.1296
-4.1801
-4.2291
-4.4349
-4.6050
-4.7771
-4.7625
-4.5792
-4.8200
-4.6776
-4.1623
-3.9449
-4.2703
-4.4705
-4.4729
-4.8561
-5.6165
-6.1184
-6.5641
-7.0133
-7.3161
-7.4434
-7.5483
-7.6328
-7.7142
-7.8956
-7.9798
-8.0345
-8.1668
-8.3276
-8.3671
-8.1724
-7.9920
-7.9497
-7.9725
-8.0625
-8.1930
-8.3294
-8.4269
-8.4815
-8.5367
-8.6044
-8.6134
-8.5829
-8.4812
-8.3633
-8.2218
-8.0274
-7.7994
-7.6080
-7.4473
-7.3024
-7.0971
-6.6446
-6.4683
-6.2691
-6.1592
-6.2326
-6.3108
-6.5266
-6.5998
-6.6684
-6.7010
-6.5958
-6.4408
-6.3927
-6.3117
-6.2623
-6.1658
-6.0542
-5.9351
-5.8331
-5.6281
-5.3879
-5.2116
-5.1103
-5.0014
-4.8143
-4.6319
-4.4855
-4.3876
-4.2998
-4.2040
-4.0687
-3.9137
-3.7701
-3.6766
-3.5869
-3.4719
-3.3274
-3.1805
-3.0178
-2.8291
-2.6953
-2.6258
-2.6122
-2.6634
-2.6324
-2.5567
-2.5843
-2.6738
-2.7432
-2.7898
-2.9447
-3.1849
-3.4035
-3.5423
-3.6255
-3.5790
-3.4159
-3.0242
-2.1915
-1.6633
-1.4256
-1.5918
-1.6670
-1.8928
-2.0564
-2.2540
-2.4092
-2.5409
-2.6407
-2.5924
-2.4960
-2.5255
-2.6969
-2.9432
-3.2032
-3.4694
-3.7155
-3.9256
-4.0510
-4.0946
-4.0564
-3.9039
-3.6555
-3.3440
-3.0468
-2.7573
-2.4830
-2.1851
-1.8180
-1.4166
-1.0037
-0.5773
-0.2066
0.1908
0.6185
1.1051
1.5610
1.9293
2.2080
2.5053
2.9408
3.5115
4.3069
5.3402
5.9992
6.6030
7.0025
7.2161
7.4569
7.8771
8.2493
8.5847
9.1034
9.5219
9.8291
10.2914
10.7027
10.7434
10.5845
10.5989
10.7038
10.7756
10.8032
10.8182
10.8386
10.9709
11.1865
11.1832
11.0392
10.9838
10.9930
10.9943
10.9879
11.0252
11.0519
11.0332
10.9182
10.8231
10.7841
10.7600
10.7173
10.6639
10.5864
10.5503
10.5852
10.6423
10.6245
10.4599
10.1140
9.5707
8.9841
8.9518
8.6623
7.5999
6.9504
6.5947
6.6607
7.2936
7.3729
7.3247
7.6789
8.1252
8.2529
8.2267
8.2373
8.2786
8.3108
8.3035
8.2608
8.1850
8.1610
8.1887
8.2282
8.2710
8.3233
8.3840
8.4184
8.4393
8.4959
8.5846
8.6774
8.7125
8.6705
8.5661
8.4841
8.4419
8.3224
8.1013
8.1313
8.1007
7.9080
8.0004
8.2217
8.5490
8.6219
8.8690
9.0774
9.3666
9.5357
9.5981
9.7603
9.8854
9.9071
9.9984
10.1793
10.2804
10.4246
10.5553
10.7125
10.8201
10.9937
11.0135
11.0178
11.0340
11.0438
11.0317
10.9672
10.8970
10.8346
10.7939
10.7739
10.7677
10.7289
10.7499
10.7875
10.8469
10.8872
10.8423
10.7596
10.6783
10.6186
10.5166
10.3642
10.3844
10.4979
10.5970
10.7608
10.9073
10.9724
10.9288
10.8743
10.8646
10.6840
10.2624
9.6071
8.7841
8.6454
7.9211
6.8504
6.1464
5.6612
5.3276
5.4068
5.8364
5.8754
5.7527
5.6480
5.6839
5.7913
5.8231
5.8219
5.8175
5.8256
5.8593
5.9603
6.0556
6.2029
6.3311
6.5030
6.6783
6.7958
6.8320
6.8285
6.8255
6.8605
6.9012
6.9726
6.9274
6.8495
6.8400
6.8513
6.8141
6.7689
6.7823
6.8214
6.9363
7.2043
7.4113
7.5185
7.8106
8.3120
8.7030
9.1773
9.6490
9.8839
10.0871
10.1632
10.2202
10.2424
10.3502
10.4701
10.5312
10.5644
10.6336
10.6819
10.7025
10.6721
10.6583
10.6456
10.6148
10.6251
10.6425
10.6977
10.6702
10.6483
