4.5930
4.6950
5.1430
5.5320
5.6750
5.8450
5.9730
5.9690
5.9310
5.9530
5.9240
5.7540
5.5370
5.5750
5.9530
6.4310
6.8030
7.2600
7.6490
7.8030
7.8730
7.8670
7.9480
7.8600
7.7220
7.6480
7.6400
7.6540
7.6530
7.6980
7.6030
7.3800
6.9770
6.9210
6.2620
5.5590
5.3250
5.7150
5.7330
5.7370
5.7500
5.2480
4.8990
5.3000
4.9170
5.2910
5.7880
5.9100
5.5930
5.4210
5.5470
5.5130
5.3590
5.1840
4.8730
4.8700
5.0070
5.1430
5.0640
5.0420
4.9440
4.8970
4.8600
4.7680
4.7360
4.9160
4.9370
4.7190
4.4850
4.4930
4.4220
4.0210
3.9700
3.8450
3.4860
3.4060
3.5690
3.6620
3.7840
3.8240
3.7860
3.9640
3.8380
3.7230
3.6630
3.5660
3.4230
3.2080
3.0280
2.9600
2.9210
2.9120
2.8920
2.8900
2.8350
2.8550
2.8980
2.9600
3.0500
3.1160
3.1680
3.2140
3.2370
3.2100
3.2450
3.2470
3.2160
3.1850
3.1220
3.0190
2.9440
2.9480
3.0390
3.1380
3.0650
3.0090
2.9390
2.8710
2.7710
2.6620
2.6380
2.6340
2.7380
2.8510
2.8830
2.8530
2.7790
2.6740
2.6770
2.7690
2.8400
2.8600
2.8740
2.9330
2.9740
2.8760
2.8920
3.0380
3.1920
3.4350
3.6950
3.7950
3.7540
3.8270
3.9810
4.3450
4.6580
4.8200
4.8870
4.6600
4.5610
4.6340
4.8390
5.1560
5.1020
5.2050
5.4190
5.2350
5.3120
5.0650
4.8200
4.7910
4.9520
5.0290
5.0650
5.0530
5.0870
4.8860
4.7460
4.8050
4.7580
4.7520
4.4470
4.7120
4.7950
4.5550
4.4090
4.3850
4.3580
4.2660
3.9420
3.5470
3.5640
3.6890
3.3240
3.2880
3.4530
3.6100
4.0170
4.1560
4.3450
4.5940
4.7610
4.6520
4.7070
4.9640
5.1070
5.2260
5.2360
5.1810
5.2120
5.2070
5.3340
5.4960
5.3140
5.3750
5.6540
5.7430
5.6720
5.6760
5.7980
5.9040
5.9350
5.9020
5.8500
5.7860
5.7680
5.7500
5.7100
5.6710
5.6330
5.5760
5.5490
5.5190
5.4750
5.4040
5.3650
5.3440
5.3270
5.2390
5.1670
5.1310
5.1310
5.1290
5.1160
5.0780
5.0210
4.9480
4.8710
4.7890
4.7170
4.6300
4.5400
4.5160
4.4890
4.4220
4.3460
4.2520
4.1810
4.1400
4.0990
4.0170
3.8750
3.7210
3.5690
3.3980
3.2180
3.1260
3.0800
3.0520
3.0460
3.0560
3.0240
2.9530
2.8760
2.7820
2.6490
2.4510
2.2500
2.0940
1.9850
1.8580
1.7290
1.6240
1.5270
1.4310
1.3510
1.3020
1.2690
1.2290
1.1950
1.1510
1.0870
1.0320
0.9820
0.9080
0.8510
0.8020
0.7590
0.7330
0.6980
0.6790
0.6670
0.6490
0.6410
0.6340
0.6400
0.6790
0.7420
0.8340
0.9610
1.1070
1.2610
1.4080
1.5320
1.6480
1.7520
1.8800
2.0170
2.1810
2.1610
2.0180
2.0390
2.0720
2.0510
2.0520
2.0290
2.0320
2.0700
2.1210
2.2160
2.3370
2.4180
2.4540
2.5330
2.7430
3.0120
3.1880
3.3460
3.5370
3.7290
3.9270
4.1320
4.3530
4.5600
4.7180
4.8420
4.9640
5.1150
5.2720
5.4100
5.5220
5.6430
5.8240
5.9710
6.0910
6.1470
6.1500
6.1520
6.1650
6.0770
5.9790
5.8430
5.7650
5.7640
5.8510
5.9050
5.9890
6.0350
6.0820
6.1440
6.1990
6.2570
6.2780
6.3050
6.3670
6.4060
6.4300
6.4680
6.5640
6.6760
6.7470
6.8200
6.9160
7.0100
7.0730
7.1570
