1578.3000
1600.9000
1564.7000
1571.6000
1543.5000
1528.3000
1515.2000
1531.1000
1548.8000
1569.0000
1572.7000
1567.5000
1595.3000
1617.1000
1619.4000
1616.8000
1629.9000
1628.6000
1633.1000
1629.3000
1634.9000
1638.3000
1641.6000
1647.1000
1634.0000
1625.1000
1621.1000
1621.2000
1623.4000
1606.7000
1586.7000
1576.8000
1593.5000
1589.9000
1617.6000
1641.7000
1640.5000
1615.1000
1622.3000
1589.0000
1547.0000
1553.5000
1552.3000
1518.3000
1514.1000
1473.9000
1423.1000
1394.6000
1393.3000
1386.3000
1366.8000
1362.6000
1347.5000
1329.5000
1328.8000
1308.1000
1284.3000
1261.4000
1257.9000
1243.4000
1251.2000
1243.0000
1229.8000
1240.1000
1251.6000
1257.7000
1263.7000
1278.2000
1291.6000
1300.8000
1301.3000
1317.0000
1300.7000
1298.4000
1300.7000
1292.8000
1286.8000
1287.7000
1283.3000
1285.2000
1290.6000
1287.1000
1290.5000
1283.5000
1277.5000
1274.7000
1272.3000
1247.1000
1220.3000
1206.1000
1205.5000
1215.7000
1210.2000
1200.3000
1180.8000
1165.0000
1164.5000
1168.6000
1168.6000
1172.9000
1163.6000
1153.3000
1147.1000
1145.2000
1145.0000
1141.6000
1140.8000
1134.5000
1130.2000
1129.0000
1125.5000
1149.7000
1172.5000
1179.5000
1180.1000
1170.2000
1173.5000
1182.6000
1204.1000
1216.5000
1215.9000
1215.9000
1212.7000
1203.0000
1202.4000
1202.8000
1196.4000
1189.9000
1181.1000
1173.0000
1170.4000
1173.9000
1172.5000
1167.2000
1164.1000
1142.4000
1121.7000
1107.9000
1094.8000
1085.5000
1065.2000
1041.3000
1019.0000
997.3400
988.2400
969.9400
961.2800
949.5800
930.2600
934.0100
924.9400
922.8200
913.0500
892.6000
875.8900
855.1300
848.7200
853.9300
857.2500
895.5400
927.3800
940.9900
948.2700
949.4400
956.9700
965.3500
983.4900
993.5100
1002.0000
1004.4000
1008.9000
1013.0000
1027.5000
1019.0000
1013.5000
1031.6000
1039.0000
1039.8000
1041.9000
1047.6000
1061.2000
1077.8000
1081.0000
1027.7000
1012.4000
1010.2000
996.3500
1012.3000
988.6100
972.0000
938.4500
908.4300
895.2200
893.1100
888.0400
893.4500
887.2900
865.4900
866.7700
862.4500
862.5900
863.0300
872.1900
868.9800
872.2500
875.5500
866.1400
896.6000
929.6200
949.2500
967.5000
976.4800
997.2900
1024.7000
1056.9000
1084.9000
1096.9000
1106.5000
1117.5000
1114.6000
1119.3000
1132.2000
1145.4000
1156.3000
1164.1000
1170.3000
1174.6000
1184.4000
1197.5000
1205.1000
1214.0000
1191.7000
1168.5000
1166.4000
1169.3000
1178.8000
1176.8000
1170.6000
1152.5000
1138.8000
1139.8000
1141.9000
1142.5000
1157.5000
1156.3000
1150.7000
1147.9000
1147.4000
1152.8000
1151.0000
1155.5000
1155.0000
1152.5000
1150.5000
1149.3000
1173.2000
1194.3000
1206.9000
1217.5000
1222.2000
1238.5000
1255.7000
1276.2000
1293.7000
1300.5000
1306.1000
1313.6000
1299.9000
1298.5000
1305.8000
1315.4000
1329.1000
1334.7000
1342.2000
1342.1000
1346.5000
1355.9000
1362.1000
1369.2000
1340.6000
1308.8000
1296.8000
1290.6000
1298.4000
1289.5000
1272.7000
1247.8000
1224.9000
1220.6000
1218.1000
1213.4000
1228.5000
1231.3000
1226.6000
1221.0000
1218.5000
1219.6000
1218.0000
1223.2000
1218.7000
1213.8000
1215.8000
1216.1000
1240.1000
1267.9000
1277.2000
1282.3000
1278.6000
1287.7000
1298.5000
1318.4000
1331.3000
1331.6000
1333.6000
1340.0000
1331.2000
1332.2000
1333.1000
1333.7000
1331.7000
1327.5000
1323.1000
1316.7000
1313.2000
1308.2000
1301.8000
1300.1000
1276.5000
1253.2000
1242.1000
1234.6000
1233.5000
1222.6000
1208.1000
1188.7000
1171.4000
1162.8000
1153.9000
1143.6000
1152.5000
1149.3000
1140.9000
1129.7000
1116.1000
1109.4000
1104.6000
1105.5000
1100.9000
1092.6000
1089.2000
1085.4000
1101.3000
1115.6000
1123.7000
1128.2000
1125.6000
1129.0000
1131.7000
1143.3000
1154.1000
1156.7000
1159.1000
1162.8000
1154.3000
1154.3000
1161.3000
1169.2000
1179.0000
1183.2000
1187.4000
1184.6000
1189.6000
1198.5000
1202.4000
1206.7000
1177.0000
1145.4000
