6.4880
6.6501
7.3609
7.9780
8.2042
8.4747
8.6780
8.6711
8.6111
8.6458
8.6005
8.3299
7.9854
8.0457
8.6455
9.4042
9.9953
10.7192
11.3376
11.5809
11.6928
11.6839
11.8115
11.6720
11.4528
11.3364
11.3233
11.3458
11.3433
11.4148
11.2649
10.9108
10.2707
10.1817
9.1368
8.0208
7.6498
8.2689
8.2964
8.3027
8.3243
7.5266
6.9729
7.6096
7.0019
7.5962
8.3849
8.5776
8.0751
7.8023
8.0018
7.9474
7.7031
7.4260
6.9315
6.9273
7.1448
7.3604
7.2360
7.2005
7.0446
6.9701
6.9123
6.7655
6.7155
7.0010
7.0339
6.6871
6.3168
6.3289
6.2168
5.5810
5.4998
5.3014
4.7310
4.6038
4.8633
5.0110
5.2047
5.2670
5.2070
5.4904
5.2894
5.1067
5.0124
4.8581
4.6306
4.2898
4.0048
3.8972
3.8346
3.8208
3.7895
3.7854
3.6986
3.7301
3.7976
3.8961
4.0397
4.1436
4.2264
4.3003
4.3367
4.2928
4.3491
4.3528
4.3027
4.2544
4.1539
3.9897
3.8721
3.8783
4.0222
4.1785
4.0639
3.9739
3.8638
3.7554
3.5962
3.4241
3.3851
3.3794
3.5449
3.7230
3.7752
3.7271
3.6102
3.4422
3.4479
3.5938
3.7057
3.7387
3.7610
3.8532
3.9189
3.7630
3.7887
4.0197
4.2643
4.6497
5.0631
5.2212
5.1560
5.2722
5.5166
6.0952
6.5912
6.8485
6.9539
6.5946
6.4370
6.5528
6.8790
7.3811
7.2957
7.4598
7.7985
7.5066
7.6286
7.2362
6.8478
6.8014
7.0573
7.1798
7.2368
7.2174
7.2714
6.9533
6.7300
6.8239
6.7502
6.7401
6.2556
6.6772
6.8083
6.4276
6.1963
6.1579
6.1144
5.9696
5.4545
4.8288
4.8557
5.0541
4.4738
4.4172
4.6795
4.9275
5.5742
5.7943
6.0945
6.4902
6.7544
6.5815
6.6694
7.0772
7.3040
7.4923
7.5079
7.4206
7.4694
7.4623
7.6643
7.9214
7.6317
7.7286
8.1717
8.3122
8.2008
8.2063
8.3995
8.5684
8.6178
8.5653
8.4829
8.3807
8.3529
8.3241
8.2598
8.1987
8.1375
8.0474
8.0051
7.9566
7.8871
7.7752
7.7134
7.6793
7.6530
7.5138
7.3982
7.3412
7.3410
7.3388
7.3184
7.2568
7.1676
7.0508
6.9296
6.7989
6.6841
6.5472
6.4042
6.3663
6.3223
6.2171
6.0959
5.9465
5.8349
5.7693
5.7035
5.5747
5.3481
5.1035
4.8623
4.5922
4.3064
4.1601
4.0877
4.0425
4.0330
4.0489
3.9988
3.8849
3.7635
3.6145
3.4025
3.0888
2.7700
2.5231
2.3497
2.1488
1.9441
1.7771
1.6236
1.4705
1.3433
1.2653
1.2127
1.1503
1.0965
1.0267
0.9239
0.8369
0.7575
0.6403
0.5496
0.4727
0.4045
0.3631
0.3073
0.2767
0.2586
0.2297
0.2168
0.2059
0.2151
0.2769
0.3771
0.5236
0.7252
0.9563
1.2009
1.4337
1.6306
1.8150
1.9803
2.1822
2.4008
2.6611
2.6285
2.4017
2.4348
2.4880
2.4539
2.4562
2.4187
2.4245
2.4837
2.5649
2.7167
2.9080
3.0364
3.0933
3.2195
3.5531
3.9785
4.2578
4.5092
4.8118
5.1169
5.4315
5.7565
6.1069
6.4354
6.6865
6.8823
7.0771
7.3161
7.5654
7.7847
7.9616
8.1548
8.4409
8.6738
8.8648
8.9537
8.9580
8.9619
8.9830
8.8430
8.6869
8.4714
8.3475
8.3460
8.4843
8.5695
8.7031
8.7767
8.8501
8.9496
9.0365
9.1278
9.1624
9.2049
9.3031
9.3649
9.4030
9.4637
9.6161
9.7928
9.9061
10.0225
10.1744
10.3234
10.4230
10.5565
