-11.5326
-11.3918
-11.1009
-10.9313
-10.8372
-10.7850
-10.7618
-10.7498
-10.7452
-10.7473
-10.7494
-10.7473
-10.7624
-10.9514
-11.1639
-11.3108
-11.4489
-11.7068
-12.0958
-12.6016
-13.0222
-13.2572
-13.4870
-13.7003
-13.7950
-13.7982
-13.7478
-13.6816
-13.6136
-13.5259
-13.4243
-13.3086
-13.1942
-13.0962
-13.0237
-13.0604
-13.2531
-13.4425
-13.5226
-13.5592
-13.6007
-13.5916
-13.5154
-13.4185
-13.2968
-13.1926
-13.1215
-13.0350
-12.9427
-12.8714
-12.8211
-12.7774
-12.7225
-12.6839
-12.6423
-12.6017
-12.5554
-12.5181
-12.4794
-12.4385
-12.4023
-12.3666
-12.3307
-12.2892
-12.2476
-12.2045
-12.1598
-12.1157
-12.0794
-12.0535
-12.0388
-12.0569
-12.0388
-11.9863
-11.9338
-11.8888
-11.8525
-11.8176
-11.7746
-11.7310
-11.6908
-11.6587
-11.6378
-11.6092
-11.5716
-11.5346
-11.5043
-11.4787
-11.4549
-11.4372
-11.4279
-11.4163
-11.4028
-11.3908
-11.3814
-11.3728
-11.3669
-11.3629
-11.3628
-11.3659
-11.3655
-11.3586
-11.3480
-11.3481
-11.3579
-11.3716
-11.3889
-11.4127
-11.4387
-11.4409
-11.4276
-11.4010
-11.3750
-11.3808
-11.3798
-11.3328
-11.2845
-11.2318
-11.1834
-11.1296
-11.0760
-11.0327
-11.0024
-10.9769
-10.9298
-10.8543
-10.7409
-10.6013
-10.4779
-10.3820
-10.2976
-10.2124
-10.1185
-10.0177
-9.9286
-9.8352
-9.7395
-9.6592
-9.6435
-9.6739
-9.6586
-9.6323
-9.6158
-9.6051
-9.6261
-9.7316
-9.9274
-10.0905
-10.1998
-10.2993
-10.3444
-10.4004
-10.4737
-10.5554
-10.6130
-10.6613
-10.7373
-10.8431
-10.9184
-11.0086
-11.0985
-11.1733
-11.2173
-11.2954
-11.3289
-11.3460
-11.3595
-11.3806
-11.3952
-11.4192
-11.4614
-11.4988
-11.5378
-11.5565
-11.5636
-11.5621
-11.5393
-11.5063
-11.4824
-11.4754
-11.4848
-11.5038
-11.5302
-11.5362
-11.5441
-11.5567
-11.5693
-11.5857
-11.6199
-11.6623
-11.6874
-11.7173
-11.7449
-11.7582
-11.7736
-11.7967
-11.8179
-11.8308
-11.8353
-11.8467
-11.8520
-11.8495
-11.8448
-11.8348
-11.8230
-11.8038
-11.7601
-11.7084
-11.6585
-11.5956
-11.5465
-11.5517
-11.5806
-11.6161
-11.6462
-11.6521
-11.6597
-11.6981
-11.7349
-11.7436
-11.7329
-11.7019
-11.6529
-11.6027
-11.5633
-11.5342
-11.5095
-11.4905
-11.4782
-11.4547
-11.4096
-11.3457
-11.2897
-11.2376
-11.1803
-11.1188
-11.0477
-10.9775
-10.9229
-10.8881
-10.8666
-10.8381
-10.8140
-10.8040
-10.8181
-10.8456
-10.8790
-10.9129
-10.9517
-10.9968
-11.0380
-11.0691
-11.0973
-11.1309
-11.1714
-11.2180
-11.2715
-11.3108
-11.3131
-11.2967
-11.2824
-11.2742
-11.2671
-11.2552
-11.2381
-11.2217
-11.2082
-11.2068
-11.2190
-11.2344
-11.2424
-11.2392
-11.2289
-11.2163
-11.2034
-11.1937
-11.1888
-11.1868
-11.1881
-11.1988
-11.2144
-11.2241
-11.2140
-11.1749
-11.1118
-11.0672
-11.0651
-11.1037
-11.1676
-11.2180
-11.2334
-11.2265
-11.2103
-11.2005
-11.1919
-11.1858
-11.1916
-11.2156
-11.2626
-11.3227
-11.3727
-11.4025
-11.4078
-11.4011
-11.3936
-11.3874
-11.3923
-11.4210
-11.4619
-11.5365
-11.8033
-11.7213
-11.2801
-10.8552
-10.4169
-10.0121
-9.7049
-9.3882
-9.1571
-9.0509
-8.9928
-8.9214
-8.8241
-8.7327
-8.6981
-8.7773
-8.9724
-9.1010
-9.1176
-9.1132
-9.0612
-8.9648
-8.8936
-8.8704
-8.8529
-8.8346
-8.8336
-8.8527
-8.8542
-8.8465
-8.8241
-8.8030
-8.7369
-8.5816
-8.3723
-8.1658
-8.0901
-8.0343
-7.9756
-7.9278
-8.0242
-8.0665
-8.1703
-8.2611
-8.4484
-8.7078
-8.9765
-9.2927
-9.5842
-9.8374
-10.0794
-10.2817
-10.4131
-10.5077
-10.5859
-10.6459
-10.7030
-10.7768
-10.8511
-10.9065
-10.9294
-10.9634
-11.0030
-11.0400
-11.0987
-11.1851
-11.2572
