-6.4218
-6.5986
-7.3282
-7.9684
-8.2016
-8.4714
-8.6749
-8.6687
-8.6101
-8.6443
-8.5986
-8.3247
-7.9849
-8.0249
-8.5761
-9.2869
-9.8101
-10.4261
-10.9896
-11.3135
-11.5146
-11.5512
-11.7090
-11.6050
-11.4088
-11.2995
-11.2864
-11.3071
-11.3048
-11.3777
-11.2316
-10.8690
-10.1782
-10.0650
-8.8742
-7.7809
-7.5926
-8.2003
-8.1038
-8.1984
-8.2891
-7.4737
-6.9037
-7.5937
-6.9984
-7.5923
-8.3792
-8.5766
-8.0746
-7.7964
-7.9794
-7.9174
-7.6349
-7.3384
-6.8445
-6.8473
-7.0985
-7.3202
-7.1884
-7.1686
-7.0410
-6.9699
-6.9122
-6.7639
-6.7051
-6.9538
-6.9455
-6.5345
-6.1273
-6.0336
-5.8820
-5.2744
-5.2688
-5.1704
-4.6565
-4.5779
-4.8413
-4.9946
-5.1876
-5.2599
-5.1878
-5.4699
-5.2689
-5.1030
-5.0123
-4.8494
-4.6089
-4.2669
-3.9732
-3.8390
-3.7409
-3.7229
-3.7007
-3.6869
-3.5720
-3.5438
-3.5529
-3.6132
-3.7418
-3.8221
-3.8964
-3.9807
-4.0296
-3.9799
-3.9948
-3.9778
-3.9643
-3.9753
-3.9200
-3.7932
-3.7098
-3.7702
-3.9499
-4.1033
-3.9790
-3.8863
-3.7881
-3.7091
-3.5758
-3.4188
-3.3808
-3.3774
-3.5447
-3.7229
-3.7739
-3.7261
-3.6088
-3.4398
-3.4390
-3.5522
-3.6284
-3.6362
-3.6215
-3.6567
-3.6768
-3.5478
-3.5412
-3.6465
-3.8139
-4.0531
-4.1948
-4.2037
-4.1757
-4.1682
-4.3501
-4.8975
-5.4969
-5.8953
-6.1893
-6.1577
-5.9841
-6.0286
-6.0846
-6.1823
-5.7603
-5.6720
-5.9889
-6.0482
-6.4002
-6.1249
-5.8330
-5.8604
-6.2516
-6.4764
-6.6794
-6.8607
-7.0186
-6.6951
-6.4956
-6.6241
-6.5283
-6.5513
-6.0690
-6.5702
-6.7623
-6.4105
-6.1650
-6.1129
-6.0819
-5.9161
-5.3687
-4.6959
-4.8104
-4.9251
-4.2277
-4.1623
-4.3526
-4.4702
-4.8221
-4.7411
-4.8803
-5.0448
-5.1104
-4.8443
-4.8516
-5.0758
-5.1076
-5.0115
-4.8050
-4.4717
-4.2378
-3.9793
-4.0683
-4.3025
-4.0162
-4.0906
-4.4867
-4.5248
-4.7279
-4.7629
-4.6542
-4.2835
-4.0023
-3.9886
-3.9491
-3.9422
-4.0803
-4.2829
-4.4170
-4.4138
-4.2949
-4.1676
-3.9879
-3.8504
-3.7726
-3.6440
-3.5383
-3.5147
-3.5620
-3.5986
-3.6001
-3.5600
-3.5392
-3.4520
-3.3452
-3.2576
-3.1343
-3.0526
-3.0105
-3.0083
-2.9757
-2.8970
-2.8469
-2.8535
-2.9196
-2.9566
-2.9550
-2.9307
-2.8937
-2.8613
-2.7569
-2.6098
-2.4624
-2.3903
-2.3113
-2.2298
-2.1752
-2.1545
-2.1265
-2.1203
-2.1045
-2.1320
-2.1976
-2.2627
-2.3381
-2.3827
-2.3661
-2.2586
-2.1330
-2.0414
-1.9646
-1.8263
-1.6537
-1.5047
-1.3724
-1.2162
-1.0861
-1.0270
-0.9513
-0.8471
-0.7817
-0.7041
-0.6374
-0.5923
-0.5784
-0.5446
-0.5197
-0.4716
-0.3883
-0.2986
-0.2448
-0.2401
-0.2395
-0.2262
-0.2134
-0.2000
-0.2003
-0.2099
-0.1867
-0.1284
-0.0587
0.0145
0.0961
0.1430
0.1860
0.1806
0.1382
0.0816
0.0840
0.1048
0.2514
0.3522
0.2436
0.0795
-0.1591
-0.4306
-0.7060
-1.0696
-1.4898
-1.9256
-2.3475
-2.6791
-2.8701
-2.9550
-3.0912
-3.4336
-3.8932
-4.2113
-4.4743
-4.7796
-5.0847
-5.3997
-5.7272
-6.0806
-6.4062
-6.6544
-6.8553
-7.0538
-7.2933
-7.5380
-7.7440
-7.9015
-8.0497
-8.2411
-8.3099
-8.2766
-8.1657
-7.9711
-7.7555
-7.5356
-7.2193
-6.8222
-6.3935
-5.9932
-5.7401
-5.5518
-5.4011
-5.4020
-5.3268
-5.2531
-5.2432
-5.2421
-5.2204
-5.1274
-5.0384
-5.0050
-4.9300
-4.7949
-4.6230
-4.4916
-4.4184
-4.3596
-4.3193
-4.2904
-4.2679
-4.1870
-4.1039
