-0.9244
-0.8264
-0.6935
-0.3907
-0.2079
-0.2387
-0.2320
-0.2025
-0.1267
-0.1580
-0.1798
-0.2935
0.0952
0.5784
1.0936
1.4809
1.9152
2.4894
2.7874
2.4740
2.0334
1.7562
1.5522
1.2489
1.0032
0.9139
0.9142
0.9371
0.9334
0.9189
0.8656
0.9543
1.3749
1.5371
2.1750
1.9470
0.9341
1.0629
1.7777
1.3115
0.7643
0.8908
0.9801
0.4925
0.2212
-0.2429
-0.3105
-0.1322
0.0854
-0.3032
-0.5988
-0.6900
-1.0229
-1.1373
-1.0950
-1.0496
-0.8121
-0.7677
-0.8290
-0.6770
-0.2246
0.0580
0.0403
0.1464
0.3728
0.8121
1.1114
1.4205
1.5355
1.9106
2.0125
1.8242
1.5773
1.1714
0.8365
0.4876
0.4617
0.4051
0.4218
0.2734
0.4470
0.4737
0.4651
0.1947
-0.0239
-0.2900
-0.4485
-0.4428
-0.5017
-0.6707
-0.8426
-0.8592
-0.8156
-0.8576
-0.9593
-1.1641
-1.3410
-1.4575
-1.5223
-1.6002
-1.6372
-1.6269
-1.6029
-1.6090
-1.7193
-1.7674
-1.6726
-1.5154
-1.3743
-1.2366
-1.1091
-0.9093
-0.7591
-0.7889
-0.8267
-0.8297
-0.7607
-0.5881
-0.3834
-0.1915
-0.1698
-0.1179
-0.0341
0.0354
-0.1004
-0.0870
-0.0982
-0.1296
-0.2479
-0.5448
-0.7527
-0.8696
-1.0148
-1.2148
-1.3560
-1.2544
-1.3469
-1.6914
-1.9075
-2.2785
-2.8353
-3.0968
-3.0244
-3.2283
-3.3925
-3.6284
-3.6370
-3.4853
-3.1701
-2.3605
-2.3718
-2.5682
-3.2090
-4.0324
-4.4774
-4.8453
-4.9950
-4.4461
-4.1513
-3.8532
-3.5872
-3.4518
-3.2746
-3.0992
-2.7851
-2.2410
-1.9006
-1.8775
-1.7605
-1.6390
-1.7167
-1.5842
-1.5164
-1.1903
-0.7900
-0.4683
-0.6223
-0.7429
-0.6300
-0.7974
-0.9639
-1.1253
-0.6618
-1.1346
-1.4634
-1.4789
-1.7185
-2.0731
-2.7963
-3.3310
-3.6505
-4.0832
-4.4166
-4.4551
-4.5763
-4.9318
-5.2212
-5.5695
-5.7689
-5.9220
-6.1508
-6.3128
-6.4953
-6.6511
-6.4894
-6.5573
-6.8298
-6.9728
-6.7007
-6.6827
-6.9921
-7.4208
-7.6321
-7.5799
-7.5076
-7.3956
-7.2885
-7.1377
-6.9796
-6.9091
-6.9118
-6.8841
-6.9411
-6.9629
-6.9263
-6.8684
-6.8540
-6.8278
-6.7735
-6.5960
-6.4631
-6.4203
-6.4315
-6.4762
-6.5091
-6.4845
-6.4459
-6.3558
-6.2415
-6.0972
-5.9852
-5.8713
-5.7366
-5.6910
-5.6078
-5.4691
-5.3318
-5.1741
-5.0667
-5.0098
-4.9929
-4.9260
-4.7475
-4.5091
-4.2779
-4.0145
-3.7167
-3.5587
-3.4910
-3.4418
-3.4404
-3.4421
-3.3408
-3.1580
-2.9491
-2.7180
-2.4450
-2.1069
-1.7672
-1.4828
-1.2890
-1.1323
-1.0222
-0.9455
-0.8676
-0.8266
-0.7905
-0.7391
-0.7522
-0.7782
-0.7690
-0.7472
-0.6689
-0.5913
-0.4891
-0.3368
-0.1789
-0.0325
0.1133
0.2067
0.1857
0.1376
0.0976
0.0401
0.0387
0.0487
0.0783
0.1807
0.3276
0.5076
0.7228
0.9562
1.1971
1.4265
1.6199
1.8060
1.9754
2.1806
2.3994
2.6590
2.6165
2.3758
2.4226
2.4868
2.4488
2.4182
2.3134
2.1758
1.9873
1.6943
1.3672
1.1311
0.9909
0.9147
0.8996
0.9139
0.8193
0.6278
0.5594
0.5557
0.5727
0.5864
0.5802
0.5665
0.6133
0.6539
0.6091
0.5741
0.5770
0.6439
0.7953
0.9770
1.3049
1.8256
2.4861
3.1752
3.6729
4.0875
4.4909
4.8898
5.1069
5.3778
5.5577
5.8106
6.0586
6.4157
6.6532
6.8236
6.9755
7.1224
7.2529
7.3606
7.4876
7.5933
7.7036
7.8420
7.9622
8.0886
8.2577
8.5027
8.7394
8.8952
9.0440
9.2255
9.3998
9.5451
9.7261
