7.0760
7.4990
7.8780
8.2660
8.3920
8.5640
8.7150
8.8600
9.0210
9.1210
9.2100
9.2170
9.2850
9.2490
9.2290
9.0940
9.0020
8.8320
8.7480
8.6750
8.5820
8.4730
8.3340
8.1860
8.0160
7.8550
7.7340
7.6640
7.6060
7.5880
7.5400
7.5190
7.4920
7.4470
7.4440
7.4320
7.4180
7.4180
7.4140
7.4020
7.4130
7.4280
7.4230
7.4120
7.3780
7.3250
7.2910
7.2550
7.2040
7.1460
7.0680
6.9730
6.8880
6.8100
6.7380
6.6880
6.6400
6.5810
6.5230
6.4960
6.4790
6.4770
6.4770
6.4440
6.3780
6.2960
6.2500
6.1940
6.1220
6.0300
5.9150
5.8210
5.7490
5.7030
5.6970
5.6960
5.6940
5.7010
5.6790
5.6430
5.5990
5.5550
5.5100
5.4490
5.4260
5.4160
5.3900
5.3420
5.2970
5.2530
5.2190
5.1880
5.1720
5.1290
5.0950
5.0780
5.0450
4.9910
4.9540
4.9410
4.9390
4.9300
4.9020
4.8480
4.8120
4.7890
4.7870
4.8610
4.8290
4.8120
4.8380
4.7430
4.6520
4.5650
4.4250
4.3900
4.4260
4.4670
4.4520
4.4260
4.3940
4.3630
4.3630
4.3770
4.3750
4.4120
4.5090
4.6730
4.8860
5.1000
5.3080
5.5230
5.7440
6.0150
6.2660
6.4330
6.5230
6.5460
6.4980
6.4260
6.3250
6.2570
6.2330
6.2060
6.1740
6.1430
6.1430
6.1740
6.2160
6.2680
6.3020
6.3920
6.4940
6.4720
6.4310
6.4260
6.3980
6.3230
6.2140
6.2040
6.1230
6.0260
5.9480
6.0620
6.2710
6.5250
6.7070
6.8560
6.8650
6.9280
6.9910
6.9710
6.9310
6.9670
6.9780
7.0330
7.0580
7.0480
7.0590
7.0490
7.0800
7.1470
7.2020
7.2750
7.3700
7.3270
7.3210
7.2200
7.2510
7.4270
7.6940
7.7360
7.6120
7.4210
7.5340
7.4540
7.4960
7.5830
7.4520
7.5220
7.4940
7.4940
7.5060
7.5150
7.4690
7.3900
7.2630
7.1500
7.1190
7.1350
7.1700
6.7870
6.4580
6.5020
6.5680
6.5380
6.4150
6.3490
6.3270
6.3400
6.2970
6.2390
6.2830
6.4510
6.4920
6.4280
6.2870
6.2090
6.0290
6.0460
6.0090
6.1670
6.3650
6.3550
6.4820
6.7260
6.6750
6.4580
6.9060
8.4570
8.8710
8.7110
9.0990
8.6520
8.2800
8.4800
7.5520
9.6880
10.3160
10.3080
10.4660
10.3660
10.4750
10.4780
10.5880
10.6610
10.6150
10.0330
9.8400
9.7540
9.3000
9.5730
9.6500
9.5980
9.2830
9.0560
9.0070
8.8000
8.4230
8.0970
7.8850
7.6790
7.5730
7.4910
7.3890
7.2730
7.1030
6.8780
6.6640
6.4100
6.2320
6.1940
6.3070
6.3420
6.3830
6.3790
6.2590
6.0870
5.9120
5.8540
5.9040
5.9130
5.1710
4.7530
4.8860
4.9710
4.8230
4.8280
5.0280
5.2280
5.3800
5.6080
5.8780
6.0030
5.8910
5.6050
5.3610
4.9570
4.2820
3.8530
4.0550
5.0830
5.5710
5.7850
6.0260
6.1640
6.2340
6.2860
6.3540
6.3860
6.3860
6.4070
6.4300
6.4570
6.4320
6.3750
6.3100
6.2290
6.1240
6.0260
5.9080
5.7910
5.6470
5.4980
5.4130
5.4040
5.3710
5.2420
5.0960
4.9650
4.8230
4.6500
4.4710
4.2760
4.0730
3.8520
3.6020
3.3550
3.1190
2.8620
2.6660
2.5880
2.5500
2.4800
2.4200
2.3850
2.3680
2.3550
2.3340
2.3100
2.2790
2.2610
2.2420
2.2050
2.1730
2.1520
2.1270
2.0880
2.0450
2.0030
1.9620
1.9110
1.8630
1.8060
1.7500
1.6670
1.5930
