1529.3000
1523.1000
1541.6000
1583.0000
1568.4000
1590.5000
1630.6000
1624.9000
1651.2000
1663.9000
1694.8000
1728.0000
1733.1000
1749.0000
1763.4000
1790.6000
1810.9000
1812.2000
1835.5000
1836.1000
1852.3000
1882.2000
1901.7000
1926.5000
1942.8000
1954.4000
1972.0000
1983.9000
2000.3000
2013.0000
2021.5000
2034.0000
2043.8000
2059.3000
2070.6000
2086.8000
2098.8000
2115.3000
2128.2000
2124.8000
2115.8000
2118.6000
2119.4000
2128.7000
2129.3000
2124.8000
2118.3000
2113.0000
2117.1000
2121.6000
2123.6000
2132.2000
2133.3000
2129.9000
2124.8000
2121.4000
2119.3000
2115.0000
2116.1000
2114.5000
2112.2000
2112.4000
2109.3000
2094.9000
2083.7000
2075.9000
2072.9000
2073.9000
2072.3000
2063.2000
2053.6000
2050.5000
2053.1000
2055.5000
2059.1000
2063.1000
2068.4000
2071.8000
2077.1000
2080.2000
2083.4000
2088.9000
2089.1000
2087.8000
2087.6000
2089.8000
2094.4000
2069.0000
2044.9000
2038.4000
2037.8000
2048.9000
2048.7000
2040.9000
2022.0000
2012.7000
2013.1000
2011.6000
2010.0000
2010.3000
1998.2000
1991.5000
1989.5000
1994.2000
1995.0000
1994.8000
1992.5000
1983.8000
1981.7000
1984.3000
1984.8000
2003.3000
2017.9000
2016.6000
2012.4000
2003.4000
2004.2000
2007.4000
2015.0000
2016.9000
2014.2000
2015.1000
2015.7000
2007.0000
2006.6000
2001.3000
1996.1000
1990.4000
1982.3000
1971.5000
1961.1000
1952.9000
1944.3000
1935.4000
1926.6000
1896.5000
1868.2000
1850.7000
1835.1000
1825.0000
1807.3000
1788.2000
1761.5000
1743.3000
1732.6000
1720.1000
1707.6000
1688.2000
1659.0000
1638.1000
1622.5000
1607.0000
1591.3000
1577.4000
1562.5000
1546.6000
1533.7000
1525.1000
1513.5000
1525.6000
1533.6000
1532.4000
1527.3000
1514.1000
1506.9000
1499.7000
1502.3000
1504.6000
1504.4000
1500.6000
1500.7000
1492.0000
1493.8000
1492.5000
1495.4000
1495.6000
1492.2000
1493.1000
1481.0000
1484.2000
1482.1000
1471.7000
1467.8000
1415.4000
1366.7000
1351.6000
1342.6000
1355.3000
1345.7000
1312.3000
1266.6000
1243.7000
1240.6000
1240.6000
1204.2000
1197.0000
1170.0000
1149.5000
1144.6000
1118.7000
1110.4000
1096.3000
1084.2000
1068.8000
1055.2000
1047.8000
1043.5000
1071.2000
1086.4000
1078.1000
1061.0000
1033.0000
1021.7000
1015.5000
1020.3000
1020.2000
1016.4000
1003.6000
997.5300
986.3500
974.7600
969.3800
966.4700
956.7800
945.8400
938.1100
932.6100
926.6100
913.5800
903.5200
901.1600
865.0300
834.6900
812.1300
787.0200
769.1000
742.9100
711.0800
671.9600
664.7500
668.2700
679.5900
684.6300
705.4500
697.6100
713.5300
734.2600
778.2900
818.5200
858.3800
872.7100
897.3900
926.2100
945.6500
968.1100
1007.1000
1033.5000
1073.6000
1110.4000
1129.6000
1161.1000
1203.8000
1234.9000
1258.3000
1281.4000
1299.7000
1316.9000
1302.6000
1301.7000
1309.2000
1319.7000
1339.7000
1348.1000
1360.6000
1374.9000
1399.1000
1424.1000
1438.7000
1440.7000
1407.5000
1363.4000
1348.9000
1345.5000
1357.9000
1358.5000
1356.9000
1346.5000
1335.2000
1336.1000
1339.9000
1354.4000
1366.5000
1361.7000
1360.6000
1350.7000
1341.5000
1342.8000
1351.4000
1360.3000
1360.1000
1356.2000
1363.2000
1371.2000
1410.1000
1451.5000
1470.8000
1480.6000
1482.0000
1497.2000
1512.5000
1534.9000
1553.4000
1560.8000
1567.3000
1579.0000
1566.8000
1565.2000
1571.6000
1576.3000
1584.0000
1584.3000
1584.5000
1579.6000
1582.1000
1590.1000
1593.3000
1599.0000
1586.7000
1569.2000
1559.7000
1553.4000
1553.5000
1545.6000
1532.8000
1516.1000
1501.3000
1497.6000
1497.1000
1495.3000
1511.5000
1517.3000
1516.3000
1513.8000
1508.8000
1508.8000
1507.8000
1511.8000
1510.2000
1505.0000
1504.4000
1502.9000
1521.1000
1537.7000
1545.5000
1551.5000
1552.5000
1560.8000
1571.7000
1587.6000
1602.3000
1607.6000
1611.5000
1618.6000
1607.7000
1605.2000
1609.3000
1613.6000
1620.4000
1621.9000
1626.5000
1625.0000
1628.4000
1632.3000
1634.0000
1638.0000
1612.6000
1586.5000
