10.4285
11.0999
11.7011
12.3158
12.5164
12.7887
13.0290
13.2595
13.5141
13.6734
13.8142
13.8246
13.9335
13.8768
13.8443
13.6305
13.4849
13.2138
13.0803
12.9649
12.8180
12.6445
12.4242
12.1892
11.9203
11.6645
11.4721
11.3607
11.2695
11.2401
11.1650
11.1306
11.0881
11.0169
11.0125
10.9923
10.9710
10.9706
10.9639
10.9454
10.9631
10.9862
10.9792
10.9607
10.9066
10.8229
10.7696
10.7122
10.6305
10.5390
10.4152
10.2642
10.1303
10.0065
9.8915
9.8124
9.7356
9.6418
9.5497
9.5070
9.4807
9.4775
9.4774
9.4254
9.3208
9.1908
9.1172
9.0284
8.9145
8.7677
8.5863
8.4373
8.3226
8.2498
8.2400
8.2379
8.2357
8.2464
8.2119
8.1547
8.0842
8.0148
7.9424
7.8465
7.8096
7.7932
7.7519
7.6768
7.6050
7.5353
7.4820
7.4316
7.4060
7.3392
7.2842
7.2569
7.2049
7.1191
7.0614
7.0402
7.0364
7.0222
6.9777
6.8932
6.8362
6.7983
6.7959
6.9125
6.8629
6.8361
6.8770
6.7266
6.5812
6.4443
6.2220
6.1652
6.2229
6.2884
6.2641
6.2223
6.1728
6.1222
6.1231
6.1446
6.1423
6.2012
6.3547
6.6149
6.9525
7.2921
7.6230
7.9634
8.3150
8.7451
9.1424
9.4075
9.5500
9.5865
9.5109
9.3969
9.2366
9.1285
9.0910
9.0476
8.9964
8.9476
8.9473
8.9974
9.0641
9.1452
9.1994
9.3428
9.5050
9.4701
9.4043
9.3960
9.3525
9.2331
9.0596
9.0445
8.9158
8.7612
8.6380
8.8186
9.1503
9.5535
9.8417
10.0781
10.0937
10.1927
10.2925
10.2616
10.1972
10.2548
10.2728
10.3595
10.3993
10.3829
10.4011
10.3854
10.4342
10.5400
10.6275
10.7443
10.8945
10.8264
10.8171
10.6561
10.7064
10.9857
11.4081
11.4754
11.2790
10.9756
11.1547
11.0271
11.0952
11.2322
11.0241
11.1355
11.0918
11.0914
11.1099
11.1253
11.0511
10.9265
10.7252
10.5450
10.4965
10.5221
10.5777
9.9690
9.4469
9.5168
9.6213
9.5741
9.3793
9.2750
9.2401
9.2606
9.1921
9.0993
9.1693
9.4366
9.5011
9.3997
9.1758
9.0515
8.7664
8.7928
8.7342
8.9853
9.2997
9.2837
9.4850
9.8721
9.7914
9.4471
10.1586
12.6188
13.2766
13.0222
13.6387
12.9295
12.3388
12.6558
11.1834
14.5722
15.5688
15.5564
15.8066
15.6487
15.8209
15.8269
16.0014
16.1160
16.0443
15.1208
14.8146
14.6771
13.9571
14.3901
14.5130
14.4302
13.9308
13.5701
13.4927
13.1639
12.5648
12.0485
11.7116
11.3843
11.2162
11.0869
10.9252
10.7409
10.4708
10.1145
9.7742
9.3709
9.0881
9.0288
9.2082
9.2634
9.3280
9.3212
9.1317
8.8594
8.5807
8.4889
8.5678
8.5821
7.4055
6.7423
6.9528
7.0879
6.8530
6.8606
7.1782
7.4960
7.7368
8.0979
8.5275
8.7248
8.5475
8.0931
7.7064
7.0663
5.9952
5.3139
5.6340
7.2650
8.0397
8.3794
8.7613
8.9803
9.0925
9.1744
9.2827
9.3327
9.3336
9.3660
9.4028
9.4465
9.4067
9.3152
9.2119
9.0833
8.9176
8.7621
8.5738
8.3891
8.1597
7.9247
7.7896
7.7752
7.7228
7.5183
7.2862
7.0790
6.8534
6.5780
6.2948
5.9854
5.6630
5.3120
4.9152
4.5236
4.1492
3.7413
3.4301
3.3057
3.2469
3.1355
3.0401
2.9847
2.9569
2.9372
2.9035
2.8649
2.8156
2.7878
2.7567
2.6983
2.6472
2.6150
2.5752
2.5134
2.4442
2.3789
2.3130
2.2315
2.1560
2.0657
1.9763
1.8455
1.7280
