-11.0386
-11.1784
-11.2711
-11.3903
-11.5206
-11.6568
-11.8175
-11.9731
-12.1120
-12.2361
-12.3471
-12.4620
-12.5624
-12.6533
-12.7340
-12.7953
-12.8416
-12.8691
-12.8925
-12.9004
-12.8985
-12.8949
-12.8821
-12.8616
-12.8399
-12.8181
-12.8022
-12.8025
-12.8095
-12.8192
-12.8252
-12.8380
-12.8629
-12.8994
-12.9460
-13.0029
-13.0667
-13.1418
-13.2231
-13.3061
-13.3832
-13.4484
-13.4917
-13.5137
-13.5185
-13.5131
-13.5063
-13.5061
-13.5132
-13.5216
-13.5300
-13.5372
-13.5447
-13.5539
-13.5619
-13.5714
-13.5825
-13.5935
-13.6023
-13.6096
-13.6144
-13.6180
-13.6252
-13.6339
-13.6432
-13.6536
-13.6518
-13.6375
-13.6134
-13.5852
-13.5520
-13.5150
-13.4774
-13.4374
-13.3943
-13.3508
-13.3072
-13.2649
-13.2257
-13.1971
-13.1776
-13.1593
-13.1397
-13.1149
-13.0912
-13.0766
-13.0711
-13.0724
-13.0702
-13.0653
-13.0604
-13.0547
-13.0432
-13.0257
-13.0034
-12.9775
-12.9504
-12.9236
-12.9018
-12.8846
-12.8664
-12.8444
-12.8197
-12.7932
-12.7676
-12.7432
-12.7147
-12.6756
-12.6300
-12.5808
-12.5028
-12.4730
-12.4341
-12.3928
-12.3485
-12.2762
-12.1961
-12.1082
-12.0055
-11.8839
-11.6974
-11.4332
-11.1644
-10.9164
-10.6543
-10.3952
-10.1794
-10.0384
-9.9511
-9.8260
-9.6922
-9.5631
-9.4167
-9.3133
-9.2046
-9.1101
-8.9955
-8.8064
-8.5870
-8.3217
-7.9439
-7.6532
-7.4322
-7.2676
-7.1165
-6.9261
-6.7445
-6.6115
-6.5700
-6.6090
-6.6980
-6.8114
-6.9337
-7.0675
-7.2132
-7.3833
-7.5891
-7.8614
-8.1869
-8.4956
-8.8397
-9.1907
-9.5029
-9.8165
-10.1241
-10.4223
-10.6258
-10.7729
-10.9088
-10.9967
-11.0672
-11.1300
-11.1663
-11.1810
-11.1814
-11.1733
-11.1807
-11.2041
-11.2274
-11.2437
-11.2439
-11.2325
-11.2127
-11.1567
-11.0548
-10.9662
-10.8906
-10.8484
-10.7963
-10.7047
-10.5795
-10.4814
-10.4277
-10.3970
-10.3349
-10.3010
-10.2332
-10.1531
-10.1088
-10.0535
-10.0429
-10.0131
-9.9474
-9.8887
-9.8494
-9.8339
-9.8504
-9.8577
-9.7588
-9.5888
-9.4561
-9.2824
-8.9920
-8.6784
-8.3165
-7.8214
-7.3172
-6.8727
-6.4615
-6.0750
-5.6886
-5.2329
-4.6714
-4.0985
-3.6784
-3.3289
-2.9498
-2.5487
-2.2039
-1.8379
-1.5586
-1.6732
-1.7712
-1.5709
-1.3861
-1.3749
-1.3248
-1.1131
-0.9356
-0.8085
-1.0662
-1.5561
-1.5511
-2.1704
-2.5806
-2.6263
-3.1155
-6.7078
-8.6383
-9.2272
-9.6008
-10.0713
-10.5337
-10.8081
-11.0416
-11.2644
-11.4465
-11.6212
-11.8539
-12.0237
-12.1188
-12.1717
-12.3133
-12.4392
-12.5367
-12.6214
-12.6837
-12.7205
-12.7449
-12.8067
-12.8882
-12.9601
-13.0330
-13.1055
-13.1802
-13.2418
-13.2625
-13.2436
-13.1989
-13.1287
-13.0372
-12.9588
-12.9175
-12.8631
-12.8131
-12.8017
-12.7934
-12.8043
-12.8225
-12.8219
-12.7827
-12.9084
-13.4703
-14.1242
-14.3862
-14.4875
-14.5071
-14.5677
-14.6360
-14.6202
-14.5484
-14.4542
-14.2924
-14.1365
-14.0914
-14.0346
-13.6737
-13.5203
-13.2257
-12.7938
-12.1865
-11.3701
-10.9464
-10.6707
-10.3986
-10.1823
-9.9974
-9.8272
-9.6828
-9.5901
-9.5166
-9.4200
-9.2973
-9.1420
-8.9970
-8.8589
-8.7259
-8.6260
-8.5560
-8.4989
-8.4449
-8.4056
-8.3844
-8.3904
-8.4590
-8.6208
-8.7765
-8.8610
-8.9320
-8.9967
-9.0679
-9.1459
-9.2324
-9.3248
-9.4259
-9.5520
-9.7337
-9.9422
-10.1279
-10.3436
-10.5699
-10.7522
-10.8667
-10.9656
-11.0504
-11.1406
-11.1978
-11.1611
-11.0744
-11.0855
-11.1200
-11.0878
-11.0829
-11.1137
-11.1338
-11.1536
-11.1817
-11.2107
-11.2378
-11.2625
-11.2855
-11.3036
-11.3111
-11.3123
-11.3129
-11.3117
-11.3056
