-4.1330
-4.4515
-4.9500
-5.4871
-5.9637
-6.3067
-6.5894
-6.8600
-7.1406
-7.4183
-7.6609
-7.8220
-8.0192
-8.0810
-8.2791
-8.4103
-8.6448
-8.7165
-8.8295
-8.9132
-8.8435
-8.7639
-8.7099
-8.6896
-8.5954
-8.5193
-8.4001
-8.2272
-8.1815
-8.1965
-8.2172
-8.2774
-8.2962
-8.2147
-8.1529
-8.1102
-8.0891
-8.0661
-8.0594
-8.0623
-8.0981
-8.1453
-8.2500
-8.3789
-8.4950
-8.5903
-8.6977
-8.7786
-8.8295
-8.8504
-8.8277
-8.7760
-8.7394
-8.7024
-8.6674
-8.6740
-8.6751
-8.6589
-8.6412
-8.6527
-8.6893
-8.7575
-8.8455
-8.9023
-8.8966
-8.8497
-8.8590
-8.8492
-8.7960
-8.6968
-8.5523
-8.4250
-8.3197
-8.2498
-8.2391
-8.2334
-8.2241
-8.2211
-8.1657
-8.0841
-7.9903
-7.8956
-7.7934
-7.6678
-7.5952
-7.5409
-7.4737
-7.3883
-7.3020
-7.2287
-7.1738
-7.1232
-7.0934
-7.0148
-6.9429
-6.8895
-6.8141
-6.7111
-6.6432
-6.6195
-6.6077
-6.5835
-6.5329
-6.4248
-6.3272
-6.2712
-6.2960
-6.4155
-6.3926
-6.3664
-6.3441
-6.1869
-5.9884
-5.7669
-5.4969
-5.3584
-5.3058
-5.2847
-5.2387
-5.1666
-5.0521
-4.9914
-5.0688
-5.1650
-5.2168
-5.3212
-5.5366
-5.8892
-6.3013
-6.6329
-6.9228
-7.2146
-7.5060
-7.8775
-8.2163
-8.4288
-8.5026
-8.4271
-8.2247
-7.9363
-7.5068
-7.2241
-7.0593
-6.8721
-6.6297
-6.2894
-5.9315
-5.7146
-5.7062
-5.7873
-5.8573
-5.9954
-6.1020
-6.0209
-5.8696
-5.7437
-5.6410
-5.6087
-5.6304
-5.6915
-5.6741
-5.5726
-5.5961
-5.7918
-6.0139
-6.2414
-6.3606
-6.3623
-6.2444
-6.2949
-6.3007
-6.2083
-6.0751
-6.0355
-5.9408
-5.9399
-5.8907
-5.8264
-5.8186
-5.5635
-5.4237
-5.4236
-5.2446
-5.1900
-5.1611
-4.9185
-4.6678
-4.3197
-4.2014
-4.3340
-4.5740
-4.3928
-4.1272
-3.6934
-3.9967
-3.8771
-3.9496
-3.8773
-3.4807
-3.7602
-3.6753
-3.6113
-3.6153
-3.6585
-3.5418
-3.3892
-3.0552
-2.7381
-2.4497
-2.2374
-2.1662
-2.0109
-1.7695
-1.5825
-1.3544
-0.9828
-0.3986
-0.1827
0.3295
1.0603
1.2039
1.5611
2.1463
2.6754
3.2272
3.7267
4.2954
4.9067
4.6930
5.4290
5.8376
6.0709
6.1936
6.0865
6.2724
6.4945
6.3780
6.2583
8.9285
10.7692
12.3682
12.6152
13.4240
12.5769
12.3315
12.5911
10.8390
6.4203
6.2326
6.4976
6.4709
6.3929
6.6452
6.2469
5.8886
4.9224
4.1878
3.3879
3.1441
3.2888
2.7272
2.7986
2.2950
1.6593
1.2722
0.8815
0.6244
0.4207
0.3843
0.2383
0.1195
0.0077
-0.3201
-0.7436
-1.0300
-1.0188
-0.8582
-0.8585
-0.9006
-0.7652
-0.3340
0.2463
0.6923
0.8812
1.0921
1.5219
1.8657
2.0514
2.1349
2.3444
2.8177
3.0277
3.0736
3.9531
4.2355
4.2222
3.9333
4.1364
4.3479
4.3685
4.2908
4.3093
4.3868
4.3891
4.2927
4.0429
3.6335
3.2893
2.7907
2.4767
2.1250
1.6520
1.6595
1.5773
1.5545
1.5170
1.4706
1.4166
1.3970
1.3651
1.3381
1.2575
1.1459
1.0197
0.9236
0.8928
0.7740
0.6756
0.6042
0.5035
0.3852
0.2330
0.0653
-0.1965
-0.5660
-1.0178
-1.2806
-1.3238
-1.3540
-1.4222
-1.5153
-1.6211
-1.6721
-1.6700
-1.6975
-1.7235
-1.7624
-1.7525
-1.7439
-1.7191
-1.6922
-1.7209
-1.7483
-1.8015
-1.9105
-2.0521
-2.1951
-2.3445
-2.4433
-2.5024
-2.5411
-2.5951
-2.6287
-2.6244
-2.6133
-2.6050
-2.5747
-2.5116
-2.4344
-2.3527
-2.2627
-2.1520
-2.0437
-1.9149
-1.7847
-1.6303
-1.4854
