-9.5746
-10.1682
-10.6025
-11.0259
-11.0043
-11.1254
-11.2399
-11.3470
-11.4735
-11.4861
-11.4953
-11.3989
-11.3945
-11.2811
-11.0960
-10.7265
-10.3494
-9.9311
-9.6506
-9.4151
-9.2787
-9.1148
-8.8600
-8.5479
-8.2591
-7.9676
-7.8132
-7.8344
-7.7502
-7.6914
-7.5589
-7.4414
-7.3566
-7.3410
-7.4032
-7.4199
-7.4114
-7.4359
-7.4332
-7.4028
-7.3900
-7.3723
-7.2443
-7.0661
-6.8402
-6.5834
-6.3509
-6.1390
-5.9201
-5.7220
-5.5271
-5.3233
-5.1232
-4.9396
-4.7664
-4.5876
-4.4187
-4.2413
-4.0653
-3.9387
-3.7920
-3.6236
-3.4026
-3.0962
-2.7799
-2.4806
-2.1543
-1.7899
-1.4488
-1.1128
-0.7638
-0.4553
-0.2181
-0.0203
0.1242
0.2723
0.4368
0.6456
0.8695
1.0708
1.2285
1.3766
1.5311
1.6651
1.8172
1.9668
2.0583
2.0847
2.1251
2.1275
2.1254
2.1186
2.1289
2.1579
2.2037
2.2795
2.3406
2.3756
2.3939
2.3975
2.4185
2.4434
2.4514
2.4978
2.5884
2.6248
2.5583
2.5738
2.4967
2.4902
2.6544
2.6400
2.7296
2.8762
2.9151
3.0490
3.2516
3.4083
3.4345
3.4674
3.5468
3.5450
3.4350
3.3286
3.2424
3.1842
3.1192
3.0122
2.9379
3.0297
3.1914
3.3714
3.5777
3.7977
4.0094
4.1782
4.3484
4.5702
4.7760
5.0316
5.3818
5.5805
5.7281
5.8851
6.0814
6.3642
6.6985
6.9497
7.0425
7.0811
7.0937
7.1655
7.2877
7.3097
7.3477
7.4360
7.4597
7.3344
7.0975
7.0292
6.8772
6.7605
6.5801
6.6500
6.8964
7.2329
7.5101
7.8160
7.9304
8.0165
8.1386
8.1705
8.1900
8.2905
8.3807
8.4874
8.5701
8.5941
8.6213
8.7695
8.9138
9.0375
9.2433
9.4077
9.5944
9.6447
9.7582
9.7412
9.8476
10.0947
10.4510
10.6013
10.4967
10.3355
10.4141
10.3230
10.3684
10.5418
10.4602
10.4814
10.4652
10.4870
10.5052
10.5066
10.4682
10.3876
10.2809
10.1833
10.2066
10.2815
10.3535
9.7641
9.2797
9.3843
9.5255
9.5235
9.3708
9.2732
9.2343
9.1997
9.1129
8.9644
8.9146
9.0494
8.9362
8.6293
8.1084
7.6061
7.4044
6.9166
6.4967
6.6242
6.9372
7.0101
7.1150
7.4351
7.4292
7.0768
4.8455
6.5772
4.8264
3.2302
2.4107
2.9990
0.4244
-1.2773
-2.7541
-13.0816
-14.2668
-14.1344
-14.4214
-14.2833
-14.3577
-14.5419
-14.8785
-15.3459
-15.4881
-14.7363
-14.4772
-14.3038
-13.6880
-14.1153
-14.3304
-14.3345
-13.8726
-13.5415
-13.4782
-13.1572
-12.5589
-12.0461
-11.7110
-11.3843
-11.2116
-11.0619
-10.8765
-10.6925
-10.4356
-10.0780
-9.7326
-9.3396
-9.0819
-9.0254
-9.1822
-9.2214
-9.2639
-9.1961
-8.9391
-8.6187
-8.3109
-8.1588
-8.0912
-8.0303
-6.7375
-5.4618
-5.5138
-5.6931
-5.6118
-5.4734
-5.7116
-6.0915
-6.4380
-6.8561
-7.3126
-7.5404
-7.3914
-7.0110
-6.7960
-6.2541
-5.3060
-4.7015
-5.2179
-7.0747
-7.8665
-8.2297
-8.6223
-8.8513
-8.9728
-9.0643
-9.1770
-9.2323
-9.2372
-9.2812
-9.3327
-9.3913
-9.3613
-9.2723
-9.1793
-9.0582
-8.8971
-8.7477
-8.5651
-8.3858
-8.1595
-7.9223
-7.7690
-7.7083
-7.6159
-7.4008
-7.1592
-6.9346
-6.6838
-6.3751
-6.0686
-5.7477
-5.4026
-5.0246
-4.5884
-4.1704
-3.7649
-3.3229
-2.9836
-2.8224
-2.7360
-2.5663
-2.3648
-2.1673
-1.9810
-1.7693
-1.5685
-1.3948
-1.2127
-1.0186
-0.8302
-0.6273
-0.4225
-0.2283
-0.0501
0.0947
0.2189
0.3521
0.4793
0.5903
0.6868
0.7749
0.8487
0.8648
0.8830
