4.0680
4.3600
4.5850
4.7410
4.9060
4.8980
5.0260
5.2340
5.4210
5.4380
5.4550
5.3730
5.3500
5.1900
5.1030
4.9460
4.8000
4.5030
4.2270
3.8190
4.0670
4.4960
4.5260
4.5630
4.5750
4.4680
4.3480
4.2360
4.2300
4.3780
4.5340
4.6870
4.7210
4.7580
4.7980
4.7490
4.6000
4.3700
4.1390
3.9380
3.7860
3.6910
3.6120
3.4690
3.2720
3.0670
2.9010
2.7410
2.6600
2.7280
2.8920
2.9660
2.9640
2.8880
2.8190
2.7080
2.5630
2.5180
2.6880
2.5450
2.5590
2.6060
2.6040
2.5620
2.4580
2.6270
2.7250
2.6690
2.8340
2.9280
2.9880
3.1090
3.2690
3.4360
3.5310
3.5710
3.4540
3.3230
3.1420
3.0190
2.9530
2.9200
2.9200
2.9740
3.1720
3.6010
4.4390
5.1770
4.7170
4.7920
5.0560
5.1140
5.1020
5.1500
5.1680
5.1590
5.2070
5.4260
5.7150
5.7430
5.7590
5.8800
6.0530
6.1540
6.1730
6.1820
6.1700
6.1580
6.1400
6.0950
6.0230
5.9670
5.9650
5.9760
5.9560
5.7940
5.3350
5.1070
4.7350
4.0010
3.6000
3.3560
3.3410
3.5400
3.4750
3.3980
3.4110
3.3440
3.1520
2.9700
2.9090
2.8370
2.5590
2.1880
1.9190
1.6660
1.3530
1.1330
1.4330
2.4800
3.1970
3.3540
3.4010
3.4830
3.5290
3.6100
3.6480
3.6710
3.8400
4.0970
4.2470
4.3310
4.4570
4.6550
4.7660
4.8180
4.8660
4.9400
5.0510
5.0070
5.0010
5.0560
5.0620
5.0050
4.8690
4.7050
4.6030
4.6180
4.6930
4.8700
5.0590
5.1820
5.2630
5.3170
5.3450
5.3910
5.4350
5.4750
5.5040
5.5550
5.5330
5.4800
5.4480
5.4020
5.3540
5.2780
5.1940
5.1290
5.0890
5.1040
5.1570
5.1780
5.2050
5.2000
5.2650
5.3380
5.4010
5.3780
5.4460
5.4850
5.4060
5.3390
5.4680
5.6230
5.6060
5.4600
5.6500
5.8530
5.8340
5.8110
5.8890
5.9780
6.0920
6.1170
6.1310
6.0040
6.1280
5.9730
5.3650
5.0750
4.9570
5.1650
5.5410
6.0390
5.3990
5.2400
4.8460
3.8190
5.3470
6.5290
6.7750
7.3170
7.5340
7.7630
8.0670
8.3460
8.4910
8.6250
8.8890
8.7200
8.4580
8.4680
8.2650
8.1360
8.1130
8.4200
8.4620
8.5780
8.9320
9.0070
9.3070
9.6840
9.8390
9.7830
9.5150
9.2890
9.1300
9.1010
8.8950
8.6160
8.6080
8.7480
8.7020
8.7620
8.4600
8.3620
8.4420
8.2780
8.3040
8.5660
8.6610
8.7880
8.6310
8.2780
7.9680
7.6470
7.3080
6.9610
6.5950
6.3290
6.2910
6.2580
6.2880
6.2500
6.4700
6.5200
6.5320
6.6190
6.6920
6.7160
6.7490
6.7710
6.9140
6.9520
6.9890
7.1190
7.2960
7.4170
7.4490
7.4560
7.4610
7.5310
7.6220
7.6370
7.5890
7.5350
7.5110
7.5810
7.6510
7.6810
7.6860
7.6750
7.6630
7.6570
7.6260
7.5840
7.5350
7.4510
7.3240
7.1860
7.0720
6.9380
6.7700
6.6020
6.5020
6.4140
6.3330
6.2460
6.1600
6.0490
5.9330
5.8060
5.6670
5.5350
5.4280
5.3140
5.2220
5.1540
5.0960
5.0470
5.0070
4.9790
4.9370
4.8990
4.8740
4.8400
4.7960
4.7500
4.7080
4.6650
4.6250
4.6350
4.6200
4.6620
4.6980
4.7370
4.8030
4.8780
4.9320
4.9520
4.9470
4.9290
4.9010
4.8480
4.8080
4.7850
4.7320
4.6570
4.5800
4.5050
4.4380
4.3730
4.3220
4.3350
4.3710
4.3730
4.3660
