663.3600
601.2500
688.3000
693.4000
723.1400
700.1400
713.2200
690.8200
677.7100
702.9500
739.4700
757.3800
737.2600
741.9900
723.9500
759.7600
788.2600
817.9600
830.5700
835.1800
839.0300
872.6700
895.0600
916.5200
916.0700
923.1600
931.8800
938.2600
949.0800
962.2800
965.9200
962.1300
960.2100
962.6800
974.1300
987.3000
996.7500
998.4700
1003.9000
995.2500
984.4300
984.8100
982.5200
982.2900
978.7800
972.6500
966.6000
965.0700
966.4700
965.5100
963.9300
961.3000
955.4600
948.0700
951.5200
957.2200
961.6000
956.7100
946.8900
950.7500
956.9900
965.3400
973.9400
980.6000
1004.3000
1009.9000
1011.3000
1026.1000
1039.3000
1042.8000
1052.7000
1052.9000
1056.9000
1068.3000
1075.5000
1078.9000
1085.7000
1097.1000
1106.2000
1119.2000
1131.5000
1143.0000
1151.8000
1159.2000
1167.4000
1179.2000
1192.5000
1162.7000
1126.7000
1118.5000
1118.8000
1125.6000
1122.5000
1112.3000
1093.1000
1080.8000
1083.8000
1090.2000
1092.1000
1105.2000
1100.5000
1091.5000
1082.1000
1070.0000
1064.3000
1058.2000
1056.3000
1055.2000
1057.5000
1063.1000
1070.2000
1116.9000
1154.8000
1164.2000
1167.5000
1156.8000
1159.0000
1169.9000
1191.3000
1205.7000
1204.8000
1208.8000
1215.2000
1206.6000
1215.7000
1228.7000
1235.3000
1242.5000
1245.9000
1248.6000
1242.5000
1241.8000
1249.2000
1255.2000
1258.3000
1235.7000
1215.4000
1209.6000
1209.2000
1219.4000
1221.4000
1217.2000
1205.1000
1194.9000
1196.8000
1198.7000
1199.5000
1196.8000
1182.6000
1171.9000
1165.3000
1162.9000
1159.5000
1148.5000
1137.7000
1127.6000
1123.1000
1126.6000
1126.6000
1152.4000
1177.4000
1187.4000
1198.7000
1204.7000
1221.4000
1247.4000
1278.9000
1304.1000
1321.7000
1336.1000
1350.8000
1335.9000
1335.5000
1345.2000
1355.9000
1368.0000
1375.3000
1380.4000
1381.3000
1381.4000
1396.3000
1410.4000
1422.3000
1400.3000
1371.6000
1364.3000
1365.5000
1375.6000
1370.3000
1350.7000
1321.5000
1301.5000
1297.7000
1300.6000
1291.3000
1301.4000
1304.4000
1305.4000
1309.2000
1311.2000
1317.1000
1317.1000
1305.5000
1289.9000
1280.8000
1278.3000
1256.2000
1269.1000
1289.6000
1295.6000
1276.3000
1237.7000
1224.6000
1234.3000
1262.2000
1305.6000
1328.6000
1361.2000
1404.6000
1399.5000
1405.9000
1400.7000
1380.3000
1340.5000
1383.0000
1391.2000
1411.4000
1506.0000
1437.3000
1390.4000
1415.0000
1404.3000
1386.3000
1372.3000
1378.9000
1388.9000
1391.9000
1397.1000
1391.8000
1397.0000
1416.8000
1409.1000
1404.0000
1395.4000
1374.0000
1335.5000
1304.4000
1279.5000
1268.5000
1278.8000
1260.2000
1221.5000
1194.3000
1175.5000
1188.4000
1213.1000
1237.4000
1225.6000
1227.0000
1247.4000
1254.7000
1246.4000
1254.4000
1279.6000
1300.7000
1302.7000
1298.2000
1287.5000
1298.9000
1312.6000
1330.0000
1333.4000
1338.5000
1348.8000
1356.1000
1372.9000
1402.6000
1424.6000
1443.9000
1430.6000
1409.1000
1406.7000
1406.8000
1413.5000
1411.7000
1402.2000
1386.2000
1373.7000
1374.8000
1376.1000
1372.2000
1387.0000
1395.3000
1395.2000
1396.6000
1396.6000
1405.0000
1406.6000
1412.5000
1416.8000
1420.3000
1423.7000
1429.1000
1457.3000
1488.4000
1506.6000
1517.7000
1517.2000
1529.6000
1546.4000
1571.3000
1596.1000
1611.3000
1622.7000
1639.4000
1638.7000
1646.3000
1657.0000
1666.3000
1675.5000
1679.4000
1682.4000
1680.9000
1681.9000
1682.9000
1681.1000
1678.5000
1653.5000
1624.7000
1615.3000
1612.0000
1619.1000
1616.2000
1606.4000
1589.4000
1574.7000
1572.2000
1569.8000
1563.1000
1578.0000
1580.0000
1573.9000
1567.7000
1557.3000
1555.5000
1553.1000
1556.8000
1556.5000
1552.0000
1551.9000
1552.0000
1573.4000
1593.7000
1602.7000
1609.1000
1608.5000
1619.2000
1633.6000
1652.9000
1670.7000
1678.2000
1685.3000
1693.1000
1674.9000
1668.3000
1672.4000
1676.8000
1686.3000
1684.0000
1682.1000
1670.3000
1665.5000
1667.1000
1664.3000
1663.3000
1629.9000
1593.7000
