5.6554
6.1184
6.4758
6.7232
6.9849
6.9712
7.1746
7.5045
7.8022
7.8292
7.8557
7.7252
7.6889
7.4353
7.2973
7.0486
6.8168
6.3454
5.9065
5.2605
5.6530
6.3338
6.3822
6.4406
6.4587
6.2903
6.0994
5.9207
5.9120
6.1460
6.3946
6.6365
6.6909
6.7504
6.8130
6.7348
6.4985
6.1335
5.7669
5.4482
5.2081
5.0568
4.9313
4.7050
4.3920
4.0670
3.8034
3.5484
3.4206
3.5284
3.7895
3.9055
3.9034
3.7826
3.6725
3.4970
3.2665
3.1947
3.4647
3.2376
3.2598
3.3357
3.3312
3.2646
3.1002
3.3682
3.5232
3.4352
3.6964
3.8461
3.9417
4.1327
4.3873
4.6515
4.8028
4.8657
4.6809
4.4731
4.1855
3.9896
3.8853
3.8328
3.8331
3.9187
4.2337
4.9134
6.2434
7.4154
6.6844
6.8030
7.2219
7.3154
7.2956
7.3717
7.4001
7.3865
7.4623
7.8094
8.2685
8.3127
8.3389
8.5298
8.8040
8.9655
8.9951
9.0099
8.9908
8.9706
8.9432
8.8712
8.7563
8.6688
8.6646
8.6831
8.6515
8.3929
7.6659
7.3036
6.7125
5.5480
4.9129
4.5257
4.5006
4.8168
4.7135
4.5918
4.6126
4.5068
4.2015
3.9124
3.8154
3.7018
3.2606
2.6714
2.2442
1.8428
1.3475
0.9969
1.4738
3.1354
4.2733
4.5220
4.5960
4.7260
4.7990
4.9283
4.9892
5.0244
5.2924
5.7003
5.9383
6.0727
6.2728
6.5858
6.7628
6.8454
6.9214
7.0383
7.2150
7.1453
7.1348
7.2224
7.2322
7.1414
6.9252
6.6664
6.5045
6.5272
6.6472
6.9268
7.2275
7.4222
7.5515
7.6375
7.6818
7.7547
7.8233
7.8879
7.9332
8.0142
7.9792
7.8955
7.8443
7.7721
7.6948
7.5742
7.4419
7.3378
7.2751
7.2993
7.3827
7.4155
7.4584
7.4517
7.5544
7.6698
7.7707
7.7343
7.8410
7.9030
7.7780
7.6710
7.8769
8.1220
8.0950
7.8633
8.1656
8.4870
8.4578
8.4210
8.5445
8.6849
8.8670
8.9070
8.9284
8.7263
8.9244
8.6775
7.7122
7.2521
7.0662
7.3950
7.9918
8.7830
7.7672
7.5151
6.8892
5.2596
7.6839
9.5595
9.9508
10.8097
11.1548
11.5187
12.0004
12.4429
12.6734
12.8867
13.3043
13.0370
12.6205
12.6368
12.3140
12.1095
12.0732
12.5614
12.6265
12.8120
13.3725
13.4922
13.9676
14.5658
14.8122
14.7240
14.2986
13.9391
13.6877
13.6411
13.3143
12.8717
12.8587
13.0813
13.0085
13.1026
12.6247
12.4681
12.5950
12.3359
12.3770
12.7930
12.9423
13.1438
12.8953
12.3356
11.8427
11.3334
10.7964
10.2458
9.6655
9.2434
9.1828
9.1297
9.1772
9.1180
9.4663
9.5452
9.5655
9.7031
9.8189
9.8570
9.9085
9.9440
10.1716
10.2313
10.2892
10.4964
10.7765
10.9686
11.0202
11.0311
11.0384
11.1498
11.2939
11.3179
11.2422
11.1565
11.1182
11.2292
11.3401
11.3882
11.3958
11.3777
11.3599
11.3505
11.3003
11.2340
11.1567
11.0236
10.8218
10.6018
10.4218
10.2091
9.9431
9.6765
9.5166
9.3776
9.2486
9.1116
8.9743
8.7982
8.6138
8.4122
8.1927
7.9834
7.8124
7.6323
7.4861
7.3787
7.2866
7.2087
7.1451
7.1007
7.0336
6.9739
6.9346
6.8791
6.8107
6.7366
6.6704
6.6026
6.5389
6.5553
6.5308
6.5970
6.6538
6.7166
6.8213
6.9407
7.0257
7.0572
7.0504
7.0218
6.9765
6.8921
6.8296
6.7931
6.7082
6.5897
6.4679
6.3490
6.2425
6.1396
6.0572
6.0789
6.1363
6.1396
6.1279
