-9.4669
-9.5740
-9.7305
-9.8990
-10.1166
-10.3297
-10.5696
-10.8327
-11.1386
-11.4633
-11.7592
-12.0006
-12.1833
-12.3422
-12.4689
-12.5918
-12.6897
-12.7510
-12.7279
-12.6787
-12.5287
-12.3830
-12.1434
-11.7749
-11.4185
-11.1193
-10.8507
-10.5856
-10.2927
-9.9773
-9.6660
-9.3866
-9.0931
-8.7595
-8.4169
-8.0942
-7.8121
-7.5277
-7.2124
-6.8838
-6.5740
-6.3186
-6.1150
-5.9372
-5.7916
-5.6961
-5.6721
-5.6853
-5.7858
-6.1188
-6.5226
-6.8844
-7.1946
-7.5271
-7.9251
-8.3069
-8.5607
-8.6234
-8.4505
-8.5553
-8.4818
-8.2101
-8.1553
-8.1332
-8.2870
-8.2404
-7.9279
-7.7399
-7.8704
-7.5837
-7.2629
-7.2284
-7.1782
-7.3161
-7.4369
-7.3321
-7.3712
-7.3229
-7.1301
-6.8743
-6.7502
-6.6981
-6.7236
-6.7819
-6.9568
-7.4428
-8.1648
-8.2711
-7.9925
-8.1184
-8.1132
-7.9056
-7.8159
-7.8174
-7.9120
-8.0388
-8.2639
-8.6391
-8.8921
-8.8740
-8.9569
-9.2466
-9.5438
-9.6498
-9.6508
-9.5594
-9.4146
-9.3426
-9.3763
-9.4733
-9.5994
-9.7211
-9.8121
-9.8832
-10.0012
-10.2923
-10.7830
-10.7402
-10.7084
-10.5313
-10.0860
-9.5498
-8.9149
-8.2670
-7.7386
-7.1737
-6.6107
-6.1629
-5.7082
-5.3257
-4.9859
-4.6338
-4.3177
-4.0587
-3.8204
-3.6133
-3.4918
-3.4875
-3.6722
-4.3224
-5.1433
-5.4683
-5.5043
-5.5511
-5.6604
-5.9535
-6.1754
-6.2776
-6.1628
-6.0446
-6.0354
-6.0028
-5.9626
-5.7564
-5.4448
-5.3412
-5.3119
-5.4167
-5.5454
-5.7929
-5.9474
-6.0540
-6.1924
-6.5531
-7.0198
-7.7006
-8.5159
-9.1042
-9.4078
-9.6475
-9.8652
-10.0219
-10.2065
-10.4258
-10.6298
-10.8445
-11.0848
-11.3250
-11.5673
-11.7804
-11.9718
-12.1418
-12.3067
-12.4730
-12.5891
-12.6677
-12.7238
-12.7779
-12.8328
-12.8863
-12.9597
-13.0412
-13.1296
-13.2147
-13.2593
-13.3207
-13.3862
-13.4085
-13.4333
-13.4606
-13.4865
-13.5075
-13.5244
-13.5449
-13.5703
-13.5920
-13.5968
-13.6053
-13.6134
-13.6111
-13.5964
-13.5482
-13.4594
-13.4262
-13.3495
-13.3602
-13.3539
-13.2945
-13.1896
-13.0704
-12.9956
-12.9198
-12.8641
-12.9041
-12.9769
-13.0272
-13.0708
-13.0130
-13.2316
-13.4677
-13.8008
-14.2936
-14.7217
-15.0760
-15.7175
-16.3653
-16.6217
-16.7520
-16.8350
-16.8542
-16.8381
-16.8216
-16.7773
-16.6958
-16.6155
-16.5548
-16.4059
-16.1982
-15.9940
-15.8695
-15.7349
-15.6836
-15.6562
-15.6105
-15.5429
-15.4459
-15.3733
-15.3024
-15.2847
-15.2834
-15.2497
-15.2004
-15.1444
-15.1386
-15.1677
-15.2149
-15.2501
-15.2849
-15.3228
-15.3821
-15.4495
-15.5061
-15.5192
-15.4889
-15.4647
-15.4469
-15.4285
-15.4061
-15.3802
-15.3724
-15.3736
-15.3707
-15.3813
-15.4024
-15.4257
-15.4294
-15.4285
-15.4537
-15.4491
-15.3862
-15.2930
-15.2360
-15.2353
-15.2381
-15.2254
-15.2331
-15.2317
-15.2059
-15.1561
-15.1168
-15.0981
-15.0792
-15.0445
-15.0053
-14.9692
-14.9292
-14.8955
-14.8530
-14.8420
-14.8336
-14.8324
-14.8291
-14.8168
-14.7928
-14.7538
-14.7073
-14.6710
-14.6455
-14.6175
-14.5911
-14.5677
-14.5363
-14.4933
-14.4394
-14.3789
-14.3171
-14.2490
-14.1706
-14.0989
-14.0324
-13.9710
-13.9124
-13.8448
-13.7701
-13.6943
-13.6143
-13.5515
-13.5332
-13.5373
-13.5648
-13.6135
-13.6726
-13.7480
-13.8433
-13.9308
-14.0133
-14.0856
-14.1543
-14.2236
-14.2872
-14.3412
-14.3959
-14.4166
-14.4204
-14.4260
-14.4384
-14.4634
-14.4944
-14.5196
-14.5418
-14.5655
-14.5923
-14.6266
-14.6665
-14.7078
-14.7453
-14.7668
-14.7642
-14.7364
-14.6825
-14.6036
-14.5082
-14.4020
-14.3289
-14.3494
-14.3608
-14.3302
