4.9620
5.1780
5.2097
5.1527
4.8852
4.3776
4.0899
3.9141
3.7415
3.4316
3.3420
3.1409
2.8763
2.6686
2.6219
2.6802
2.8912
2.8657
2.7751
2.7822
3.1182
3.6006
3.6482
3.6059
3.4977
3.4110
3.2894
3.1443
3.1751
3.4422
3.7147
3.9072
4.0133
4.0806
4.0389
3.8206
3.5185
3.2435
3.0267
2.8118
2.6350
2.5517
2.4858
2.3340
2.1089
1.7854
1.3104
0.7872
0.1756
-0.4974
-1.0573
-1.5579
-1.8898
-2.1384
-2.4257
-2.6663
-2.7896
-2.9234
-3.1537
-3.0775
-3.2118
-3.3115
-3.3307
-3.2276
-2.9066
-2.9458
-2.8631
-2.4871
-2.3212
-2.1782
-1.8618
-1.5689
-1.3188
-1.0151
-0.7288
-0.3446
0.1626
0.6639
1.0580
1.3754
1.5973
1.7754
1.8914
1.9552
1.9878
2.0341
2.0726
2.5074
2.9058
2.9814
3.1343
3.3661
3.5352
3.7134
3.8003
3.8592
3.9578
4.1351
4.3365
4.5005
4.6055
4.6459
4.6715
4.7254
4.7037
4.7342
4.8202
4.9328
5.0706
5.1647
5.2571
5.2888
5.2896
5.3056
5.2107
4.9628
4.5443
4.3489
4.0873
3.4702
3.1752
3.0144
3.0683
3.3760
3.4188
3.4436
3.5395
3.5105
3.4058
3.3127
3.2351
3.1272
2.8945
2.5665
2.2323
1.8420
1.2690
0.4874
-0.7743
-2.6144
-3.6455
-3.6622
-3.8901
-4.1195
-4.3553
-4.7006
-4.8508
-4.9161
-5.1678
-5.5572
-5.8363
-6.0340
-6.2728
-6.5388
-6.5983
-6.5793
-6.6424
-6.7639
-6.8186
-6.6414
-6.5825
-6.5839
-6.5690
-6.5211
-6.4355
-6.4053
-6.4068
-6.4895
-6.6281
-6.9205
-7.2247
-7.4215
-7.5514
-7.6373
-7.6808
-7.7524
-7.8192
-7.8791
-7.9211
-8.0049
-7.9749
-7.8954
-7.8420
-7.7640
-7.6759
-7.5412
-7.4055
-7.3147
-7.2626
-7.2972
-7.3827
-7.4140
-7.4567
-7.4515
-7.5529
-7.6692
-7.7691
-7.7168
-7.7646
-7.7424
-7.6310
-7.5948
-7.8411
-8.0930
-8.0631
-7.8265
-8.1409
-8.4562
-8.4320
-8.3708
-8.5306
-8.6535
-8.7723
-8.8030
-8.8885
-8.7197
-8.7870
-8.4828
-7.6074
-7.2350
-7.0589
-7.3273
-7.8869
-8.6696
-7.5619
-7.0301
-6.1589
-4.7266
-6.9837
-8.3148
-8.2150
-8.3503
-8.2611
-9.0570
-9.4686
-9.4582
-9.5190
-9.5784
-9.7580
-9.6061
-9.4541
-9.4326
-9.1870
-9.1403
-9.2085
-9.6822
-10.3018
-11.1187
-12.2980
-12.5312
-13.0562
-13.6129
-13.7988
-13.8203
-13.5806
-13.5108
-13.4697
-13.5499
-13.2299
-12.8387
-12.8513
-13.0801
-12.9771
-12.9975
-12.5102
-12.4137
-12.5901
-12.3246
-12.3568
-12.7779
-12.9351
-13.1291
-12.8594
-12.2626
-11.7263
-11.1716
-10.6151
-10.0350
-9.3983
-8.8253
-8.6277
-8.4029
-8.2732
-7.9473
-8.0102
-7.8844
-7.8308
-7.9371
-8.0520
-8.1742
-8.3283
-8.3979
-8.6548
-8.6767
-8.4947
-8.4426
-8.5847
-8.8071
-8.9400
-9.0250
-9.0215
-9.0840
-9.2282
-9.3380
-9.3381
-9.3151
-9.3008
-9.4472
-9.5813
-9.6405
-9.6435
-9.6399
-9.6829
-9.7605
-9.8099
-9.8114
-9.7529
-9.6003
-9.3496
-9.0960
-8.9447
-8.7737
-8.4973
-8.1445
-7.8884
-7.7117
-7.5555
-7.4050
-7.2421
-7.0235
-6.7920
-6.5583
-6.3301
-6.1067
-5.9293
-5.7339
-5.5307
-5.3664
-5.2072
-5.0554
-4.9347
-4.8317
-4.7114
-4.6135
-4.5363
-4.4669
-4.4116
-4.3633
-4.3400
-4.3119
-4.3256
-4.4588
-4.6398
-4.9097
-5.1764
-5.4437
-5.7224
-5.9905
-6.1886
-6.3150
-6.3855
-6.4120
-6.4171
-6.3807
-6.3607
-6.3617
-6.3189
-6.2245
-6.1155
-6.0086
-5.9118
-5.8127
-5.7601
-5.7949
-5.7668
-5.6889
-5.6694
