-2.7134
-3.2592
-3.8466
-4.3188
-4.9924
-5.4254
-5.8947
-6.4029
-6.8466
-7.0370
-7.1094
-7.0579
-7.1306
-6.9400
-6.8100
-6.5192
-6.1733
-5.6614
-5.2140
-4.4646
-4.7152
-5.2109
-5.2367
-5.3366
-5.4296
-5.2852
-5.1364
-5.0168
-4.9870
-5.0916
-5.2050
-5.3644
-5.3537
-5.3773
-5.4868
-5.5463
-5.4636
-5.2057
-4.9087
-4.6666
-4.4923
-4.3658
-4.2590
-4.0852
-3.8526
-3.6542
-3.5705
-3.4600
-3.4160
-3.4932
-3.6390
-3.5813
-3.4154
-3.1202
-2.7574
-2.2626
-1.6996
-1.2885
-1.4348
-1.0058
-0.5576
-0.4015
0.0583
0.4899
1.0784
1.6332
2.0532
2.3697
2.8767
3.1699
3.4743
3.8233
4.1844
4.5394
4.7471
4.8535
4.6780
4.4236
4.0495
3.7450
3.5418
3.3968
3.3340
3.3961
3.7381
4.4726
5.8893
6.9786
6.0198
6.1148
6.5063
6.4950
6.3819
6.3681
6.3497
6.2982
6.3263
6.6247
7.0401
6.9891
6.9517
7.1536
7.4624
7.6190
7.6672
7.6659
7.5895
7.4926
7.3668
7.2128
7.0025
6.8686
6.8627
6.8737
6.9063
6.7684
6.1737
5.8677
5.3246
4.3287
3.7490
3.3756
3.2926
3.4357
3.2448
3.0375
2.9577
2.8262
2.4604
2.0816
2.0226
1.9807
1.5012
0.7410
0.2308
-0.0543
-0.4533
-0.8696
-1.2540
-1.7308
-2.2295
-2.6527
-2.4475
-2.3161
-2.0155
-1.4806
-1.1670
-1.0373
-1.1416
-1.2693
-1.0956
-0.6846
-0.0158
0.7857
1.4825
1.8900
1.9453
1.9460
2.3586
2.6357
2.7524
2.9690
3.0256
2.9111
2.5579
1.8473
1.1235
0.7009
0.5036
0.2939
0.1983
0.1051
0.0211
-0.0536
-0.1212
-0.1902
-0.2523
-0.3720
-0.4363
-0.3856
-0.2611
-0.0310
0.1876
0.3555
0.5390
0.7061
0.7351
0.5816
0.4253
0.1751
-0.0223
-0.1456
-0.1584
-0.0551
-0.1483
-0.0934
0.1583
0.5200
1.0916
1.5853
1.5046
1.0782
0.7499
0.6857
0.7178
0.7591
0.6347
0.7219
0.6599
0.9182
0.4876
-0.7372
-1.2924
-1.3573
-0.8434
0.3388
1.5600
1.8276
1.2673
0.4979
-0.3192
-0.9980
-1.2908
-1.4069
-1.7743
-2.6559
-3.0869
-2.3071
-3.2045
-4.7167
-5.6154
-6.8645
-7.4956
-7.1170
-7.3725
-8.0851
-8.3668
-8.6210
-9.0435
-8.8141
-8.3605
-8.4093
-8.1997
-7.9433
-7.8081
-8.0027
-7.3007
-6.3656
-5.2519
-5.0009
-4.9628
-5.1820
-5.3846
-5.0788
-4.4742
-3.4286
-2.4333
-1.5744
-1.4972
-0.9211
-0.4345
0.1771
0.9034
1.6564
1.6964
1.1639
0.3531
-0.5289
-0.7063
-0.6211
-0.4308
-0.6213
-0.9618
-1.3395
-1.6567
-1.9080
-1.9701
-2.0675
-2.2570
-2.7484
-3.1442
-3.5696
-3.9717
-4.4698
-5.0446
-5.3803
-5.4933
-5.5814
-5.6192
-5.5084
-5.3682
-5.3253
-5.3438
-5.4218
-5.8058
-6.2367
-6.5143
-6.5379
-6.4436
-6.3431
-6.3608
-6.4651
-6.5109
-6.3950
-6.2600
-6.1397
-6.0917
-6.0700
-6.0660
-6.0623
-6.0719
-6.0435
-5.9403
-5.7937
-5.6091
-5.4717
-5.4178
-5.4179
-5.4496
-5.4462
-5.3484
-5.2198
-5.1633
-5.2252
-5.3233
-5.3356
-5.3339
-5.3092
-5.3000
-5.2990
-5.2978
-5.2682
-5.2010
-5.1422
-5.0869
-5.0374
-5.0451
-5.0642
-5.0970
-5.1389
-5.1674
-5.2034
-5.2226
-5.2299
-5.2450
-5.2315
-5.1887
-5.1326
-5.0654
-5.0001
-4.9037
-4.8053
-4.5961
-4.4063
-4.1807
-3.9342
-3.7128
-3.5052
-3.3258
-3.1504
-2.9888
-2.8624
-2.7373
-2.6052
-2.4870
-2.3822
-2.2518
-2.1633
-2.1058
-2.0510
-2.0049
-1.9769
-1.8736
-1.8364
-2.0971
-2.3089
-2.3257
