3.7750
3.7310
3.6810
3.7570
3.7910
3.7900
3.8990
4.0200
4.0930
4.1500
4.2000
4.2070
4.2660
4.2230
4.1760
4.1570
4.0780
4.0230
3.9230
3.7060
3.6330
3.5490
3.5090
3.5250
3.5330
3.6020
3.6350
3.6870
3.7840
3.8950
3.9880
4.0480
4.1230
4.2200
4.3050
4.3990
4.4630
4.5360
4.6350
4.7350
4.8420
4.9490
5.0570
5.2120
5.3660
5.5090
5.6850
5.8200
6.0070
6.0920
6.1630
6.2010
6.1990
6.2090
6.2180
6.2420
6.2750
6.3210
6.1510
5.9430
6.0080
5.8000
5.7130
5.5940
5.6240
5.6400
5.4640
5.4270
5.4200
5.3680
5.1050
5.0840
5.0600
4.8350
4.7990
4.7480
4.5280
4.5250
4.7220
4.4550
4.4150
4.5320
4.3500
4.5370
4.6170
4.5350
4.4510
4.4020
4.2080
4.1360
4.1730
3.9460
4.2200
4.6650
4.7150
4.4210
4.1160
4.0180
4.1440
4.2990
4.4450
4.4460
4.3930
4.3390
4.2960
4.3080
4.2840
4.2380
4.2240
4.2470
4.2600
4.2700
4.2210
4.1080
3.8780
3.7880
3.8180
3.8380
3.8240
3.7900
3.7750
3.8110
3.8740
3.9610
4.0590
4.1700
4.2400
4.3200
4.3850
4.4300
4.4940
4.6040
4.6550
4.6550
4.7140
4.7760
4.9310
5.1560
5.1320
5.2850
5.4600
5.7060
5.9490
6.1490
6.1390
6.1610
6.2800
6.3110
6.2410
6.3670
6.0900
6.1420
6.0910
5.6120
5.7620
5.6740
5.3980
5.6880
5.3400
5.0130
4.9100
5.2930
5.5400
5.6490
5.6130
5.2820
5.0380
4.9130
4.7910
4.6590
4.5640
4.5170
4.0390
4.3800
4.3940
3.9660
4.0230
4.1390
3.7450
3.7320
4.0560
4.0960
4.1630
4.1820
4.3140
4.7450
4.8640
4.8230
4.8060
4.8180
4.8370
4.7770
4.5550
4.2190
4.0950
4.1400
4.2160
4.1170
4.0600
4.1180
4.2330
4.3350
4.4820
4.6110
4.6680
4.6000
4.4580
4.3990
4.2780
4.1640
4.1230
4.1760
4.1860
4.1250
3.9800
3.9200
3.9680
4.0380
4.1910
4.4460
4.6570
4.7680
4.7230
4.6290
4.5620
4.5260
4.4450
4.3890
4.3570
4.3380
4.3770
4.4570
4.6170
4.6870
4.7800
4.8640
4.9020
4.8240
4.8080
4.8150
4.8690
4.9820
4.9560
4.9690
4.9440
4.9000
4.8310
4.7950
4.8440
4.8050
4.7240
4.6080
4.5120
4.4550
4.3680
4.3830
4.2320
4.2580
4.3110
4.2760
4.1800
4.1370
4.0440
4.0010
3.9330
3.9050
3.9350
3.9670
3.9730
4.0330
4.1170
4.0990
4.0200
3.9680
3.9340
3.8830
3.7900
3.8060
3.8310
3.7230
3.7480
3.7870
3.8010
3.8470
3.9220
3.9860
4.0280
4.0760
4.1250
4.1580
4.1970
4.1910
4.1910
4.1680
4.1360
4.1170
4.0690
4.0120
3.9380
3.8990
3.9000
3.9300
3.9950
4.0850
4.1310
4.0970
4.0610
3.9800
3.9570
3.9180
3.9200
3.9220
3.9690
4.0280
4.1130
4.1720
4.2460
4.3070
4.3830
4.4330
4.5090
4.5380
4.6080
4.6330
4.6930
4.7720
4.8690
4.9730
5.0760
5.2140
5.3400
5.4880
5.5990
5.6940
5.7830
5.8540
5.9220
5.9700
5.9790
5.9960
6.0130
6.0490
6.0450
6.0210
6.0080
5.9940
5.9970
5.9830
5.9400
5.9060
5.8860
5.8710
5.9000
5.8660
5.7430
5.6950
5.6170
5.5490
5.4970
5.4070
5.3500
5.2970
5.2870
5.2840
5.2910
5.3090
5.3270
5.3240
5.3830
5.4690
5.6080
5.7160
5.8120
5.9080
5.9670
5.9740
6.0090
