1057.0000
1081.3000
1082.6000
1074.5000
1084.2000
1078.3000
1087.8000
1093.7000
1079.9000
1092.5000
1101.5000
1111.7000
1089.5000
1087.3000
1093.4000
1101.1000
1122.1000
1131.8000
1126.8000
1132.2000
1129.5000
1136.6000
1143.4000
1147.0000
1146.2000
1140.1000
1140.4000
1143.0000
1148.1000
1151.1000
1145.6000
1137.8000
1141.0000
1137.0000
1140.3000
1141.2000
1143.4000
1139.6000
1137.2000
1123.0000
1108.9000
1098.2000
1093.4000
1083.5000
1074.7000
1064.8000
1044.6000
1035.9000
1024.8000
1016.5000
1004.7000
1001.7000
995.3500
983.8300
981.1400
976.1600
963.0400
950.7700
964.6100
971.8000
957.5300
968.2500
969.3300
985.1400
983.3100
993.2200
995.6600
1002.6000
1002.1000
999.2500
1019.3000
1025.1000
1030.3000
1045.0000
1050.7000
1049.6000
1064.4000
1072.9000
1068.8000
1080.6000
1085.0000
1086.5000
1096.0000
1098.3000
1103.7000
1113.2000
1121.5000
1089.7000
1065.6000
1060.5000
1061.3000
1078.5000
1071.0000
1047.4000
1019.5000
1007.5000
1010.8000
1006.4000
993.3500
994.0600
984.0400
974.0900
969.3600
968.7200
970.6800
970.5500
972.3800
970.3200
969.9900
974.5600
974.1900
998.9700
1021.0000
1026.8000
1029.4000
1022.1000
1027.0000
1034.5000
1049.3000
1057.2000
1054.7000
1054.4000
1052.9000
1047.1000
1047.9000
1044.9000
1041.2000
1033.5000
1028.7000
1026.5000
1024.3000
1023.1000
1021.7000
1022.3000
1021.2000
1007.1000
987.6000
974.4200
978.6900
973.4100
961.6400
940.1100
922.4100
896.1000
890.2600
885.0300
869.3300
860.0800
846.4300
827.8900
824.8300
820.0800
821.9800
834.4000
819.6500
810.0700
793.8400
789.0200
776.6100
808.7900
825.6900
819.7800
818.7400
801.8200
805.7700
829.0800
837.5500
854.5800
868.4300
896.1900
897.8500
888.2800
936.1500
934.4700
940.7200
979.6600
975.4400
966.3300
984.5300
991.6100
987.7400
991.4100
988.5600
950.6700
910.6300
882.2400
872.0000
874.9200
865.8200
847.4300
821.6600
807.2900
807.1400
810.2700
802.1200
802.9500
797.1800
783.3300
775.0500
776.7900
774.9800
774.6300
775.5800
772.1400
774.2200
785.3000
790.7100
824.6000
862.1000
874.1100
874.1700
862.4100
862.4000
875.0100
909.7900
935.2800
941.6400
943.9100
952.4600
940.3200
951.7200
962.0300
968.3000
972.0100
969.0500
965.4300
962.7200
966.8100
971.9900
973.5300
981.6000
955.7900
938.2100
933.4400
929.8400
938.1100
935.7000
932.5700
918.2200
900.9300
901.4700
891.3000
885.5200
890.5700
877.7300
872.2700
868.4700
867.7400
849.7600
846.8300
846.4000
838.6100
842.4800
847.8800
839.6600
875.5400
904.9300
902.9800
915.1000
907.7200
930.2600
952.0200
981.5300
1001.2000
1014.3000
1017.8000
1025.4000
1021.9000
1020.6000
1029.5000
1035.7000
1047.9000
1049.9000
1051.4000
1052.0000
1060.8000
1070.1000
1079.1000
1092.7000
1074.1000
1050.8000
1051.6000
1049.3000
1057.7000
1053.0000
1042.8000
1019.5000
1006.2000
1003.9000
1001.2000
998.8800
1016.0000
1019.9000
1015.1000
1012.7000
1013.5000
1018.4000
1026.2000
1038.2000
1041.3000
1042.5000
1046.7000
1046.9000
1077.7000
1112.2000
1124.5000
1135.0000
1137.4000
1155.0000
1175.1000
1205.5000
1227.0000
1235.1000
1241.3000
1250.7000
1232.5000
1230.9000
1232.8000
1233.7000
1234.1000
1233.5000
1228.7000
1222.2000
1219.3000
1221.6000
1221.0000
1222.4000
1199.3000
1172.8000
1162.2000
1152.5000
1153.6000
1144.1000
1131.1000
1112.2000
1095.5000
1090.2000
1084.7000
1079.2000
1089.3000
1089.6000
1083.8000
1078.4000
1070.0000
1069.5000
1067.3000
1070.5000
1071.4000
1067.4000
1069.8000
1071.5000
1086.0000
1105.0000
1111.1000
1118.1000
1121.6000
1126.7000
1136.9000
1150.5000
1158.0000
1163.9000
1170.5000
1183.6000
1175.1000
1177.3000
1187.3000
1191.6000
1198.9000
1200.4000
1200.1000
1193.8000
1189.9000
1191.7000
1193.6000
1197.0000
1162.8000
1129.8000
