5.1902
5.1199
5.0409
5.1617
5.2157
5.2134
5.3872
5.5794
5.6945
5.7842
5.8649
5.8751
5.9684
5.9002
5.8256
5.7965
5.6710
5.5835
5.4242
5.0798
4.9642
4.8308
4.7677
4.7936
4.8060
4.9160
4.9678
5.0496
5.2035
5.3805
5.5274
5.6234
5.7415
5.8959
6.0316
6.1795
6.2811
6.3976
6.5542
6.7137
6.8836
7.0526
7.2237
7.4700
7.7147
7.9415
8.2205
8.4352
8.7324
8.8669
8.9789
9.0396
9.0369
9.0515
9.0660
9.1051
9.1576
9.2295
8.9609
8.6309
8.7336
8.4039
8.2650
8.0765
8.1247
8.1491
7.8703
7.8121
7.7997
7.7178
7.3000
7.2673
7.2287
6.8714
6.8154
6.7336
6.3843
6.3800
6.6919
6.2694
6.2062
6.3908
6.1028
6.3994
6.5264
6.3956
6.2628
6.1842
5.8767
5.7624
5.8222
5.4614
5.8958
6.6014
6.6810
6.2145
5.7317
5.5752
5.7750
6.0211
6.2534
6.2550
6.1707
6.0852
6.0170
6.0364
5.9969
5.9248
5.9018
5.9385
5.9592
5.9758
5.8984
5.7183
5.3529
5.2109
5.2587
5.2894
5.2670
5.2143
5.1895
5.2464
5.3468
5.4854
5.6408
5.8163
5.9278
6.0551
6.1585
6.2300
6.3312
6.5054
6.5871
6.5862
6.6792
6.7784
7.0248
7.3807
7.3432
7.5863
7.8642
8.2540
8.6394
8.9574
8.9410
8.9758
9.1641
9.2147
9.1034
9.3029
8.8630
8.9455
8.8652
8.1054
8.3431
8.2027
7.7658
8.2257
7.6738
7.1548
6.9910
7.5986
7.9913
8.1633
8.1072
7.5813
7.1946
6.9956
6.8022
6.5924
6.4418
6.3668
5.6086
6.1493
6.1715
5.4935
5.5829
5.7677
5.1430
5.1224
5.6355
5.6998
5.8051
5.8355
6.0445
6.7294
6.9183
6.8530
6.8262
6.8451
6.8750
6.7800
6.4276
5.8947
5.6979
5.7686
5.8894
5.7326
5.6423
5.7343
5.9170
6.0792
6.3122
6.5158
6.6064
6.4994
6.2742
6.1794
5.9883
5.8066
5.7420
5.8261
5.8422
5.7460
5.5149
5.4200
5.4965
5.6078
5.8503
6.2540
6.5890
6.7661
6.6935
6.5454
6.4386
6.3813
6.2535
6.1645
6.1138
6.0830
6.1458
6.2723
6.5264
6.6370
6.7851
6.9177
6.9776
6.8541
6.8285
6.8405
6.9255
7.1052
7.0646
7.0843
7.0451
6.9754
6.8662
6.8089
6.8859
6.8236
6.6964
6.5125
6.3598
6.2696
6.1302
6.1540
5.9153
5.9556
6.0412
5.9850
5.8332
5.7648
5.6166
5.5492
5.4409
5.3964
5.4442
5.4939
5.5040
5.5991
5.7325
5.7039
5.5787
5.4967
5.4421
5.3606
5.2133
5.2396
5.2795
5.1082
5.1466
5.2097
5.2317
5.3034
5.4234
5.5249
5.5913
5.6674
5.7459
5.7974
5.8592
5.8503
5.8504
5.8142
5.7622
5.7331
5.6561
5.5665
5.4490
5.3872
5.3881
5.4354
5.5393
5.6812
5.7552
5.7010
5.6433
5.5158
5.4790
5.4175
5.4200
5.4237
5.4985
5.5911
5.7260
5.8195
5.9380
6.0345
6.1541
6.2333
6.3543
6.4012
6.5123
6.5510
6.6471
6.7722
6.9254
7.0914
7.2541
7.4728
7.6728
7.9079
8.0847
8.2350
8.3759
8.4889
8.5975
8.6729
8.6879
8.7143
8.7412
8.7988
8.7921
8.7540
8.7336
8.7108
8.7152
8.6940
8.6248
8.5716
8.5400
8.5152
8.5620
8.5081
8.3131
8.2363
8.1132
8.0052
7.9221
7.7800
7.6892
7.6051
7.5885
7.5837
7.5961
7.6248
7.6533
7.6471
7.7409
7.8777
8.0980
8.2700
8.4225
8.5747
8.6689
8.6793
8.7352
