-8.6635
-8.6549
-8.6616
-8.6321
-8.6049
-8.5946
-8.5760
-8.5490
-8.5228
-8.5018
-8.4811
-8.4629
-8.4625
-8.4680
-8.4715
-8.4785
-8.4923
-8.5372
-8.5672
-8.5745
-8.4771
-8.3767
-8.2783
-8.1782
-8.0938
-8.0236
-7.9623
-7.8850
-7.7968
-7.7128
-7.6446
-7.5788
-7.5272
-7.4854
-7.4543
-7.4413
-7.4322
-7.4220
-7.4189
-7.4166
-7.4100
-7.4073
-7.4160
-7.4404
-7.4710
-7.4957
-7.5208
-7.5431
-7.5592
-7.5630
-7.5785
-7.6107
-7.6471
-7.6819
-7.7060
-7.7101
-7.7007
-7.6939
-7.6987
-7.7169
-7.7551
-7.7945
-7.8114
-7.8242
-7.8371
-7.9054
-7.8474
-7.8747
-7.9048
-7.9576
-8.0442
-8.0901
-8.1674
-8.2323
-8.2902
-8.3433
-8.3963
-8.4229
-8.4418
-8.4810
-8.4912
-8.4799
-8.4760
-8.4563
-8.4474
-8.4637
-8.4509
-8.4320
-8.4410
-8.4062
-8.3587
-8.3180
-8.2688
-8.1994
-8.1655
-8.1603
-8.1935
-8.2203
-8.1963
-8.1728
-8.1785
-8.1654
-8.1623
-8.1627
-8.1581
-8.1508
-8.1469
-8.1384
-8.1285
-8.1165
-8.0987
-8.0969
-8.1003
-8.0958
-8.0698
-8.0258
-7.9838
-7.8938
-7.8127
-7.7385
-7.6648
-7.5972
-7.5172
-7.4177
-7.3005
-7.1879
-7.0983
-7.0216
-6.9505
-6.8902
-6.8464
-6.7911
-6.7423
-6.7172
-6.7020
-6.6774
-6.6741
-6.7392
-6.8168
-6.8768
-6.9367
-6.9900
-7.0802
-7.0885
-7.1687
-7.2179
-7.2821
-7.3214
-7.3391
-7.3217
-7.3928
-7.4804
-7.4644
-7.4459
-7.4927
-7.5333
-7.5918
-7.5619
-7.5565
-7.6814
-7.7222
-7.7414
-7.8620
-7.7619
-7.8468
-7.8983
-7.8989
-7.9887
-8.0514
-8.0997
-8.1067
-8.1720
-8.2380
-8.2697
-8.2822
-8.3452
-8.3453
-8.3081
-8.3317
-8.3518
-8.3097
-8.2814
-8.2363
-8.2059
-8.1950
-8.1552
-8.1506
-8.1762
-8.1813
-8.1927
-8.2068
-8.2217
-8.2475
-8.2741
-8.2779
-8.2509
-8.2170
-8.1934
-8.1558
-8.1178
-8.0862
-8.0632
-8.0356
-8.0216
-8.0239
-8.0369
-8.0461
-8.0509
-8.0533
-8.0424
-8.0143
-7.9785
-7.9355
-7.8969
-7.8646
-7.8295
-7.8128
-7.7832
-7.7592
-7.7311
-7.7143
-7.7206
-7.6730
-7.5962
-7.5031
-7.4010
-7.3101
-7.2253
-7.1525
-7.1237
-7.1020
-7.1303
-7.2153
-7.2768
-7.3150
-7.3469
-7.3891
-7.4285
-7.4634
-7.4628
-7.4499
-7.4321
-7.4122
-7.4226
-7.4535
-7.4976
-7.5539
-7.6054
-7.6398
-7.6829
-7.6972
-7.7063
-7.7467
-7.7995
-7.8476
-7.8926
-7.9387
-7.9795
-8.0476
-8.0680
-8.1144
-8.1484
-8.1757
-8.2013
-8.2218
-8.2395
-8.2506
-8.2624
-8.2706
-8.2808
-8.2900
-8.2972
-8.3033
-8.3109
-8.3241
-8.3353
-8.3422
-8.3548
-8.3687
-8.3748
-8.3773
-8.3831
-8.3782
-8.3707
-8.3737
-8.3836
-8.3873
-8.3861
-8.3794
-8.3740
-8.3701
-8.3640
-8.3578
-8.3518
-8.3448
-8.3421
-8.3413
-8.3452
-8.3555
-8.3702
-8.3818
-8.3927
-8.4063
-8.4119
-8.4175
-8.4285
-8.4173
-8.3905
-8.3547
-8.3159
-8.2811
-8.2484
-8.2110
-8.1616
-8.1030
-8.0327
-7.9549
-7.8844
-7.8222
-7.7609
-7.7094
-7.6528
-7.5995
-7.5423
-7.4932
-7.4417
-7.4024
-7.3673
-7.3268
-7.2949
-7.2723
-7.2553
-7.2461
-7.2447
-7.2536
-7.2635
-7.2843
-7.3106
-7.3349
-7.3661
-7.4026
-7.4453
-7.4986
-7.5613
-7.6188
-7.6763
-7.7407
-7.8115
-7.8815
-7.9512
-8.0094
-8.0379
-8.0612
-8.1565
-8.1375
-8.1870
-8.2155
-8.2685
-8.3337
-8.3820
-8.4324
-8.4811
-8.5270
-8.5577
-8.5667
-8.5857
-8.5947
-8.5915
-8.5686
-8.5291
-8.4920
-8.4692
-8.4460
-8.4299
-8.4313
-8.4277
-8.4041
