-4.2958
-4.2807
-4.1667
-4.2599
-4.3170
-4.3196
-4.4113
-4.5462
-4.5788
-4.6333
-4.7016
-4.7490
-4.8091
-4.7728
-4.7433
-4.7908
-4.7490
-4.7022
-4.5442
-4.2444
-4.1838
-4.1174
-4.1318
-4.2488
-4.3568
-4.5554
-4.6670
-4.8071
-5.0192
-5.2477
-5.4374
-5.5663
-5.7131
-5.8845
-6.0294
-6.1791
-6.2760
-6.3844
-6.5255
-6.6613
-6.8161
-6.9834
-7.1611
-7.4076
-7.6521
-7.8880
-8.1859
-8.4176
-8.7263
-8.8665
-8.9777
-9.0338
-9.0237
-9.0301
-9.0231
-9.0284
-9.0395
-9.0774
-8.7575
-8.3927
-8.4941
-8.1051
-7.9433
-7.7041
-7.7563
-7.7237
-7.4110
-7.2469
-7.2273
-7.2050
-6.6733
-6.5689
-6.4851
-6.0259
-5.9100
-5.6424
-5.2851
-5.2272
-5.5358
-5.1680
-5.1370
-5.2088
-5.0618
-5.2306
-5.2503
-5.1328
-5.0212
-4.9408
-4.5954
-4.6132
-4.7178
-4.2954
-4.4110
-4.8645
-5.0155
-4.6801
-4.3528
-4.4344
-4.6983
-4.9781
-5.2355
-5.2573
-5.2360
-5.2699
-5.2202
-5.2120
-5.1783
-5.1377
-5.1353
-5.1789
-5.1894
-5.2286
-5.2080
-5.0751
-4.7812
-4.6907
-4.7245
-4.7631
-4.7944
-4.8052
-4.8316
-4.9360
-5.0907
-5.2696
-5.4689
-5.6795
-5.8106
-5.9480
-6.0678
-6.1599
-6.2852
-6.4848
-6.5785
-6.5833
-6.6792
-6.7737
-7.0021
-7.3310
-7.3074
-7.5526
-7.8371
-8.2185
-8.6295
-8.9290
-8.9303
-8.9755
-9.1606
-9.2099
-9.0762
-9.2923
-8.8629
-8.9160
-8.7955
-8.0486
-8.2040
-8.0710
-7.6563
-8.0961
-7.4623
-7.0203
-6.7327
-7.3391
-7.5177
-7.7234
-7.5125
-6.8268
-6.4792
-5.9896
-5.7804
-5.6659
-5.4984
-5.2761
-4.4893
-4.7554
-4.8127
-4.3453
-4.5722
-4.7440
-4.2357
-4.2571
-4.5229
-4.6143
-4.7579
-4.8942
-5.0042
-5.4845
-5.4537
-5.3920
-5.3265
-5.4108
-5.4975
-5.5442
-5.4565
-5.2515
-5.2678
-5.5305
-5.7582
-5.6676
-5.6066
-5.6999
-5.8691
-6.0157
-6.2459
-6.4357
-6.4894
-6.3403
-6.1333
-6.0582
-5.9130
-5.7842
-5.7396
-5.8224
-5.8184
-5.7131
-5.4679
-5.3930
-5.4856
-5.5953
-5.8490
-6.2540
-6.5738
-6.7182
-6.6497
-6.5140
-6.4185
-6.3637
-6.2434
-6.1580
-6.1116
-6.0825
-6.1414
-6.2487
-6.4802
-6.5548
-6.6589
-6.7466
-6.7877
-6.6786
-6.6866
-6.7130
-6.8438
-7.0311
-6.9878
-7.0452
-7.0260
-6.9648
-6.8626
-6.8075
-6.8692
-6.8145
-6.6834
-6.4936
-6.3438
-6.2691
-6.1297
-6.1512
-5.9113
-5.9547
-6.0393
-5.9803
-5.8175
-5.7306
-5.5940
-5.5203
-5.4076
-5.3600
-5.3893
-5.3883
-5.4047
-5.4737
-5.5898
-5.5504
-5.4499
-5.3817
-5.3135
-5.2287
-5.1123
-5.1218
-5.1298
-4.9837
-5.0485
-5.0933
-5.1512
-5.2500
-5.3742
-5.4725
-5.5438
-5.6337
-5.7256
-5.7840
-5.8457
-5.8384
-5.8415
-5.8101
-5.7606
-5.7297
-5.6487
-5.5522
-5.4314
-5.3647
-5.3558
-5.3887
-5.4801
-5.6091
-5.6637
-5.6092
-5.5245
-5.3667
-5.3020
-5.2531
-5.2811
-5.3187
-5.4215
-5.5338
-5.6800
-5.7868
-5.9120
-6.0145
-6.1358
-6.2195
-6.3370
-6.3834
-6.4873
-6.5306
-6.6266
-6.7514
-6.9036
-7.0670
-7.2299
-7.4448
-7.6434
-7.8750
-8.0519
-8.2009
-8.3362
-8.4484
-8.5502
-8.6174
-8.6252
-8.6502
-8.6697
-8.7182
-8.7063
-8.6604
-8.6199
-8.5844
-8.5728
-8.5124
-8.4194
-8.3194
-8.2179
-8.1202
-8.0522
-7.9764
-7.6865
-7.4818
-7.2759
-7.0830
-6.9230
-6.7768
-6.6484
-6.5031
-6.3292
-6.2800
-6.2391
-6.1156
-6.0922
-6.0444
-6.0595
-6.1164
-6.2517
-6.3846
-6.4770
-6.5300
-6.5062
-6.4577
-6.4291
