2.9127
2.8086
2.8372
2.9148
2.9271
2.9190
3.0922
3.2345
3.3856
3.4625
3.5061
3.4588
3.5347
3.4688
3.3822
3.2630
3.0996
3.0108
2.9618
2.7910
2.6721
2.5265
2.3788
2.2197
2.0289
1.8482
1.7023
1.5461
1.3726
1.1876
0.9934
0.7991
0.5698
0.3655
0.1633
-0.0671
-0.2546
-0.4119
-0.6129
-0.8368
-0.9618
-0.9850
-0.9495
-0.9633
-0.9808
-0.9201
-0.7530
-0.5449
-0.3265
-0.0804
0.1436
0.3248
0.4880
0.6219
0.8810
1.1792
1.4661
1.6683
1.8981
2.0139
2.0315
2.2208
2.2835
2.4241
2.4187
2.5985
2.6495
2.9174
2.9327
2.7663
2.9592
3.1087
3.1934
3.3022
3.3943
3.6748
3.5815
3.6579
3.7598
3.5493
3.4825
3.7028
3.4091
3.6868
3.8766
3.8156
3.7430
3.7193
3.6630
3.4531
3.4117
3.3730
3.9119
4.4626
4.4136
4.0887
3.7289
3.3791
3.3580
3.3870
3.4197
3.3891
3.2651
3.0427
2.9922
3.0452
3.0246
2.9509
2.9086
2.9060
2.9294
2.8933
2.7692
2.6348
2.4069
2.2695
2.3093
2.3002
2.1806
2.0247
1.8938
1.7778
1.6351
1.5235
1.3821
1.2540
1.1732
1.1341
1.0536
0.9319
0.7615
0.5177
0.3376
0.1968
-0.0140
-0.2510
-0.5639
-0.8546
-0.7245
-0.7149
-0.6514
-0.7653
-0.4127
-0.7123
-0.4370
-0.0804
0.2532
0.2958
0.7039
0.4439
-0.0495
0.7254
1.1097
0.9584
1.5173
1.4640
1.2992
1.4545
1.7892
1.3807
1.8828
1.9686
2.7102
2.6435
3.0478
3.2973
3.1277
3.6143
3.5855
3.3700
3.3562
3.5637
3.3620
3.8988
3.8633
3.3610
3.2038
3.2804
2.9171
2.8488
3.3619
3.3460
3.3259
3.1780
3.3904
3.8994
4.2568
4.2296
4.2691
4.1926
4.1283
3.9025
3.3973
2.6775
2.1717
1.6402
1.2361
0.8605
0.6339
0.6272
0.7514
0.8762
0.9127
1.0186
1.2376
1.4292
1.3222
1.2177
0.9465
0.5098
0.1658
-0.2075
-0.5268
-0.6139
-0.7180
-0.5403
-0.3473
-0.3739
-0.1258
0.0110
0.4471
0.8033
0.7652
0.6403
0.5090
0.4731
0.3565
0.2834
0.1620
-0.0758
-0.2331
-0.5435
-0.7751
-1.0418
-1.3023
-1.5287
-1.6167
-1.5412
-1.3848
-1.3144
-1.0606
-1.0233
-1.0387
-0.7426
-0.5183
-0.3834
-0.2236
-0.1369
-0.4803
-0.3529
-0.4162
-0.4960
-0.4515
-0.0785
-0.0775
0.1880
0.2197
0.0997
0.1494
0.2371
0.4281
0.6265
0.5037
0.5661
0.6011
0.6255
0.7711
1.0720
1.0412
1.1784
1.2707
1.3144
1.1915
1.1184
1.1761
1.1817
1.0216
1.1048
1.2481
1.1208
1.0001
1.0952
0.9139
0.7504
0.7286
0.7592
0.7277
0.6170
0.4818
0.3941
0.3983
0.3734
0.3218
0.2171
0.1355
0.1985
0.2892
0.3987
0.4382
0.4923
0.5897
0.7109
0.8079
0.9020
1.0220
1.0193
1.1519
1.2735
1.3814
1.3244
1.2194
1.0617
0.9171
0.7985
0.7246
0.6156
0.5551
0.4905
0.4738
0.4142
0.4684
0.4780
0.5701
0.5168
0.5216
0.5307
0.5491
0.5878
0.5918
0.6465
0.6716
0.7205
0.7268
0.7480
0.8144
0.8281
0.9000
0.9792
1.0418
1.0552
1.1158
1.1886
1.2253
1.2766
1.4050
1.4784
1.5688
1.7675
1.8712
2.0639
2.3231
2.5633
2.9105
2.9604
3.1661
3.4437
3.5896
3.7302
3.8513
3.8214
3.8630
3.9429
4.1865
4.2512
4.3330
4.5539
4.6322
4.6844
4.8170
4.9645
5.1473
5.2564
5.3840
5.5574
5.7287
5.7991
5.9135
