4.2500
4.2890
4.4470
4.4350
4.5040
4.5810
4.6600
4.7340
4.7470
4.8510
4.8600
4.9050
4.9510
4.9670
5.0580
5.1380
5.1830
5.1030
4.7370
4.5180
4.2630
3.7130
3.2990
3.0720
3.1900
3.3660
3.2980
3.1730
3.1260
3.0710
2.9750
2.8010
2.6480
2.5300
2.4630
2.3870
2.2650
2.1720
2.0810
2.0050
1.9130
1.7930
1.6790
1.6230
1.6640
1.7880
1.9830
2.3410
2.6530
2.9360
3.0260
3.2150
3.4260
3.5590
3.6810
3.6890
3.6610
3.7340
3.7260
3.5130
3.2930
3.2830
3.5290
3.9800
4.8740
5.3530
5.5390
5.7530
6.0080
6.0740
6.1260
6.2040
6.2790
6.2730
6.3210
6.2460
6.2660
6.3040
6.3750
6.4420
6.4190
6.4560
6.4690
6.5030
6.5210
6.4850
6.4220
6.3710
6.3040
6.2800
6.2590
6.2390
6.2070
6.1430
6.0870
6.0500
6.0310
6.0160
5.9770
5.8850
5.7870
5.6810
5.6070
5.5560
5.5220
5.5100
5.4800
5.4100
5.3630
5.3140
5.2830
5.2970
5.2830
5.1170
4.7310
4.3970
3.8910
3.5790
3.3840
3.4640
3.5070
3.3860
3.2530
3.1250
3.0490
2.9610
2.8630
2.7690
2.6870
2.5820
2.4970
2.4450
2.4610
2.5230
2.6290
2.7410
2.8710
3.0250
3.1710
3.3030
3.4630
3.6270
3.8320
4.0260
4.2640
4.6170
4.8660
5.1320
5.3990
5.6430
5.8670
6.0130
6.1010
6.0380
6.0050
5.8980
5.8180
5.7940
5.7310
5.7420
5.7500
5.8120
5.7340
5.7030
5.7770
5.7980
5.8450
5.8570
5.9470
5.9460
6.0260
6.0590
6.0420
6.0010
6.0000
6.0090
5.9260
5.8460
5.8370
5.8380
5.8530
5.8610
5.8510
5.8070
5.8240
5.7960
5.8530
5.8850
5.8890
5.8970
5.8810
5.8730
5.8580
5.8070
5.7760
5.7470
5.7340
5.6930
5.6970
5.7560
5.8130
5.8520
5.8810
5.9140
5.9370
5.9390
5.9310
5.9730
5.9210
5.7370
5.4540
5.1070
4.6540
4.5640
4.4810
4.4510
4.5270
4.5620
4.4690
4.3230
4.2110
4.0800
3.9710
3.8960
3.8330
3.7790
3.7160
3.6690
3.5920
3.5210
3.4590
3.4110
3.4040
3.4390
3.4850
3.5420
3.6210
3.7200
3.8320
3.9500
4.1040
4.2850
4.5520
4.8510
5.1340
5.3290
5.4910
5.6210
5.7380
5.8400
5.9130
5.9080
5.8900
5.8630
5.8750
5.8440
5.9130
5.9760
5.9660
6.0810
6.0910
6.0360
5.9500
5.8720
6.0410
6.2130
6.1040
6.0510
5.9240
5.8470
5.8700
5.8610
5.9240
5.9920
5.9800
5.9120
5.8600
5.8440
5.8060
5.7260
5.6420
5.6060
5.5900
5.6430
5.7320
5.7860
5.8530
5.9170
5.9640
5.9030
5.8960
5.9100
5.8960
5.8880
5.8940
5.9170
5.9340
5.9700
6.0070
6.0400
6.0400
6.0710
6.0660
6.0640
5.9230
5.6810
5.4260
5.1220
4.6260
4.5110
4.5930
4.6650
4.7290
4.6200
4.4890
4.3710
4.3300
4.2560
4.1910
4.1470
4.1090
4.0470
4.0010
3.9930
3.9660
3.9600
3.9780
3.9840
3.9930
4.0270
4.0530
4.0870
4.1050
4.1840
4.2620
4.3210
4.3580
4.3830
4.4650
4.6030
4.7850
4.9130
5.0100
5.0750
5.1580
5.2220
5.3980
5.5180
5.5180
5.6060
5.6580
5.6170
5.8570
5.7160
5.7350
6.0170
6.0890
6.2770
6.3590
6.3360
6.3270
6.2900
6.4390
6.3650
6.2130
6.1170
5.9480
5.9320
6.0100
6.0560
6.1220
6.1850
6.2230
6.0530
5.9190
6.0280
6.1770
