512.0200
560.1600
527.5700
519.7900
556.5000
548.8400
559.9800
558.5600
557.1100
553.1900
550.0100
570.8800
566.6000
570.6800
574.2200
585.3900
605.2700
614.7700
616.4600
614.8200
609.3400
617.1500
624.3900
633.0900
636.6100
634.3500
632.2200
638.8100
647.6600
656.4300
657.1400
653.5200
648.9000
651.3500
652.0800
658.2000
658.1500
653.7000
650.2500
629.8500
613.0500
607.4700
603.4200
599.9600
591.2500
581.7800
565.7100
557.2000
547.4400
540.4200
537.1400
535.2700
527.3700
519.7100
510.2100
506.8300
504.3300
497.2700
493.8900
491.5900
491.5800
489.5100
489.5800
507.8200
522.4800
532.7800
543.1400
555.7800
567.1700
579.1900
596.6400
609.2500
618.1400
624.2800
628.3100
642.9900
655.3000
662.5300
672.9500
674.2800
684.3100
695.7300
705.8800
712.5500
716.9100
724.8900
732.9100
706.7900
688.0400
687.1100
687.4700
695.1400
694.9000
690.5100
674.8900
670.7100
676.0600
676.8500
679.0700
689.8200
689.3600
691.1300
695.3900
701.1700
705.3600
707.5900
711.3500
712.6200
716.6400
723.5900
730.2300
762.5700
790.6100
801.9900
807.2600
808.1200
814.4100
826.8800
848.6200
857.2300
857.5400
860.5800
860.4700
864.9100
877.6500
881.1200
882.9200
881.0600
881.5500
886.2700
892.5300
900.1200
900.5900
900.0200
903.2400
881.4400
867.1400
861.3300
858.3000
859.4700
853.1100
841.9800
823.5700
815.6900
811.3400
805.5200
805.2500
799.6800
785.3700
781.0800
776.4700
770.4900
766.8500
759.8500
755.2900
750.1200
749.9300
747.8900
748.2500
764.1900
775.3700
784.0900
794.7900
802.3400
810.7800
823.7100
838.4600
848.8900
858.8800
871.6700
879.8200
888.4600
903.7100
914.1700
922.9900
930.7400
940.4000
955.6800
964.6800
971.8700
978.3100
986.9000
994.8700
968.3300
943.1500
940.8100
940.9600
950.1100
949.4900
938.5600
917.1600
909.8500
911.1300
912.0400
913.6900
914.7000
903.6700
900.7600
899.8600
901.7100
901.0600
899.1700
897.5800
892.4700
895.3500
898.3400
899.9400
938.1400
966.7900
975.2000
979.4100
972.4500
978.8300
991.8800
1017.5000
1027.1000
1024.2000
1024.3000
1022.8000
1017.4000
1022.1000
1023.7000
1023.3000
1021.6000
1020.9000
1018.9000
1016.9000
1020.4000
1018.6000
1014.9000
1013.9000
984.8500
958.4900
941.4900
930.4300
923.0700
909.3900
888.6200
861.5900
843.4800
833.2100
819.7800
812.7500
809.3800
796.3900
791.0700
785.8900
782.3600
777.3900
775.2900
771.2800
761.2300
764.0300
768.6200
767.2000
777.7600
788.6500
788.7700
793.6100
793.9200
798.9000
806.1100
829.6700
842.8000
856.1100
858.6200
864.5300
863.6400
869.3200
881.2700
889.4700
896.0100
899.0300
897.8400
897.4700
906.6600
912.7600
913.1800
914.9700
880.7400
850.7700
841.1400
836.7600
839.0100
827.6300
804.6100
773.5500
755.9200
751.6100
745.5100
736.3200
737.4000
730.7900
722.1700
714.2800
707.1500
701.1500
692.9400
688.3500
675.1400
669.6800
664.2700
657.7200
684.2600
709.0700
714.2900
713.2700
703.4400
707.4500
716.8200
736.6300
749.1000
744.1600
745.0700
743.4400
734.8600
732.8800
734.9500
732.8500
727.4400
719.7900
711.5200
702.3500
695.5400
687.3400
677.3300
668.5300
637.2600
606.2000
586.9700
571.4100
560.6600
546.0200
522.8200
497.4100
480.0900
466.6100
451.6300
444.3800
453.6600
453.4900
451.1500
438.8300
428.0800
428.1900
430.1800
431.7500
426.2300
428.3200
415.5700
407.0700
430.8600
433.2900
448.6000
453.6400
439.9000
460.1300
465.3800
483.6400
493.2900
506.8800
531.5100
518.9700
513.1800
537.2900
554.5700
582.8200
594.3800
590.2700
601.2500
597.7400
596.8800
595.5200
600.0600
605.1400
555.7600
518.1400
