5.9430
6.0050
6.2555
6.2370
6.3472
6.4696
6.5939
6.7112
6.7329
6.8973
6.9110
6.9837
7.0555
7.0818
7.2260
7.3526
7.4235
7.2973
6.7169
6.3695
5.9646
5.0914
4.4342
4.0744
4.2624
4.5406
4.4333
4.2343
4.1594
4.0732
3.9199
3.6451
3.4016
3.2150
3.1086
2.9880
2.7943
2.6460
2.5015
2.3821
2.2354
2.0451
1.8638
1.7755
1.8397
2.0371
2.3468
2.9150
3.4101
3.8587
4.0016
4.3011
4.6355
4.8476
5.0410
5.0539
5.0093
5.1254
5.1120
4.7735
4.4245
4.4093
4.7989
5.5146
6.9342
7.6936
7.9896
8.3291
8.7328
8.8378
8.9206
9.0449
9.1626
9.1545
9.2304
9.1105
9.1420
9.2030
9.3159
9.4222
9.3851
9.4444
9.4653
9.5194
9.5468
9.4899
9.3898
9.3094
9.2022
9.1656
9.1310
9.1005
9.0490
8.9481
8.8583
8.7994
8.7698
8.7464
8.6845
8.5384
8.3828
8.2138
8.0976
8.0155
7.9624
7.9424
7.8955
7.7839
7.7100
7.6323
7.5836
7.6048
7.5835
7.3199
6.7071
6.1765
5.3741
4.8787
4.5693
4.6958
4.7640
4.5730
4.3613
4.1581
4.0372
3.8977
3.7433
3.5937
3.4630
3.2974
3.1619
3.0794
3.1043
3.2035
3.3708
3.5493
3.7553
3.9998
4.2308
4.4413
4.6951
4.9547
5.2797
5.5885
5.9660
6.5254
6.9206
7.3434
7.7674
8.1547
8.5092
8.7407
8.8814
8.7802
8.7290
8.5592
8.4315
8.3930
8.2934
8.3117
8.3234
8.4223
8.2980
8.2485
8.3666
8.3994
8.4750
8.4943
8.6358
8.6342
8.7623
8.8135
8.7871
8.7222
8.7213
8.7344
8.6037
8.4769
8.4619
8.4638
8.4877
8.5007
8.4846
8.4148
8.4414
8.3970
8.4873
8.5380
8.5440
8.5566
8.5317
8.5190
8.4953
8.4137
8.3659
8.3189
8.2978
8.2334
8.2399
8.3333
8.4243
8.4854
8.5320
8.5835
8.6212
8.6243
8.6109
8.6778
8.5959
8.3038
7.8547
7.3043
6.5850
6.4421
6.3099
6.2620
6.3831
6.4387
6.2904
6.0593
5.8819
5.6735
5.5009
5.3825
5.2827
5.1968
5.0971
5.0217
4.8998
4.7869
4.6887
4.6117
4.6005
4.6572
4.7305
4.8204
4.9461
5.1034
5.2805
5.4670
5.7116
5.9991
6.4232
6.8969
7.3464
7.6557
7.9136
8.1188
8.3053
8.4659
8.5830
8.5741
8.5462
8.5034
8.5219
8.4725
8.5828
8.6821
8.6667
8.8486
8.8653
8.7771
8.6419
8.5169
8.7849
9.0585
8.8852
8.8007
8.5999
8.4784
8.5145
8.4998
8.6000
8.7085
8.6896
8.5808
8.4981
8.4734
8.4130
8.2863
8.1526
8.0956
8.0707
8.1538
8.2957
8.3814
8.4868
8.5883
8.6634
8.5673
8.5558
8.5784
8.5554
8.5427
8.5527
8.5886
8.6151
8.6736
8.7314
8.7848
8.7839
8.8326
8.8260
8.8220
8.5988
8.2146
7.8097
7.3268
6.5397
6.3576
6.4882
6.6029
6.7031
6.5311
6.3237
6.1362
6.0711
5.9524
5.8500
5.7807
5.7199
5.6221
5.5484
5.5352
5.4936
5.4840
5.5128
5.5219
5.5351
5.5895
5.6311
5.6855
5.7136
5.8390
5.9632
6.0559
6.1148
6.1550
6.2843
6.5041
6.7931
6.9951
7.1496
7.2535
7.3843
7.4854
7.7657
7.9557
7.9565
8.0950
8.1779
8.1122
8.4937
8.2707
8.3004
8.7469
8.8621
9.1607
9.2900
9.2544
9.2397
9.1806
9.4175
9.3003
9.0592
8.9061
8.6386
8.6133
8.7371
8.8092
8.9138
9.0144
9.0749
8.8053
8.5925
8.7654
9.0018
