2.2771
2.2531
2.2802
2.3022
2.3129
2.3301
2.3606
2.4397
2.4976
2.5131
2.5003
2.4518
2.4188
2.3441
2.2731
2.2619
2.2071
1.9811
1.5214
1.2684
1.1725
1.1491
1.3291
1.6199
2.0615
2.4930
2.8077
3.1723
3.6037
3.9653
4.2747
4.6081
4.9907
5.3509
5.6377
5.9162
6.1928
6.4295
6.6405
6.8101
6.9309
7.0068
7.0285
7.0032
6.9701
6.9028
6.7929
6.5532
6.5991
6.8545
6.8734
6.8015
6.7152
6.6483
6.6282
6.7086
6.7806
6.9068
7.0522
7.1145
7.1231
7.1350
7.1523
6.9800
6.1190
5.3256
4.7217
4.2760
3.8732
3.5461
3.3957
3.2129
3.0985
2.8189
2.6221
2.4098
2.1855
2.0007
1.8653
1.7080
1.5425
1.4693
1.3846
1.2866
1.1365
0.9943
0.8448
0.7351
0.6560
0.6300
0.6446
0.6816
0.7020
0.7173
0.7368
0.7633
0.7370
0.7172
0.6459
0.5156
0.3766
0.2343
0.1095
0.0489
0.0425
0.0647
0.0598
0.0140
-0.0485
-0.1054
-0.1782
-0.2637
-0.3838
-0.6319
-0.9499
-1.0218
-0.8574
-0.5578
-0.1845
0.2753
0.6900
1.0733
1.4446
1.8243
2.3066
2.7371
3.0845
3.3773
3.6987
3.9909
4.2060
4.3598
4.4773
4.5497
4.5701
4.5270
4.4448
4.3818
4.3802
4.3984
4.4012
4.4467
4.5237
4.6071
4.5565
4.8739
4.9386
4.9033
4.7970
4.6972
4.6176
4.5516
4.4476
4.1658
4.0491
3.9270
3.7900
3.6448
3.4442
3.1443
2.7676
2.3796
1.9632
1.4994
1.0943
0.7019
0.3441
0.0575
-0.1583
-0.3866
-0.5407
-0.6656
-0.7780
-0.8880
-0.9643
-1.0336
-1.1184
-1.2011
-1.2600
-1.3146
-1.3532
-1.3889
-1.4365
-1.4806
-1.5200
-1.5433
-1.5419
-1.5463
-1.5878
-1.6478
-1.6966
-1.7483
-1.8119
-1.8722
-1.9089
-1.8998
-1.8813
-1.8708
-1.8597
-1.8481
-1.8389
-1.8339
-1.8338
-1.8361
-1.8442
-1.8530
-1.8602
-1.8899
-1.9406
-2.0236
-2.0875
-2.0703
-1.9825
-1.6915
-1.3634
-0.9795
-0.5430
-0.1541
0.1781
0.4730
0.7646
1.1030
1.4315
1.7185
1.9703
2.2051
2.4551
2.7007
2.9118
3.0865
3.2364
3.3578
3.4316
3.4484
3.4605
3.4894
3.5325
3.5681
3.5775
3.5572
3.5580
3.5777
3.5848
3.5676
3.5042
3.4119
3.2947
3.1634
3.0011
2.7939
2.5626
2.3460
2.1147
1.8598
1.5792
1.2568
0.9243
0.6088
0.2927
-0.0236
-0.3263
-0.6016
-0.8494
-1.0771
-1.2122
-1.2846
-1.4091
-1.4882
-1.5686
-1.6357
-1.6878
-1.7253
-1.7412
-1.7513
-1.7819
-1.8259
-1.8717
-1.9011
-1.9271
-1.9519
-1.9801
-2.0057
-2.0132
-2.0102
-2.0204
-2.0325
-2.0434
-2.0732
-2.1110
-2.1541
-2.1850
-2.1952
-2.1905
-2.1805
-2.1760
-2.1780
-2.1720
-2.1624
-2.1450
-2.1396
-2.1454
-2.1485
-2.1469
-2.1598
-2.1931
-2.2386
-2.2653
-2.2356
-2.1241
-1.8813
-1.5600
-1.1509
-0.7916
-0.4976
-0.1919
0.1752
0.5261
0.8432
1.1379
1.4047
1.6516
1.8968
2.1605
2.4421
2.7084
2.9416
3.1438
3.3249
3.4951
3.6600
3.8185
3.9691
4.1120
4.2383
4.3441
4.4310
4.4994
4.5376
4.5328
4.4791
4.3827
4.2637
4.1543
4.0436
3.9041
3.7279
3.4795
3.2156
2.9775
2.7170
2.4023
2.0417
1.7046
1.3542
1.0122
0.6515
0.3215
0.0170
-0.2488
-0.4956
-0.7162
-0.8748
-0.9876
-1.0761
-1.1665
-1.2398
-1.2873
-1.3184
-1.3516
-1.3885
-1.4134
-1.4435
-1.4815
-1.5465
-1.5975
-1.5848
-1.5942
