0.4442
0.4643
0.5181
0.5125
0.4715
0.5380
0.6145
0.5141
0.2903
0.1273
-0.0070
-0.1355
-0.3183
-0.2985
-0.2547
-0.1635
0.0579
0.1909
0.1676
0.2463
0.4118
0.5901
0.6377
0.8351
1.3312
1.8434
2.0397
2.0875
2.2570
2.3943
2.3757
2.1992
2.0935
2.1112
2.1484
2.1210
2.0274
1.8913
1.6725
1.4466
1.1431
0.7666
0.2813
-0.2732
-0.8124
-1.3304
-1.8308
-2.5814
-3.1699
-3.5459
-3.6456
-3.9573
-4.2848
-4.5210
-4.7333
-4.7355
-4.6407
-4.6118
-4.3951
-3.7775
-2.8785
-1.8963
-1.0995
-1.4495
-2.8238
-3.5704
-4.0057
-4.0900
-3.9435
-3.7616
-3.4864
-3.5476
-3.5765
-3.5846
-3.5396
-3.2700
-3.1889
-3.0739
-2.8130
-2.6210
-2.2898
-2.1058
-1.9563
-1.8623
-1.7702
-1.6444
-1.5112
-1.3686
-1.2080
-1.0711
-1.0527
-1.0171
-0.8818
-0.7230
-0.6300
-0.6170
-0.5668
-0.5452
-0.5133
-0.3677
-0.2209
-0.0472
0.1322
0.2709
0.3432
0.3074
0.1754
0.0124
-0.1231
-0.2913
-0.4203
-0.5368
-0.6515
-0.8425
-1.0056
-1.0010
-0.9679
-0.9574
-0.9097
-0.8157
-0.7958
-0.8338
-0.9031
-0.9957
-1.0140
-1.0183
-1.0512
-1.1296
-1.2083
-1.3227
-1.5040
-1.7534
-2.0803
-2.4374
-2.8087
-3.1340
-3.4461
-3.7546
-4.0348
-4.2811
-4.5697
-4.8296
-5.1166
-5.3763
-5.6998
-6.1137
-6.3923
-6.7247
-7.0602
-7.2971
-7.4908
-7.5111
-7.3992
-7.2325
-6.9719
-6.6116
-6.2903
-5.9874
-5.5983
-5.3706
-5.1603
-5.0035
-4.8007
-4.5431
-4.4639
-4.3548
-4.2562
-4.0440
-3.8797
-3.6737
-3.5690
-3.4259
-3.2505
-3.0838
-2.9796
-2.8723
-2.7991
-2.6134
-2.5271
-2.6209
-2.6166
-2.5945
-2.5838
-2.4713
-2.4199
-2.3939
-2.4798
-2.5582
-2.5957
-2.5903
-2.5370
-2.4913
-2.4864
-2.4481
-2.4944
-2.5763
-2.6770
-2.6432
-2.6381
-2.7357
-2.8858
-3.0525
-3.1704
-3.2376
-3.2943
-3.3200
-3.2999
-3.3461
-3.2863
-3.0934
-2.7288
-2.4156
-2.0482
-1.8296
-1.6221
-1.4107
-1.2449
-1.1773
-1.0619
-0.9934
-0.9813
-0.9351
-0.9237
-1.0095
-1.1158
-1.2578
-1.4097
-1.5655
-1.6663
-1.7834
-1.9064
-2.0998
-2.4481
-2.8537
-3.1496
-3.3831
-3.5878
-3.7955
-4.0146
-4.2295
-4.4290
-4.6041
-4.8585
-5.1688
-5.4542
-5.6036
-5.6838
-5.7085
-5.7297
-5.7080
-5.6998
-5.6741
-5.5444
-5.3594
-5.1815
-5.1654
-5.1719
-5.1371
-4.9702
-4.9102
-4.8709
-4.8825
-4.6928
-4.4224
-4.5056
-4.5571
-4.4603
-4.2402
-3.9463
-3.7357
-3.6164
-3.5853
-3.6518
-3.7537
-3.7137
-3.4574
-3.2665
-3.1914
-3.1304
-3.0868
-2.9725
-2.8188
-2.7273
-2.7309
-2.8071
-2.9663
-3.1365
-3.0392
-2.8894
-2.6902
-2.6873
-2.6708
-2.6002
-2.6149
-2.5920
-2.5777
-2.6343
-2.7525
-2.8743
-2.9856
-2.9801
-2.9543
-2.9266
-2.9901
-2.9034
-2.7056
-2.4570
-2.2131
-1.8329
-1.6576
-1.3882
-1.0369
-0.8876
-0.8147
-0.7724
-0.6476
-0.6830
-0.6441
-0.6793
-0.8040
-0.9578
-1.0983
-1.1880
-1.2622
-1.2522
-1.2361
-1.2434
-1.2946
-1.3769
-1.4432
-1.4808
-1.4702
-1.4072
-1.4170
-1.4467
-1.4737
-1.5224
-1.6100
-1.7356
-1.8624
-1.9640
-2.0689
-2.2384
-2.3656
-2.3827
-2.5029
-2.7124
-2.9713
-3.0574
-3.2543
-3.2789
-3.4584
-3.7026
-3.7124
-3.7970
-3.9292
-3.8415
-3.9496
-3.8592
-3.6749
-3.3767
-3.1310
-3.1986
-2.9813
-2.4725
-2.1423
-1.8455
-1.6782
-1.7775
-1.7779
-1.8624
-1.8945
-1.9238
-1.7602
-1.7298
-1.9474
-1.9772
