5.9264
5.9870
6.2340
6.2159
6.3297
6.4472
6.5652
6.6915
6.7266
6.8962
6.9110
6.9823
7.0483
7.0755
7.2215
7.3508
7.4233
7.2948
6.7148
6.3647
5.9503
5.0571
4.3881
3.9879
4.0492
4.1496
3.9362
3.6840
3.4938
3.2952
3.1180
2.9070
2.6810
2.4246
2.2466
2.1046
1.9230
1.8506
1.8602
1.8925
1.9211
1.8960
1.8425
1.7543
1.6506
1.5427
1.4681
1.3541
1.2572
1.5218
1.6501
1.6849
1.7685
1.7492
1.7343
1.7657
1.8860
2.2363
2.6106
2.9183
3.3601
3.9807
4.6713
5.3206
6.3332
6.8150
6.9129
7.2557
7.7917
7.9973
8.2111
8.3201
8.4357
8.4235
8.5248
8.5034
8.5678
8.6745
8.8811
9.0503
9.1015
9.2067
9.2609
9.3355
9.3813
9.3463
9.2674
9.2082
9.1226
9.1028
9.0701
9.0435
9.0059
8.9188
8.8358
8.7777
8.7514
8.7294
8.6694
8.5305
8.3799
8.2137
8.0965
8.0109
7.9550
7.9365
7.8935
7.7839
7.7090
7.6267
7.5720
7.5858
7.5555
7.2712
6.6313
6.0948
5.2862
4.7838
4.4779
4.6244
4.6970
4.4963
4.2668
4.0371
3.9078
3.7624
3.5927
3.4116
3.2454
3.0206
2.7813
2.5314
2.3042
2.0788
1.8637
1.6660
1.4922
1.3788
1.2729
1.1821
1.0779
1.1064
1.3025
1.5253
1.7625
2.2813
2.6522
2.9502
3.2381
3.6402
4.0368
4.4702
4.9123
4.9783
5.2525
5.4356
5.6146
5.8816
6.1188
6.3436
6.5307
6.7750
6.7682
6.8846
7.0762
7.1824
7.3288
7.4698
7.7153
7.8136
8.0025
8.1205
8.1638
8.1588
8.1965
8.2486
8.1356
8.0639
8.0757
8.0478
8.0743
8.0951
8.0816
8.0437
8.0871
8.0485
8.1170
8.1457
8.1401
8.1551
8.1458
8.1465
8.1233
8.0497
7.9854
7.9099
7.8541
7.7976
7.8062
7.8715
7.9146
7.9173
7.9211
7.9495
7.9670
7.9597
7.9535
8.0068
7.9430
7.7061
7.3655
6.8933
6.2584
6.1768
6.0979
6.1011
6.2605
6.3302
6.2001
5.9773
5.7995
5.5959
5.4228
5.2870
5.1635
5.0423
4.8983
4.7715
4.6077
4.4423
4.2837
4.1059
3.8951
3.6804
3.5295
3.4338
3.4047
3.4115
3.4303
3.4640
3.6065
3.8461
4.2015
4.5662
4.9215
5.2163
5.5063
5.7731
6.0124
6.2522
6.4172
6.4280
6.5037
6.6018
6.7656
6.7158
6.8495
6.9992
7.0999
7.3613
7.4073
7.2938
7.2567
7.2787
7.5415
7.8288
7.6845
7.7119
7.6410
7.6111
7.7083
7.7066
7.7862
7.8580
7.8560
7.8534
7.8453
7.8494
7.8089
7.6898
7.5913
7.5890
7.5959
7.6829
7.8064
7.8389
7.8859
8.0326
8.1674
8.1340
8.1228
8.1520
8.1507
8.1326
8.1504
8.1927
8.2025
8.2253
8.2448
8.2619
8.2629
8.3238
8.3267
8.2998
8.0938
7.7563
7.4132
6.9846
6.2775
6.1377
6.3379
6.5210
6.6441
6.4801
6.2764
6.1019
6.0325
5.9174
5.8104
5.7245
5.6391
5.5138
5.4197
5.3894
5.3490
5.3428
5.3707
5.3680
5.3611
5.4000
5.4329
5.4922
5.5376
5.6644
5.7851
5.8738
5.9222
5.9407
6.0398
6.2317
6.5029
6.6821
6.7902
6.8569
6.9893
7.0546
7.2766
7.3800
7.3456
7.4120
7.4918
7.3381
7.6442
7.3907
7.3810
7.8147
7.9863
8.2656
8.4505
8.4934
8.6005
8.6302
8.8577
8.8095
8.7153
8.6446
8.4392
8.4482
8.5544
8.6279
8.7171
8.8131
8.8687
8.6276
8.4166
8.5464
8.7820
