6.1590
6.1490
6.1210
6.0630
6.2510
6.3950
6.3690
6.2860
6.3570
6.3590
6.1900
6.2100
6.3810
6.4370
6.2660
6.0610
5.5080
5.2050
4.7720
4.7910
4.4290
4.4790
4.2360
3.7790
3.4820
3.5120
3.9540
4.4870
4.7880
4.8200
5.1120
5.3010
5.3080
5.1600
4.4280
5.0160
4.2140
3.6520
3.3510
3.5870
3.9230
4.1850
5.3170
5.1630
5.2750
4.7860
4.4010
3.6760
3.7890
2.9450
3.3050
3.0170
2.2820
1.6280
1.1120
1.6410
2.5450
4.4750
3.7650
1.0780
4.0670
6.6480
6.2690
7.6210
7.5810
6.3810
4.3210
3.3750
3.8990
4.7770
4.0300
2.9910
2.3730
1.6390
0.6830
1.3830
1.8460
2.2630
2.5120
3.0750
3.8730
4.1670
4.2870
4.6500
4.9810
5.3610
5.5760
5.6270
5.7440
5.8820
5.9100
5.9090
5.9370
6.1140
6.2570
6.4130
6.5230
6.3010
5.6530
5.0780
4.9560
4.6130
4.2690
4.1920
4.2130
4.1490
4.0880
4.0680
4.3410
4.7500
4.3750
3.6180
2.7620
2.1140
2.2480
2.4450
2.6830
2.8820
3.1230
3.2840
3.3760
3.6980
4.1270
4.5860
4.7560
5.0500
5.4680
5.7350
5.7510
5.6140
5.6530
5.6680
5.5390
5.3690
5.2500
5.1560
5.1230
5.1280
5.0660
4.9600
4.7910
4.5760
4.3200
4.2150
4.1190
4.0380
3.8220
3.5350
3.2830
3.3280
3.6300
4.6080
3.8300
5.1230
6.2370
6.3200
6.3960
6.7300
6.3590
5.7550
6.1660
5.9350
4.8580
4.1040
1.8500
4.4070
5.8000
6.1760
6.6030
6.7790
6.7470
6.7650
6.6080
6.7920
6.7240
6.0500
5.0780
5.2460
5.4710
5.3380
5.4870
6.0070
6.4280
6.6540
6.7950
6.8710
6.8760
6.9720
7.0690
7.2270
7.3330
7.4010
7.4500
7.4580
7.5250
7.6890
7.8150
7.8870
7.8780
7.8320
7.8160
7.7760
7.7170
7.6390
7.5840
7.4910
7.3920
7.2700
7.1410
7.0020
6.8580
6.2460
5.8850
5.8000
5.7370
5.8060
5.9730
6.0280
6.0340
5.9230
5.7480
5.5890
5.4730
5.3850
5.2750
5.1590
5.0640
4.9870
4.9210
4.8920
4.8630
4.7900
4.7000
4.5240
4.3050
4.0370
3.7660
3.5550
3.4560
3.3800
3.1960
3.3070
3.2780
3.8390
4.2330
4.6440
5.2090
5.5120
5.9230
6.1740
6.3510
6.5050
6.5110
6.5520
6.4380
6.4350
6.3300
6.6010
7.0650
7.6240
8.1290
8.3870
8.4360
8.4550
9.0470
9.5470
9.7160
9.4680
9.1430
9.1280
8.9040
8.6530
8.3390
8.4090
8.4530
8.4850
8.4110
8.4410
8.4160
8.4070
8.4760
8.3080
8.1310
8.0810
8.2020
8.2420
8.1490
7.9520
7.7560
7.5420
7.2920
7.0900
6.9380
6.8580
6.7800
6.6540
6.5130
6.3510
6.2580
6.1400
6.0220
5.9480
5.9210
5.8440
5.6650
5.5580
5.0450
4.4810
4.0780
3.9670
4.0740
4.0620
3.9950
4.0070
3.9670
3.9780
3.9880
3.9900
3.7940
3.7600
4.1400
4.4610
4.4760
4.4370
4.4440
4.4260
4.2180
4.1510
4.3480
4.5990
4.5770
4.5490
4.5790
4.5590
4.5290
4.5460
4.5940
4.5450
4.5940
5.4980
5.4660
4.3250
2.6920
9.4850
10.1840
9.2230
9.5360
7.6830
7.1620
6.0700
6.8510
0.7680
5.5520
3.9930
3.5890
3.9690
4.8970
4.5260
4.8100
5.0050
5.3580
5.2590
5.0880
5.5820
6.1850
6.2260
6.0700
6.0410
6.0920
6.3050
6.3670
6.5520
6.5080
6.1840
5.8940
5.6260
5.4740
