596.1800
585.2300
560.2300
546.8900
593.3800
585.7400
604.5700
618.9000
577.3500
593.9600
572.9700
581.3100
582.4400
590.6900
594.0800
598.4100
591.5800
589.9400
596.6200
589.6900
584.1800
568.6800
576.7400
585.2200
589.8200
608.3800
624.4500
645.1800
643.2000
651.2100
652.2600
642.6600
647.7500
651.0000
622.7500
652.9400
625.0000
595.0400
562.4700
530.9900
470.7600
474.7200
502.9900
506.1100
522.8900
496.9000
439.1800
451.8600
421.0300
426.0000
433.2300
441.0400
409.0500
383.1000
364.7800
403.0900
383.9800
398.5700
404.7400
357.8100
337.8900
362.0400
380.2400
336.8000
309.0500
336.0000
359.8100
398.1000
413.5200
398.6000
433.6700
460.8800
462.9100
473.1900
482.1100
475.9400
469.5800
468.4400
462.2900
460.1400
455.1800
452.0300
453.1600
456.5100
471.5300
484.1700
496.5700
472.0100
460.1700
451.1300
449.8200
450.6100
436.3000
412.2400
377.9600
374.3300
386.4200
417.3700
444.4900
484.4500
468.7800
482.4000
495.8500
510.6500
511.2100
501.9300
491.4200
482.6900
473.4900
477.6200
474.2200
511.7100
546.3600
569.0800
591.0800
606.6400
629.0700
648.9300
676.3500
688.0000
691.2500
700.5700
702.0600
699.3900
700.6800
693.2000
690.9700
692.1300
684.5100
681.4300
675.2400
671.2300
660.2300
652.1500
653.4300
628.7000
603.3700
593.4000
591.6500
592.3600
586.7400
580.6800
561.9300
557.0500
543.0200
526.9600
508.1200
477.9000
448.7300
433.8300
421.4800
440.6500
417.0300
401.4100
370.3300
356.2400
350.2800
306.7900
329.1900
388.0000
382.0200
408.0100
466.8700
475.7900
511.2400
557.4400
598.9000
619.6900
643.3900
648.2700
635.9900
600.6600
587.8400
583.5100
569.6100
557.2800
543.5500
558.1300
570.5300
578.5400
580.1200
580.7900
586.1800
562.5200
536.9400
529.3600
526.5400
527.9900
523.3200
509.9500
487.9300
482.2300
491.8300
499.4400
502.6400
518.3300
516.9700
514.5100
524.5700
531.1200
542.0000
553.7200
565.8300
573.3400
583.7600
594.0800
603.9900
649.5900
686.0900
703.2600
709.5800
706.6400
713.4400
726.7300
749.9300
761.6700
764.4500
772.5600
785.7700
793.8100
811.0500
828.0500
832.4100
833.1100
830.6000
833.0100
836.7600
841.9000
847.9700
845.6100
847.6500
823.9900
805.7100
799.8000
793.8800
791.9800
776.6900
760.4800
732.6400
703.8900
687.1200
660.0500
648.2600
633.5500
615.2000
607.9700
595.3200
581.4100
571.9600
555.5500
548.6000
530.6000
514.5100
505.8100
518.4700
538.1700
566.5800
578.9300
574.6800
573.2900
572.9300
582.9000
617.5200
624.7500
602.3700
597.9600
605.3700
611.1100
641.7600
656.8400
687.1600
714.2700
741.9800
755.8000
769.9000
778.8400
792.4100
798.7900
811.2300
782.2700
753.6900
749.3900
756.3300
773.4300
765.4600
757.4700
731.0100
724.4300
735.6300
738.0300
747.0400
772.3900
778.5200
775.3700
780.2900
787.7200
796.1000
809.5300
820.1700
828.5200
832.1700
840.4100
847.5300
890.9400
931.6000
946.9600
958.9400
950.4300
959.1600
981.9800
1013.2000
1031.9000
1041.1000
1042.2000
1037.5000
1025.2000
1020.3000
1026.0000
1024.6000
1020.0000
1011.5000
1006.9000
999.2100
994.3600
986.8600
972.7100
961.0900
935.0300
913.4400
900.0600
881.6300
873.7000
846.8800
830.3600
809.4200
778.3200
769.1100
754.1400
740.4400
723.1900
709.9800
753.2500
785.9000
829.7900
935.9400
988.7000
987.6900
936.6100
947.7100
894.7700
845.9200
888.4300
843.7200
822.6200
906.7000
930.0700
902.3800
923.7800
949.7100
914.8500
903.6900
934.2500
906.4800
913.3100
885.6300
879.5000
909.8800
942.6500
960.6400
994.6600
971.5800
977.9000
973.9200
956.9300
947.6400
904.5100
871.1700
