8.9735
8.9568
8.9125
8.8213
9.1188
9.3470
9.3060
9.1741
9.2863
9.2898
9.0215
9.0539
9.3249
9.4143
9.1430
8.8181
7.9404
7.4596
6.7719
6.8023
6.2279
6.3065
5.9209
5.1955
4.7249
4.7733
5.4741
6.3190
6.7970
6.8480
7.3121
7.6106
7.6231
7.3870
6.2258
7.1587
5.8859
4.9953
4.5178
4.8915
5.4242
5.8411
7.6373
7.3918
7.5702
6.7942
6.1828
5.0334
5.2124
3.8731
4.4435
3.9875
2.8201
1.7837
0.9650
1.8041
3.2376
6.3008
5.1743
0.9098
5.6536
9.7491
9.1479
11.2928
11.2298
9.3257
6.0566
4.5554
5.3863
6.7801
5.5950
3.9455
2.9659
1.8004
0.2837
1.3941
2.1297
2.7911
3.1859
4.0793
5.3459
5.8123
6.0016
6.5781
7.1038
7.7070
8.0481
8.1292
8.3138
8.5338
8.5774
8.5761
8.6205
8.9009
9.1281
9.3764
9.5509
9.1979
8.1692
7.2575
7.0637
6.5189
5.9746
5.8513
5.8847
5.7828
5.6864
5.6548
6.0874
6.7374
6.1424
4.9401
3.5825
2.5540
2.7666
3.0788
3.4574
3.7728
4.1558
4.4106
4.5564
5.0679
5.7482
6.4762
6.7462
7.2135
7.8766
8.3001
8.3255
8.1086
8.1692
8.1938
7.9891
7.7186
7.5308
7.3820
7.3292
7.3373
7.2390
7.0698
6.8029
6.4602
6.0547
5.8881
5.7351
5.6075
5.2640
4.8084
4.4093
4.4807
4.9600
6.5115
5.2768
7.3293
9.0972
9.2277
9.3483
9.8797
9.2900
8.3312
8.9837
8.6171
6.9082
5.7114
2.1352
6.1929
8.4029
9.0002
9.6777
9.9560
9.9066
9.9351
9.6852
9.9769
9.8694
8.7994
7.2580
7.5235
7.8810
7.6696
7.9066
8.7314
9.3994
9.7588
9.9818
10.1026
10.1101
10.2633
10.4168
10.6676
10.8354
10.9437
11.0219
11.0344
11.1407
11.4009
11.6008
11.7145
11.7003
11.6273
11.6019
11.5394
11.4448
11.3209
11.2334
11.0869
10.9289
10.7361
10.5314
10.3098
10.0823
9.1112
8.5378
8.4038
8.3032
8.4120
8.6773
8.7656
8.7743
8.5984
8.3213
8.0689
7.8843
7.7440
7.5706
7.3860
7.2354
7.1134
7.0088
6.9620
6.9164
6.8002
6.6581
6.3791
6.0313
5.6049
5.1755
4.8404
4.6842
4.5624
4.2712
4.4474
4.4013
5.2917
5.9164
6.5689
7.4661
7.9464
8.5976
8.9959
9.2781
9.5223
9.5316
9.5970
9.4149
9.4102
9.2436
9.6750
10.4103
11.2977
12.0986
12.5087
12.5866
12.6156
13.5555
14.3487
14.6173
14.2239
13.7075
13.6834
13.3293
12.9303
12.4324
12.5437
12.6137
12.6632
12.5462
12.5938
12.5546
12.5397
12.6499
12.3833
12.1022
12.0232
12.2149
12.2783
12.1299
11.8177
11.5066
11.1667
10.7714
10.4496
10.2091
10.0824
9.9577
9.7576
9.5343
9.2776
9.1304
8.9428
8.7547
8.6374
8.5951
8.4724
8.1887
8.0192
7.2049
6.3102
5.6715
5.4948
5.6642
5.6460
5.5393
5.5577
5.4940
5.5119
5.5278
5.5314
5.2194
5.1664
5.7693
6.2791
6.3027
6.2411
6.2509
6.2237
5.8936
5.7861
6.0998
6.4970
6.4627
6.4186
6.4653
6.4333
6.3867
6.4135
6.4892
6.4112
6.4901
7.9247
7.8738
6.0627
3.4717
14.2503
15.3605
13.8341
14.3312
11.3910
10.5649
8.8318
10.0712
0.4178
8.0090
5.5356
4.8947
5.4982
6.9709
6.3819
6.8318
7.1421
7.7011
7.5444
7.2728
8.0568
9.0149
9.0796
8.8315
8.7860
8.8668
9.2043
9.3029
9.5967
9.5264
9.0124
8.5530
8.1269
7.8859
