-3.9780
-3.9289
-3.8765
-3.8301
-3.7637
-3.7094
-3.7056
-3.7430
-3.7377
-3.7274
-3.7007
-3.6367
-3.6183
-3.5525
-3.5201
-3.5497
-3.4514
-3.4144
-3.3069
-3.0837
-2.8600
-2.5637
-2.2597
-1.9330
-1.4875
-0.9583
-0.4339
-0.0011
0.2789
0.6070
0.9528
1.2684
1.5277
1.7392
1.8574
1.4571
1.8460
2.2851
2.5201
2.7216
2.9115
3.2368
3.4183
3.0719
2.4666
1.7217
1.6246
1.6737
1.2405
1.1631
1.6208
1.6256
1.5947
1.3992
1.1913
0.3413
0.0375
-0.3150
0.1134
1.0524
0.6115
0.1723
0.4616
0.7100
1.0521
1.4064
1.4816
1.4125
1.6760
1.7969
1.5674
1.1114
0.8299
0.4921
0.0711
0.1878
0.5566
0.7803
0.9000
0.9334
1.0481
1.4335
1.7894
1.8090
1.2042
0.6920
0.5857
0.6258
0.4499
0.2530
0.0939
-0.1060
-0.2202
-0.2875
-0.3266
-0.4569
-0.6755
-0.8119
-1.1802
-1.8819
-1.6554
-1.5040
-1.4861
-1.4650
-1.1868
-1.1135
-1.2055
-1.3051
-1.2865
-1.4369
-1.3704
-1.4141
-1.6258
-1.7607
-1.9550
-2.0281
-1.8997
-1.6985
-1.4302
-1.1723
-0.9110
-0.6064
-0.3868
-0.2079
0.0017
0.3908
0.8541
1.1871
1.3902
1.5817
1.8682
2.1341
2.3595
2.5597
2.7692
2.9797
3.1937
3.3785
3.5497
3.7208
3.8881
4.0534
4.2097
4.3543
4.4772
4.5817
4.6748
4.7590
4.7432
4.4826
4.2539
3.4612
3.4031
3.9467
3.8095
3.6118
3.3660
3.1055
2.7937
2.6138
2.4317
2.1700
1.8388
1.4773
1.0051
-0.7318
-2.4936
-2.9657
-3.0647
-2.9766
-2.7625
-2.5476
-2.2207
-2.2795
-2.2682
-2.0058
-1.4514
-1.5192
-1.8066
-1.8328
-1.8518
-1.7064
-1.6218
-1.6139
-1.6047
-1.6118
-1.6077
-1.5870
-1.5869
-1.5896
-1.6021
-1.6521
-1.7326
-1.8387
-1.9220
-1.9562
-1.9713
-1.9951
-2.0417
-2.0895
-2.1178
-2.1468
-2.1965
-2.2548
-2.3040
-2.3655
-2.4217
-2.4116
-2.2906
-2.0079
-1.8807
-1.9342
-1.8012
-1.5776
-1.2877
-1.0394
-0.7494
-0.4760
-0.2034
0.0434
0.2595
0.4895
0.7367
0.9684
1.1867
1.4194
1.6588
1.8939
2.1294
2.3502
2.5441
2.7249
2.8992
3.0662
3.2256
3.3847
3.5445
3.6992
3.8411
3.9680
4.0753
4.0458
3.7631
3.3307
3.3293
3.6453
4.0969
4.2041
4.1401
3.9575
3.7299
3.4751
3.1525
2.8007
2.4677
2.1614
1.8529
1.4746
1.0958
0.9075
0.7337
0.5235
0.3146
0.0609
-0.1021
-0.1859
-0.2775
-0.3980
-0.4994
-0.5978
-0.7055
-0.8253
-0.9396
-1.0194
-1.0982
-1.1686
-1.2135
-1.2492
-1.3025
-1.3559
-1.4054
-1.4726
-1.5426
-1.5919
-1.6131
-1.6285
-1.6495
-1.6917
-1.7458
-1.7987
-1.8755
-1.9649
-2.0538
-2.1232
-2.1872
-2.2536
-2.3320
-2.4151
-2.4902
-2.5722
-2.6460
-2.6968
-2.7181
-2.7250
-2.6752
-2.5711
-2.5485
-2.3648
-2.0991
-1.7807
-1.4264
-1.0945
-0.7492
-0.3198
0.0430
0.3481
0.5849
0.7953
1.0952
1.4945
1.8909
2.1838
2.3472
2.5200
2.7474
2.9610
3.1536
3.3317
3.4765
3.5876
3.7433
3.9569
4.1532
4.2986
4.4156
4.5303
4.6395
4.7144
4.7540
4.7440
4.6946
4.5922
3.1202
-1.1216
-2.8930
-3.5659
-3.7873
-3.8525
-3.1899
-2.9400
-2.2252
-1.6225
-3.7295
-3.3979
-3.2000
-3.0549
-3.1408
-3.2377
-2.9815
-2.5032
-2.2853
-2.0526
-1.7352
-2.4165
-2.5603
-2.4895
-2.4266
-2.3800
-2.4697
-2.5340
-2.3418
-2.2961
-2.1719
-2.2787
-2.4687
-2.5158
-2.4897
