-6.7553
-6.6965
-6.6586
-6.5175
-6.7131
-7.0105
-6.8345
-6.4603
-6.3598
-6.1831
-6.0023
-6.0646
-5.8529
-5.9239
-5.6340
-5.1003
-4.7364
-4.1811
-3.2530
-3.5326
-3.0522
-3.0238
-2.2041
-1.3108
-0.6662
0.7887
2.8056
4.6763
5.5968
5.7209
6.0379
6.3446
6.5012
6.2479
4.8524
5.6232
4.2543
2.8020
1.6750
0.4664
-0.4233
0.3772
2.2926
2.5088
2.6288
1.9794
0.2260
-0.4683
-1.8100
-0.5829
0.2117
-0.2093
-0.4714
-0.1894
-0.5913
-1.7700
-2.5817
-5.8818
-4.4715
-0.2408
-5.4847
-7.8637
-7.1240
-8.3655
-6.5236
-3.6962
-0.5993
2.4139
3.4995
5.2039
5.1031
3.9005
2.9659
1.7715
0.1552
-0.8696
-1.0542
-1.0263
-0.8931
-0.9862
-1.3387
-1.6465
-1.6791
-1.4605
-1.8727
-2.0529
-1.7470
-1.4784
-1.1607
-1.0336
-0.9137
-0.7613
-0.6266
-0.7640
-0.8141
-0.3427
0.6799
1.6802
3.1916
5.9814
5.9970
5.8006
5.6933
5.8024
5.8842
5.7609
5.6614
5.6466
6.0553
6.6273
6.0288
4.9055
3.5763
2.2481
0.8792
0.3718
0.4510
0.7860
1.2358
1.6005
1.9214
2.4506
3.0655
3.3430
3.1054
3.3934
4.3725
5.3258
5.6954
5.6877
5.6064
5.3619
5.0526
4.7507
4.4671
4.2051
3.9628
3.9015
3.8335
3.6871
3.5561
3.3350
2.8923
2.5862
1.9906
1.4768
1.2019
0.4855
-0.9425
-2.6841
-3.6590
-3.4718
-1.6007
-3.5874
-4.7914
-5.4794
-5.7281
-6.1545
-5.4282
-4.0965
-3.7996
-3.0217
-1.8922
-2.1765
-1.3595
-0.7877
-2.8958
-3.6883
-4.6633
-6.0713
-7.1336
-8.1940
-8.9039
-9.6339
-9.8080
-8.6418
-5.8002
-4.8653
-5.1094
-3.9811
-3.2024
-2.3501
-1.7778
-1.0372
-0.5501
-0.2083
-0.0703
-0.0263
-0.0687
-0.1386
-0.1105
0.0775
0.5211
0.9413
1.1003
1.1544
1.2488
1.3864
1.6492
1.9085
2.1113
2.3402
2.5411
2.7388
2.8937
3.0461
3.1913
3.2717
3.4500
3.8254
4.0543
3.6490
3.3515
3.2071
3.0889
3.1847
3.6008
3.9834
4.4480
4.8024
5.0109
5.2267
5.3092
5.2819
5.0536
4.8868
4.7485
4.6071
4.5195
4.4570
4.3863
4.3254
4.2484
4.0927
3.7455
3.1795
2.5596
1.8849
1.1262
0.3689
-0.3291
-1.9336
-2.9937
-4.1428
-4.5211
-4.2519
-3.6377
-3.6522
-3.8804
-4.3820
-4.7430
-5.1993
-5.4014
-5.5112
-5.1158
-4.9968
-4.7706
-4.7265
-4.7295
-4.9403
-4.8473
-4.6819
-4.2385
-4.2184
-4.4723
-4.4247
-4.2600
-3.9375
-3.4538
-3.4010
-2.7109
-2.0762
-1.6088
-1.4749
-1.0308
-0.4655
-0.2700
-0.3402
-0.1337
0.1173
0.2550
0.6840
1.0945
1.1167
1.0372
0.9964
1.0314
1.2361
1.4532
1.5932
1.7770
2.0080
2.2326
2.3094
2.3883
2.4751
2.5518
2.6911
2.8063
2.9446
3.0131
3.0791
3.1889
3.2343
3.3040
3.5646
3.5532
3.1919
2.9237
3.0865
3.6424
3.9831
4.2456
4.5047
4.6628
4.9380
5.0492
5.1407
4.7086
4.1401
4.1349
4.5225
4.5828
4.2594
4.0444
3.9464
3.3629
2.9300
2.9045
2.8857
2.5184
2.3551
2.3070
2.1934
2.3880
2.2896
2.1945
2.1357
2.0502
1.6705
1.6801
1.8361
2.8078
-2.0140
0.4329
-0.9140
0.4395
0.8429
2.6047
4.1666
8.0473
-0.3541
-8.0059
-5.5211
-4.1058
-3.3844
-2.8096
-1.8018
-1.3642
-1.5007
-1.8400
-2.6557
-3.8313
-3.4510
-3.7449
-3.9277
-3.4677
-3.1083
-2.7745
-2.3166
-2.5111
-1.6755
-0.8941
-1.0399
-0.7852
-0.9302
-1.2158
