5.9068
5.9483
5.9243
5.9444
6.1715
6.1822
6.3159
6.5137
6.7667
6.9332
6.7350
6.7226
7.2594
7.3169
7.2009
7.1934
6.3731
6.1777
5.9394
5.8131
5.4287
5.5343
5.4954
5.0274
4.6777
4.7077
4.7005
4.2500
3.8567
3.7638
4.1245
4.2031
3.9807
3.9410
3.9006
4.4303
4.0675
4.1355
4.1959
4.8692
5.4076
5.8289
7.2851
6.9531
7.0991
6.4995
6.1786
5.0116
4.8880
3.8289
4.4384
3.9820
2.7804
1.7736
0.7626
0.3493
1.9538
2.2592
2.6035
0.8774
1.3714
5.7626
5.7388
7.5859
9.1406
8.5619
6.0269
3.8632
4.0945
4.3461
2.2940
0.5941
0.0037
-0.3211
0.2375
1.0896
1.8505
2.5956
3.0582
3.9583
5.1755
5.5743
5.7620
6.4139
6.8525
7.4286
7.8562
7.9936
8.2323
8.4710
8.5286
8.5422
8.5977
8.8680
9.0917
9.3701
9.5267
9.0431
7.5199
4.1102
3.7324
2.9748
1.8117
0.7553
-0.0720
-0.5028
-0.5330
-0.3051
-0.6242
-1.2131
-1.1761
-0.5832
0.2097
1.2121
2.6232
3.0562
3.4279
3.6901
3.9678
4.1099
4.1315
4.4360
4.8626
5.5467
5.9889
6.3655
6.5515
6.3660
6.0726
5.7792
5.9417
6.1958
6.1885
6.0834
6.0628
6.0673
6.1655
6.2140
6.1406
6.0323
5.7994
5.5328
5.3192
5.2897
5.3785
5.4096
5.1250
4.7838
4.3074
3.5878
3.3486
5.5088
5.0281
6.3913
7.7332
7.4247
7.3879
7.7285
7.5392
7.2545
8.1406
8.0699
6.6440
5.2804
1.6464
-6.1427
-7.8882
-8.2097
-8.4801
-7.8906
-6.8740
-5.6182
-3.8110
-2.5938
-1.0991
1.6578
4.3631
5.7387
6.0003
6.5554
7.2290
8.4092
9.2297
9.7036
9.9666
10.1005
10.1099
10.2633
10.4166
10.6667
10.8348
10.9434
11.0096
10.9942
11.0863
11.3423
11.5334
11.6322
11.5835
11.4697
11.4082
11.2996
11.1591
10.9846
10.8543
10.6602
10.4526
10.2254
9.9502
9.5738
9.2313
8.3486
7.8524
7.7678
7.7072
7.7859
7.8949
7.8082
7.5633
7.1323
6.6435
6.1473
5.8287
5.6631
5.6370
5.5382
5.4592
5.4199
5.3569
5.3484
5.3476
5.2472
5.1265
4.8931
4.7274
4.6158
4.4983
4.4583
4.5468
4.5474
4.2585
4.0051
3.2264
3.2924
3.8162
5.0073
6.5200
7.0574
7.6722
7.8565
7.9741
7.9775
7.8534
7.8568
7.9037
7.9739
7.9174
8.4419
9.2739
10.1603
11.0850
11.5994
11.8515
11.8894
12.7965
13.6494
13.9827
13.6681
13.2652
13.2540
13.0507
12.7626
12.3279
12.4567
12.5715
12.6547
12.5433
12.5892
12.5539
12.5391
12.6473
12.3644
12.0526
11.9712
12.1708
12.2378
12.0860
11.7529
11.4145
11.0525
10.6238
10.2549
9.9620
9.8144
9.6671
9.4385
9.1865
8.8787
8.6884
8.4441
8.2199
8.0699
7.9816
7.8307
7.4925
7.1835
6.2678
5.4434
4.8598
4.5460
4.3378
4.0016
3.5579
3.2550
2.9056
2.4489
2.2499
2.0420
2.2519
3.0905
4.0233
4.3558
4.3269
4.5617
4.7662
4.8126
4.8399
4.9894
5.3639
5.8209
5.9519
5.9709
6.0396
6.0479
5.9234
5.9909
6.1068
6.0450
6.1578
7.7466
7.6925
5.7780
-2.0418
-14.1073
-15.3544
-13.8039
-14.3245
-11.3597
-10.2388
-7.7872
-6.0555
0.2218
-0.2222
0.3999
2.6647
4.3331
6.3796
6.1223
6.6942
6.9826
7.4781
7.0615
6.1817
7.2803
8.2003
8.1861
8.1222
8.2177
8.4216
8.9080
8.9576
9.4493
9.4843
8.9522
8.5169
8.0735
7.7916
