0.0001
0.0094
0.0107
0.0135
0.0147
0.0167
0.0216
0.0082
0.0032
0.0053
-0.0015
-0.0025
0.0022
0.0093
0.0144
0.0005
0.0006
0.0099
0.0015
-0.0096
0.0052
0.0130
0.0256
0.0243
0.0403
0.0507
0.0518
0.0254
0.0034
0.0016
0.0049
0.0153
0.0126
0.0130
0.0142
0.0097
0.0101
0.0283
0.0712
0.0512
0.0162
0.0523
0.0295
0.0261
0.0163
-0.0112
0.0163
0.1089
0.0805
0.1209
0.1746
0.2000
0.1320
0.1064
0.1181
0.1117
0.0609
0.0533
-0.0557
0.0084
0.2046
0.1890
0.0553
0.0259
0.0043
0.0664
0.1219
0.1170
0.0536
0.0165
0.0268
0.0343
0.0107
0.0381
0.0280
-0.0129
-0.0078
-0.0083
-0.0053
0.0013
-0.0007
-0.0023
0.0026
0.0032
0.0018
0.0033
0.0005
-0.0019
-0.0040
-0.0047
-0.0035
-0.0044
-0.0035
-0.0057
-0.0059
-0.0049
0.0005
0.0013
0.0694
-0.0027
-0.0137
-0.0027
-0.0043
-0.0120
-0.0123
-0.0144
-0.0131
-0.0105
-0.0065
-0.0038
0.0033
0.0001
0.0092
0.0195
0.0108
0.0118
0.0151
0.0195
0.0184
0.0187
0.0149
0.0163
0.0079
-0.0061
-0.0010
0.0134
0.0184
0.0125
0.0020
0.0002
0.0049
0.0040
0.0073
0.0036
0.0063
0.0079
0.0101
0.0074
0.0028
0.0054
0.0109
0.0190
0.0275
0.0301
0.0171
-0.0060
-0.0089
0.0030
0.0640
0.1197
0.0991
0.1937
0.0793
0.1450
0.0269
0.0229
0.0234
0.0230
0.0213
0.0180
0.0120
0.0222
0.0208
0.0333
0.1202
0.0760
-0.0125
0.0039
0.0240
0.0068
0.0088
-0.0056
-0.0073
0.0009
0.0008
-0.0066
-0.0065
0.0030
0.0127
0.0143
0.0122
0.0069
0.0085
0.0086
0.0067
0.0066
0.0027
-0.0005
-0.0027
-0.0046
-0.0042
-0.0040
-0.0031
-0.0066
-0.0086
-0.0095
-0.0074
-0.0046
-0.0017
-0.0018
-0.0028
-0.0030
-0.0043
-0.0048
-0.0063
-0.0064
-0.0057
-0.0054
-0.0041
0.0019
-0.0003
-0.0001
-0.0018
-0.0039
0.0004
0.0008
0.0067
0.0091
0.0079
0.0045
0.0030
0.0031
0.0072
0.0099
0.0108
0.0115
0.0113
0.0089
0.0073
0.0079
0.0068
0.0084
0.0113
0.0134
0.0171
0.0241
0.0338
0.0384
0.0242
0.0016
0.0218
0.0635
0.1063
0.1225
0.1139
0.1130
0.0519
0.0308
0.0122
0.0348
0.0377
0.0391
0.0352
0.0279
0.0182
0.0167
0.0109
0.0126
0.0086
0.0092
0.0054
0.0056
0.0074
0.0024
-0.0047
-0.0042
0.0001
0.0051
0.0057
0.0036
0.0097
0.0092
0.0022
-0.0069
-0.0018
-0.0008
-0.0047
-0.0120
-0.0042
-0.0041
-0.0047
0.0035
-0.0021
-0.0095
-0.0102
-0.0090
0.0002
0.0024
-0.0020
0.0013
0.0042
0.0046
0.0001
-0.0020
-0.0026
-0.0021
-0.0006
-0.0030
-0.0045
-0.0044
-0.0050
-0.0059
-0.0078
-0.0095
-0.0079
-0.0019
-0.0052
-0.0080
-0.0066
-0.0033
0.0005
0.0025
-0.0004
0.0028
0.0092
0.0117
0.0051
0.0010
-0.0117
-0.0047
0.0097
0.0199
0.0153
0.0107
0.0062
0.0059
0.0164
0.0335
0.0278
0.0114
0.0146
0.0254
0.0301
0.0313
0.0343
0.0407
0.0359
0.0436
0.0337
-0.0019
-0.0042
0.0127
0.2386
0.1439
-0.0353
-0.1502
-0.0891
-0.1261
-0.0965
-0.0671
0.0171
0.1677
0.0079
-0.0022
0.0449
-0.0589
-0.0221
-0.0031
0.0002
-0.0024
0.0048
-0.0021
0.0073
-0.0030
-0.0109
-0.0221
-0.0027
-0.0105
-0.0104
0.0073
-0.0008
-0.0009
-0.0060
-0.0025
-0.0059
0.0018
-0.0063
