2.9030
3.0340
3.2170
3.2360
3.3470
3.4890
3.6620
3.7620
3.8120
3.8690
3.9110
3.9220
3.8960
3.9030
3.9080
3.9030
3.9550
3.9900
3.9620
3.9870
3.9400
3.6080
3.1840
2.9440
2.8250
3.0020
3.2080
3.2230
3.2070
3.2720
3.3030
3.2950
3.2570
3.2620
3.2760
3.3030
3.3900
3.4890
3.5680
3.6340
3.7170
3.7910
3.8360
3.8280
3.8170
3.8810
3.9640
3.9230
3.8310
3.7260
3.6750
3.7270
3.8020
3.7780
3.6910
3.6460
3.6220
3.4660
3.2770
3.1770
3.0110
2.8640
2.8350
2.6220
2.5750
2.7710
3.1490
3.6630
3.9740
4.5270
4.9990
4.9260
5.4870
5.8130
5.8520
5.9650
5.9320
5.8860
6.0190
5.9780
5.8930
5.6610
5.6850
6.0940
6.2010
6.3280
6.4070
6.5060
6.4890
6.4520
6.4570
6.4730
6.5170
6.4860
6.4870
6.5050
6.5800
6.6550
6.5910
6.4090
6.2760
6.1880
6.0750
5.9780
5.9110
5.7920
5.7200
5.5670
5.3860
5.3340
5.3280
5.3490
5.3800
5.2930
4.9510
4.7010
4.5330
3.9080
3.4970
3.2620
3.2090
3.3050
3.2600
3.2150
3.3220
3.4730
3.5570
3.6420
3.5960
3.6520
3.7220
3.7220
3.7880
3.8270
3.8250
3.8150
3.7400
3.5510
3.4820
3.4970
3.6150
3.7880
3.7880
3.7320
3.6980
3.6510
3.5990
3.5740
3.5130
3.4360
3.3150
3.2090
3.2560
3.4630
3.7100
4.0580
4.1830
4.3120
3.9400
3.8830
4.1320
4.3630
4.6360
4.8290
5.0930
5.3720
5.4340
5.7290
6.0620
6.1070
6.0610
6.1230
6.1980
6.2470
6.3020
6.4100
6.5040
6.5450
6.5510
6.6480
6.6060
6.5970
6.4520
6.3520
6.3880
6.4190
6.4720
6.4650
6.5210
6.6110
6.5300
6.4310
6.3470
6.2670
6.1960
6.1540
6.0930
6.0150
5.9570
5.8990
5.8420
5.8250
5.7980
5.7440
5.7110
5.6510
5.5930
5.5100
5.3450
5.0880
4.6680
4.5010
4.0810
3.5310
3.1810
2.9130
2.7040
2.6950
2.6190
2.4710
2.3160
2.1870
2.0860
1.9790
1.8830
1.8260
1.7360
1.6940
1.6440
1.7010
1.8100
2.0050
2.3060
2.6410
3.0060
3.1700
3.2390
3.5170
4.0590
4.6960
4.7510
5.0670
5.5010
4.7850
3.9270
3.3030
2.9760
3.2150
3.6530
4.6360
4.9260
6.5870
7.3000
6.4250
5.8960
5.4910
5.2670
5.1740
5.2960
5.2870
5.4010
5.3810
5.4510
5.4990
5.5220
5.5440
5.6960
5.8810
5.9570
5.9490
6.0420
5.9270
5.8150
5.7200
5.7120
5.6850
5.6630
5.6920
5.6790
5.7020
5.6520
5.5900
5.5590
5.5550
5.5280
5.3930
5.3730
5.3710
5.3000
5.2370
5.2160
5.2110
5.2080
5.2140
5.2130
5.1530
5.0830
5.0500
5.0330
5.0030
4.9390
4.9050
4.8610
4.8420
4.8120
4.6400
4.4190
4.1150
3.7490
3.5120
3.5360
3.4710
3.3860
3.3560
3.3130
3.2470
3.2170
3.1830
3.1490
3.2210
3.3040
3.4200
3.5350
3.6630
3.8340
4.0540
4.2820
4.5020
4.7450
4.9730
5.2040
5.4270
5.6290
5.7530
5.8360
5.9330
5.9650
6.0060
6.0090
5.9820
5.9420
5.9180
5.8870
5.8150
5.7040
5.7310
5.4860
5.5410
5.4540
5.4110
5.3430
5.3980
5.5870
5.3360
5.3120
5.2680
5.0900
5.1190
5.0460
5.1440
5.0920
5.1190
5.0090
5.1080
4.9900
4.9590
4.8760
4.8350
4.7470
4.5820
4.5470
4.6600
4.7330
4.5800
4.6560
4.8300
4.9100
