428.6700
410.5500
455.4200
422.2200
457.5400
449.8900
460.8200
425.9700
431.4000
432.8700
427.7600
445.5500
454.2600
430.6600
449.3800
460.9800
472.8100
479.4300
478.5000
465.7900
458.7900
458.5700
475.8800
473.0200
472.8300
462.8500
460.3200
465.3200
476.8200
480.2700
478.8600
472.4500
466.7400
467.6600
471.0500
474.3100
473.2300
468.7600
465.7400
450.5700
435.8900
429.5500
425.2100
420.2100
408.9900
393.7100
378.4600
364.5600
361.3900
355.0200
344.3000
342.7300
338.5400
337.5300
329.4700
320.8000
313.7700
322.3800
334.6700
333.2100
350.9600
355.2100
359.1300
347.0000
347.7300
349.5300
347.4200
376.1700
368.6700
375.0700
376.7100
393.8100
398.0600
398.0100
402.7100
414.7400
418.4300
432.2200
429.1700
440.0600
452.0100
475.2900
487.8100
483.9300
492.9700
501.2200
507.5100
482.5100
460.2500
455.6300
459.7500
468.2500
458.8700
447.7400
432.4600
427.3500
422.3900
422.5600
418.1100
435.5400
436.4300
434.4200
438.6400
441.6400
437.8700
441.4600
435.6800
445.5900
451.5700
446.2100
441.9400
456.7100
482.4200
489.9500
479.6600
482.7800
490.7100
506.9300
528.2500
531.3300
529.6500
524.9300
540.8900
544.8800
556.1500
567.2100
565.4400
565.6000
561.9400
560.9000
564.9400
575.1400
570.0100
567.5900
569.4700
553.2800
536.7600
537.2300
524.9600
523.3600
515.2500
499.9100
490.2400
485.0300
473.5400
465.4500
460.5600
441.6700
424.0500
415.0800
409.1900
407.4000
401.8100
396.5400
384.4000
380.6400
376.9500
388.9600
385.0200
416.7300
427.7500
446.7900
460.9200
463.8400
477.0100
500.9000
516.7900
532.9600
545.8400
544.7700
553.7200
555.7800
565.1500
573.6900
582.9000
591.9600
599.0600
608.1500
616.9900
625.9700
633.2600
638.3400
644.8100
621.6000
600.1100
598.4000
602.7800
616.4700
618.0300
606.5100
594.0700
590.1200
595.7500
597.6800
600.7700
607.6700
604.0700
602.0800
598.2200
598.6400
600.6200
599.8700
599.1800
596.3800
593.9700
593.5000
594.2300
626.3300
657.7800
665.9400
668.5800
664.6700
672.8700
682.0400
700.1800
707.9400
705.6700
707.3300
706.8100
708.2400
718.7700
722.5200
723.6700
719.4000
719.2200
721.3400
724.3500
729.0100
728.0800
725.4300
726.8600
701.4700
682.2400
676.3300
671.6300
671.7000
660.2300
645.9400
624.2000
607.1600
613.9600
596.5200
578.6500
620.4400
603.3500
611.6300
582.6800
606.5700
579.2300
556.4600
537.5500
576.1700
603.5100
565.9000
549.4300
597.0700
638.7800
637.6000
640.7200
643.2300
664.4300
698.2300
709.8600
728.7700
727.4000
737.9400
747.9800
751.5600
765.7800
776.1600
779.3000
789.3500
791.1000
795.4600
797.2200
806.5900
810.9000
816.0000
820.6400
793.6100
766.1600
755.5900
754.0500
766.9700
766.1200
754.7000
731.3000
719.7200
721.0800
715.1000
714.3100
724.4900
722.8300
720.7300
720.7000
720.3500
722.6700
724.8500
727.5300
725.1700
725.3600
730.4800
730.8300
769.0000
803.1600
816.7300
822.4700
818.9500
827.1800
842.0600
868.3500
882.1000
883.8000
890.1300
891.8000
882.3800
889.7400
894.9900
897.1600
899.6200
899.0000
900.2600
898.5300
904.6500
903.8700
899.7000
901.0500
873.0400
846.9200
836.4700
826.0300
822.8300
811.3600
792.0800
767.5500
750.1300
744.0900
729.7100
719.5600
730.8400
729.3000
723.3200
716.4400
713.0600
721.4700
709.1800
732.4600
725.2600
726.0500
725.8400
723.6200
742.0700
756.0500
774.2800
781.9000
793.5000
810.7200
825.7000
850.2300
860.8500
870.5900
883.5600
895.7600
888.4900
904.1600
910.8700
915.7800
926.4300
934.6200
937.4000
934.1200
941.7000
949.9700
953.9800
956.4400
917.3200
886.2200
