3.8062
4.0146
4.3048
4.3344
4.5110
4.7365
5.0108
5.1691
5.2480
5.3391
5.4064
5.4234
5.3816
5.3930
5.4006
5.3931
5.4757
5.5309
5.4859
5.5267
5.4510
4.9255
4.2514
3.8708
3.6825
3.9628
4.2896
4.3143
4.2886
4.3919
4.4408
4.4277
4.3686
4.3766
4.3984
4.4405
4.5792
4.7367
4.8610
4.9662
5.0983
5.2160
5.2868
5.2742
5.2572
5.3580
5.4903
5.4244
5.2789
5.1117
5.0313
5.1138
5.2325
5.1947
5.0559
4.9848
4.9475
4.7004
4.4001
4.2410
3.9779
3.7441
3.6977
3.3610
3.2853
3.5975
4.1973
5.0126
5.5061
6.3834
7.1329
7.0166
7.9058
8.4231
8.4850
8.6649
8.6123
8.5390
8.7513
8.6857
8.5502
8.1819
8.2214
8.8698
9.0402
9.2417
9.3662
9.5237
9.4971
9.4379
9.4452
9.4708
9.5403
9.4916
9.4937
9.5213
9.6412
9.7592
9.6585
9.3693
9.1589
9.0193
8.8388
8.6851
8.5796
8.3913
8.2763
8.0339
7.7470
7.6643
7.6541
7.6881
7.7374
7.5980
7.0561
6.6590
6.3931
5.4002
4.7485
4.3767
4.2911
4.4438
4.3726
4.3019
4.4706
4.7115
4.8433
4.9790
4.9056
4.9955
5.1066
5.1052
5.2108
5.2724
5.2693
5.2533
5.1345
4.8338
4.7257
4.7481
4.9362
5.2103
5.2112
5.1210
5.0671
4.9934
4.9113
4.8702
4.7744
4.6523
4.4598
4.2914
4.3665
4.6947
5.0872
5.6386
5.8378
6.0425
5.4512
5.3606
5.7572
6.1228
6.5554
6.8617
7.2810
7.7246
7.8218
8.2906
8.8197
8.8911
8.8171
8.9156
9.0355
9.1131
9.1997
9.3704
9.5199
9.5854
9.5951
9.7490
9.6824
9.6680
9.4378
9.2786
9.3368
9.3858
9.4697
9.4591
9.5468
9.6898
9.5618
9.4052
9.2712
9.1438
9.0319
8.9654
8.8685
8.7438
8.6519
8.5602
8.4695
8.4422
8.3995
8.3143
8.2612
8.1660
8.0754
7.9427
7.6815
7.2739
6.6072
6.3421
5.6750
4.8033
4.2473
3.8221
3.4907
3.4761
3.3549
3.1201
2.8753
2.6708
2.5101
2.3406
2.1879
2.0969
1.9552
1.8886
1.8088
1.8992
2.0717
2.3815
2.8584
3.3901
3.9692
4.2298
4.3398
4.7807
5.6411
6.6521
6.7388
7.2396
7.9282
6.7920
5.4310
4.4414
3.9218
4.3013
4.9963
6.5560
7.0160
9.6520
10.7837
9.3956
8.5548
7.9121
7.5571
7.4092
7.6037
7.5893
7.7697
7.7380
7.8488
7.9251
7.9624
7.9972
8.2382
8.5324
8.6523
8.6402
8.7872
8.6041
8.4274
8.2768
8.2642
8.2207
8.1852
8.2323
8.2107
8.2477
8.1691
8.0692
8.0208
8.0150
7.9720
7.7568
7.7251
7.7218
7.6095
7.5105
7.4761
7.4688
7.4644
7.4727
7.4715
7.3765
7.2647
7.2125
7.1858
7.1381
7.0372
6.9834
6.9133
6.8835
6.8360
6.5631
6.2121
5.7287
5.1484
4.7731
4.8103
4.7072
4.5720
4.5251
4.4573
4.3527
4.3047
4.2509
4.1961
4.3103
4.4421
4.6272
4.8091
5.0127
5.2838
5.6331
5.9949
6.3440
6.7286
7.0916
7.4575
7.8117
8.1325
8.3287
8.4597
8.6147
8.6657
8.7298
8.7348
8.6927
8.6278
8.5901
8.5414
8.4275
8.2501
8.2933
7.9054
7.9927
7.8547
7.7855
7.6787
7.7654
8.0654
7.6667
7.6287
7.5593
7.2773
7.3231
7.2069
7.3620
7.2798
7.3222
7.1478
7.3058
7.1179
7.0684
6.9363
6.8726
6.7318
6.4706
6.4153
6.5950
6.7099
6.4666
6.5881
6.8634
6.9916
