1.9500
1.8896
1.8527
1.8440
1.8617
1.8944
1.9497
2.0337
2.1134
2.1678
2.2055
2.2350
2.2559
2.2627
2.2619
2.2615
2.2691
2.2631
2.1256
2.1894
2.1537
1.9280
1.9542
2.2557
2.6338
3.1431
3.5730
3.8874
4.2830
4.7111
5.0257
5.3387
5.7253
6.0638
6.3674
6.6784
6.9284
7.1292
7.3017
7.4456
7.5739
7.6947
7.8076
7.9113
8.0031
8.0782
8.1373
8.1850
8.2286
8.2644
8.2884
8.3011
8.3047
8.3025
8.2955
8.2830
8.2617
8.2152
8.1232
8.0118
7.9217
7.8470
7.7579
7.6161
7.3441
7.2269
7.2978
7.2254
6.9659
6.7154
6.4131
5.3583
5.2063
5.1776
4.7015
4.4376
4.6818
4.6795
4.5924
4.0920
3.5113
3.2902
3.2303
3.1216
2.8616
2.7109
2.6680
2.5350
2.4423
2.2978
2.3417
2.4053
2.4378
2.4289
2.3347
2.2987
2.3679
2.3537
2.3300
2.3302
2.3556
2.4943
2.6180
2.6507
2.7648
2.7878
2.7757
2.6618
2.6009
2.6503
2.6252
2.5149
2.4021
2.3152
2.0584
1.9253
1.8119
1.7190
1.9414
2.2679
2.7287
3.3022
3.7365
4.0899
4.5735
4.9453
5.2478
5.5337
5.7852
6.0136
6.2299
6.4281
6.6046
6.7574
6.8853
6.9935
7.0945
7.1990
7.3108
7.4178
7.5054
7.5828
7.6644
7.7457
7.8261
7.9004
7.9558
7.9861
7.9914
7.9761
7.9471
7.9135
7.8812
7.8361
7.7615
7.6523
7.5753
7.5487
7.4210
7.1263
6.8993
6.7048
6.4452
5.8845
5.5419
5.2603
4.8390
4.5234
4.3900
4.2580
4.2151
4.2422
4.2485
4.1636
3.9992
3.7632
3.4540
3.1753
2.9868
2.8058
2.5802
2.3120
2.1990
2.0959
2.0092
1.9797
1.8956
1.8198
1.7693
1.7537
1.7015
1.6219
1.5715
1.5748
1.6274
1.6760
1.6794
1.6739
1.6691
1.6720
1.7244
1.7890
1.8007
1.7650
1.7397
1.6862
1.5989
1.5114
1.4155
1.2601
0.9663
1.0327
1.0344
1.1687
1.4700
1.8402
2.2518
2.7848
3.2241
3.5822
3.9765
4.4710
4.8391
5.2285
5.5333
5.7927
5.9790
6.1154
6.1944
6.2104
6.1772
6.1383
6.0731
5.9313
5.6749
5.5325
5.4428
5.3060
5.1010
5.2601
5.3476
5.1623
5.1137
4.9827
4.7070
4.3564
3.6250
4.0340
4.4050
4.2313
3.8840
3.5909
3.0829
2.6693
2.6291
3.1203
3.5916
3.4654
3.3501
3.1524
2.7434
2.3826
2.0574
1.8206
1.6600
1.4786
1.3954
1.2933
1.1734
1.1157
1.0315
0.9514
0.8793
0.7279
0.6279
0.5561
0.5191
0.4535
0.3842
0.3040
0.2303
0.1736
0.1000
0.0637
-0.0168
-0.0923
-0.1129
-0.0888
-0.1169
-0.1351
-0.1737
-0.1978
-0.2292
-0.2734
-0.2987
-0.3285
-0.3707
-0.3657
-0.3489
-0.3327
-0.3216
-0.3288
-0.3633
-0.4125
-0.5015
-0.6873
-0.8474
-0.8893
-0.7593
-0.5649
-0.2607
0.0210
0.3202
0.6873
0.9966
1.2655
1.5195
1.7635
1.9335
2.0290
2.0843
2.0621
1.9973
1.9919
2.0324
2.0622
2.0768
2.0758
2.0716
2.0856
2.0835
2.0313
1.9858
1.9637
1.9285
1.9126
1.8844
1.8302
1.7349
1.6434
1.5418
1.4360
1.3438
1.2784
1.1927
1.1034
0.9883
0.8740
0.7661
0.6688
0.6085
0.5226
0.4943
0.4173
0.3048
0.1396
-0.0561
-0.2381
-0.4196
-0.5718
-0.7008
-0.8007
-0.8728
-0.9222
-0.9588
-0.9917
-1.0128
-1.0236
-1.0290
-1.0222
-1.0363
-1.0336
-1.0669
-1.0470
-1.0489
-0.9981
-0.9683
