1.4608
1.6046
1.6649
1.6514
1.6041
1.6539
1.7837
1.7021
1.7075
1.7980
1.8067
1.9152
1.9920
2.1560
2.2786
2.3422
2.4143
2.4721
2.4837
2.5114
2.5457
2.4028
2.1777
1.9894
1.9135
2.2349
2.5579
2.5958
2.6256
2.8147
2.9111
2.9287
2.9478
3.0483
3.1877
3.3754
3.6651
3.9215
4.1465
4.2994
4.4512
4.5728
4.6361
4.5738
4.4974
4.5506
4.6239
4.4852
4.2695
4.0943
3.9604
4.0267
4.1550
4.2205
4.0824
4.0175
4.0019
3.9104
3.8116
3.7982
3.7180
3.4575
3.1391
2.0756
1.6791
1.7226
1.8842
2.2224
1.6948
1.6478
0.9575
-0.1241
-0.4343
-0.5253
-0.4865
-0.4148
-0.2214
0.1266
0.2189
0.4077
0.4474
1.0435
1.2839
1.2932
1.5165
1.8214
1.9265
2.0136
2.0523
2.2086
2.5385
2.6526
2.7205
2.7758
2.9451
3.2024
3.3901
3.6431
3.7287
3.9483
4.1860
4.4035
4.5345
4.7508
4.8092
4.8103
4.8504
5.1286
5.0544
4.9287
4.8054
4.7861
4.9505
4.8898
4.3241
4.1873
4.4074
3.9476
3.6126
3.3948
3.3774
3.6390
3.8401
3.8221
4.1708
4.5185
4.6390
4.7948
4.5846
4.5563
4.6135
4.5903
4.5425
4.5144
4.4901
4.4628
4.3812
4.1763
3.9869
3.8011
3.7484
3.8102
3.8880
3.8323
3.7418
3.7190
3.6107
3.5561
3.5157
3.4659
3.2987
3.0939
3.0040
3.0090
2.8653
2.5036
2.4361
2.7409
2.3966
1.6926
1.5231
1.6050
1.3580
0.2454
-0.3189
-0.7070
-1.2970
-1.5001
-1.5547
-1.4922
-1.1864
-0.9312
-0.7624
-0.3963
-0.0799
0.2308
0.2986
0.3073
0.2600
0.4444
0.4958
0.5099
0.6928
0.8971
1.0396
1.1585
1.3007
1.4459
1.5554
1.6713
1.7195
1.7781
1.8534
1.8880
1.9604
2.0378
2.1172
2.1523
2.0656
1.9841
1.9642
1.9552
1.9561
1.9775
2.0283
2.1106
2.1885
2.2254
2.2661
2.2356
2.0198
1.9322
1.7743
1.5119
1.3382
1.2353
1.1679
1.2879
1.3499
1.2563
1.1636
1.1292
1.0511
0.9088
0.7400
0.4673
0.2060
-0.1476
-0.5274
-1.0441
-1.5851
-2.0969
-2.6674
-3.2375
-3.8776
-4.1618
-4.2843
-4.7368
-5.5640
-6.4689
-6.3736
-6.7085
-7.2203
-5.9220
-4.1827
-2.0157
-1.7299
-3.2956
-4.5253
-5.1311
-5.8273
-7.8107
-8.3294
-7.0102
-6.6247
-5.6958
-4.4859
-4.2575
-3.7328
-3.8891
-3.5096
-3.1997
-3.3302
-2.9830
-3.2389
-3.3252
-3.1545
-3.1259
-3.0242
-2.7326
-2.5634
-2.3045
-2.1929
-2.1535
-2.2174
-2.1367
-2.0876
-2.0366
-1.9258
-1.8038
-1.7548
-1.8170
-1.7874
-1.5893
-1.4258
-1.3895
-1.3923
-1.4731
-1.5590
-1.6998
-1.7786
-1.8428
-1.8253
-1.7902
-1.7494
-1.7242
-1.7681
-1.8809
-1.9492
-2.0464
-2.0957
-2.1879
-2.3004
-2.4533
-2.5800
-2.6882
-2.7243
-2.6519
-2.4186
-2.2867
-2.2153
-2.1479
-2.1219
-2.1348
-2.2297
-2.3612
-2.5392
-2.7685
-3.0408
-3.4232
-3.7875
-4.1603
-4.4770
-4.7364
-5.0220
-5.3720
-5.7325
-6.0793
-6.4542
-6.8098
-7.1501
-7.4862
-7.7871
-7.9607
-8.0878
-8.2207
-8.2561
-8.3137
-8.3049
-8.2609
-8.1726
-8.0955
-8.0287
-7.8895
-7.7442
-7.6962
-7.4046
-7.4543
-7.2949
-7.1772
-6.9791
-7.0378
-7.1113
-6.6343
-6.5755
-6.3715
-6.0732
-6.0366
-5.8584
-5.8493
-5.6919
-5.6798
-5.5448
-5.6231
-5.4469
-5.3409
-5.2806
-5.2166
-5.0836
-4.8304
-4.8760
-4.9051
-4.7555
-4.6853
-4.8320
-5.0022
-5.0289
