3.5147
3.6800
3.9698
4.0075
4.2162
4.4383
4.6826
4.8809
4.9625
5.0273
5.0956
5.0740
4.9994
4.9433
4.8963
4.8579
4.9148
4.9477
4.8915
4.9231
4.8200
4.2997
3.6512
3.3204
3.1463
3.2724
3.4435
3.4460
3.3909
3.3713
3.3535
3.3207
3.2242
3.1404
3.0306
2.8852
2.7453
2.6568
2.5369
2.4855
2.4860
2.5091
2.5410
2.6264
2.7224
2.8285
2.9603
3.0508
3.1046
3.0604
3.1031
3.1522
3.1804
3.0285
2.9825
2.9510
2.9092
2.6081
2.1982
1.8869
1.4144
1.4367
1.9543
2.6436
2.8238
3.1583
3.7506
4.4930
5.2388
6.1670
7.0683
7.0155
7.8938
8.4067
8.4710
8.6549
8.6094
8.5381
8.7486
8.6762
8.5385
8.1151
8.1205
8.7750
8.9121
9.0604
9.1659
9.3084
9.2727
9.1758
9.0977
9.0917
9.1442
9.0766
9.0253
8.9665
9.0256
9.0537
8.9097
8.4967
8.1463
7.8712
7.5871
7.2705
7.1051
6.8757
6.7060
6.1839
5.8710
5.8693
5.9576
6.0166
5.9464
5.8155
5.5759
5.1777
4.6311
3.6850
3.0817
2.7624
2.6471
2.5505
2.0913
1.9745
1.6095
1.3347
1.3918
1.3418
1.7455
2.0481
2.1893
2.2343
2.5531
2.7237
2.7576
2.7713
2.6775
2.4339
2.5371
2.8453
3.2118
3.5537
3.4700
3.3968
3.4168
3.3321
3.3291
3.3276
3.2302
3.1035
3.0013
2.9739
3.1690
3.6036
4.2036
5.0523
5.3052
5.3851
4.8961
5.0864
5.5521
5.9086
6.4132
6.8573
7.2740
7.6922
7.7135
8.1538
8.6815
8.7650
8.7369
8.8669
9.0033
9.1045
9.1993
9.3675
9.5152
9.5804
9.5916
9.7389
9.6697
9.6546
9.4123
9.2351
9.2787
9.3141
9.3799
9.3479
9.4193
9.5446
9.4059
9.2356
9.0841
8.9468
8.8166
8.7307
8.6121
8.4748
8.4017
8.3271
8.2386
8.2127
8.1685
8.0757
8.0084
7.8885
7.7732
7.6246
7.3397
6.9218
6.2909
6.0407
5.3904
4.5591
4.0310
3.6170
3.2895
3.2287
3.0714
2.8560
2.6293
2.4204
2.2794
2.1569
2.0589
2.0441
1.9444
1.8828
1.7302
1.5865
1.3340
1.1290
1.0274
1.0056
0.8475
0.7554
0.6920
0.6470
0.9294
1.5505
2.1882
2.7218
3.2745
3.3258
3.4642
3.9576
3.5196
2.7640
2.1176
4.0808
3.9073
5.6706
6.8490
6.2559
5.4127
5.4917
6.0817
6.0639
6.6244
6.5171
6.9319
7.0455
7.1073
7.3422
7.2739
7.2731
7.6103
7.9392
8.1066
8.1967
8.4050
8.2897
8.1370
7.9918
7.9611
7.9381
7.9145
7.9764
7.9817
8.0481
7.9784
7.8620
7.8191
7.8559
7.8435
7.6313
7.5986
7.5800
7.4481
7.3156
7.2615
7.2379
7.2378
7.2551
7.2639
7.1721
7.0462
6.9629
6.9164
6.8385
6.7179
6.6318
6.5194
6.4314
6.3304
5.9873
5.5828
5.0780
4.5449
4.1897
4.2699
4.1885
4.0498
3.9899
3.8596
3.6566
3.4761
3.2258
2.8914
2.6192
2.3210
2.0255
1.7560
1.6413
1.6427
1.6950
1.7542
1.8133
1.9021
1.9792
2.1189
2.2318
2.3448
2.4486
2.4808
2.5755
2.6326
2.6632
2.7065
2.7056
2.7655
2.8728
2.9147
2.9629
2.8445
3.0901
2.7691
2.8839
2.9120
3.0171
3.2024
3.2819
3.8052
3.8426
3.8678
4.0679
4.0095
4.1458
4.1975
4.4705
4.5384
4.6212
4.5106
4.6643
4.5821
4.6301
4.4975
4.4744
4.4131
4.3053
4.1690
4.4084
4.7337
4.4570
4.4782
4.6994
4.8571
