2.8000
2.7560
2.7220
2.6550
2.5920
2.5390
2.4950
2.3930
2.3460
2.3140
2.2200
2.1730
2.0780
2.0830
2.1040
2.1200
2.1220
2.0800
2.0440
1.9960
1.9270
1.8410
1.8050
1.7910
1.7250
1.5500
1.4140
1.3330
1.2400
1.0940
0.9410
0.8320
0.8300
0.9920
1.2390
1.5240
1.8190
2.1060
2.3940
2.6750
2.9720
3.2770
3.5630
3.9130
4.2070
4.3690
4.4660
4.5340
4.5750
4.6050
4.6570
4.6910
4.7480
4.8350
4.9140
4.9900
5.0720
5.1700
5.1940
5.2400
5.2930
5.3380
5.3410
5.3200
5.2940
5.1680
5.0810
5.0280
5.0550
5.1570
5.3250
5.3930
5.3500
5.3090
5.3020
5.2790
5.1970
5.1420
5.1340
5.0850
4.9720
4.9440
4.9890
5.0860
5.1800
5.3100
5.4190
5.4290
5.4090
5.4180
5.4070
5.4030
5.4400
5.4540
5.4750
5.4560
5.4380
5.4640
5.4960
5.5170
5.4910
5.4330
5.4480
5.5470
5.6660
5.7390
5.7580
5.7630
5.7830
5.8480
5.8970
5.9840
6.0760
6.1170
5.9840
5.7360
5.5420
5.3590
4.9680
4.5610
4.1480
3.9160
3.9880
4.1390
4.1850
4.2140
4.2360
4.2040
4.2770
4.4500
4.6860
4.9710
5.2100
5.4250
5.6220
5.8910
6.2400
6.4910
6.5970
6.7220
6.8390
6.9140
7.0500
7.2510
7.4040
7.5750
7.6120
7.5570
7.5120
7.5090
7.4970
7.4240
7.2370
7.0240
6.9350
7.1360
7.2880
7.3610
7.2800
7.5000
7.7780
8.0700
8.2620
8.2690
8.1800
8.0630
8.0010
8.0470
8.1710
8.3090
8.4110
8.5180
8.6200
8.6860
8.7420
8.7680
8.7890
8.8480
8.9000
8.8950
8.8660
8.8390
8.9100
8.9560
8.9980
9.0470
9.1310
9.2390
9.4180
9.5920
9.7680
9.8840
9.9430
9.9060
9.8520
9.9730
10.0120
10.0660
10.1710
10.4430
10.4980
10.3910
10.3370
10.4160
10.5390
10.7770
11.1100
11.5330
11.7630
11.8010
11.7790
11.8200
11.4270
11.1540
9.6190
10.1200
9.3000
9.7480
10.0580
10.3620
10.5350
10.2780
10.0280
9.9040
9.7400
9.6710
9.9760
10.0760
9.9280
9.7450
9.5520
9.3470
9.1740
8.8620
8.7670
9.1980
9.0220
5.7520
8.0220
6.9750
9.9660
9.5280
7.8580
7.5430
7.4660
7.7350
9.3390
9.6370
9.8840
9.0150
8.6960
8.1250
7.4610
7.3050
7.5400
8.0120
7.5870
8.3060
9.1840
8.9740
9.3340
9.8150
9.3580
8.8600
8.7390
8.6890
8.5560
8.4460
8.2440
8.1840
7.9960
7.7340
7.4210
7.2710
7.1670
7.0140
7.0670
7.2140
7.0700
6.5750
6.6960
7.4110
7.6910
7.6770
7.5490
7.3640
7.1130
6.8150
6.5680
6.3890
6.2540
6.0910
5.8310
5.6530
5.5830
5.5520
5.5250
5.5060
5.4400
5.3300
5.2300
5.1580
5.1740
5.2140
5.2280
5.1540
5.0030
4.9080
4.7480
4.2950
4.3340
4.6750
4.9460
5.1010
5.2040
5.3410
5.5360
5.6170
5.6290
5.6190
5.6350
5.7740
5.8090
5.8130
5.7570
5.6580
5.5930
5.5890
5.5700
5.5000
5.4510
5.3870
5.3220
5.2780
5.2820
5.2770
5.2760
5.3020
5.3240
5.3680
5.3740
5.3270
5.3260
5.3520
5.3690
5.2870
5.1230
4.9400
4.7560
4.5280
4.3150
4.0180
4.0890
4.0460
3.9850
3.9030
3.9860
4.0130
4.2120
4.3940
4.4950
4.4600
4.5860
4.8840
4.9400
4.8590
4.6620
4.3540
4.0280
3.6720
3.2520
2.7820
2.4730
2.3910
2.4820
2.5950
2.6110
