952.9500
885.2800
965.9100
991.2200
986.8500
1034.2000
1036.4000
1028.2000
1045.2000
1046.6000
1055.8000
1070.2000
1085.5000
1072.6000
1076.3000
1129.1000
1152.8000
1168.5000
1180.5000
1179.6000
1188.2000
1203.6000
1216.5000
1228.7000
1233.3000
1245.3000
1249.8000
1257.7000
1279.7000
1295.5000
1314.7000
1325.7000
1333.1000
1342.7000
1352.4000
1362.8000
1371.6000
1379.2000
1387.3000
1374.5000
1369.9000
1376.5000
1384.3000
1398.7000
1406.0000
1409.1000
1408.0000
1409.1000
1418.3000
1425.7000
1432.1000
1453.4000
1466.0000
1471.3000
1472.1000
1469.7000
1472.4000
1476.7000
1487.9000
1495.0000
1498.9000
1505.3000
1509.3000
1509.5000
1509.0000
1515.5000
1526.4000
1538.9000
1549.5000
1555.5000
1562.3000
1570.1000
1580.1000
1592.8000
1607.3000
1621.0000
1635.3000
1649.4000
1667.1000
1684.4000
1702.2000
1723.0000
1740.6000
1753.4000
1762.7000
1770.5000
1775.0000
1745.0000
1719.1000
1711.5000
1712.5000
1725.6000
1724.0000
1711.9000
1691.9000
1681.0000
1683.3000
1689.2000
1691.1000
1702.8000
1701.2000
1700.4000
1693.6000
1688.1000
1690.9000
1692.2000
1692.5000
1684.4000
1678.4000
1671.9000
1672.5000
1705.1000
1729.8000
1737.9000
1746.7000
1746.9000
1753.6000
1772.5000
1800.9000
1806.5000
1807.2000
1807.6000
1803.7000
1789.1000
1791.1000
1790.1000
1789.6000
1791.6000
1783.9000
1779.2000
1768.7000
1759.7000
1753.6000
1743.0000
1732.7000
1701.9000
1675.1000
1657.9000
1642.7000
1639.6000
1627.3000
1607.4000
1580.6000
1558.3000
1548.6000
1543.0000
1536.7000
1525.1000
1503.0000
1485.1000
1474.6000
1465.7000
1460.9000
1451.2000
1440.5000
1423.5000
1407.1000
1386.9000
1356.0000
1355.1000
1348.4000
1338.9000
1328.0000
1315.9000
1321.4000
1325.6000
1338.7000
1343.3000
1341.7000
1342.8000
1337.7000
1320.0000
1305.3000
1298.7000
1285.3000
1279.6000
1265.4000
1259.0000
1241.4000
1231.6000
1227.6000
1215.4000
1208.4000
1152.7000
1100.7000
1065.3000
1041.8000
1029.6000
994.0100
952.0100
895.3300
845.8800
814.7600
789.6500
772.5100
758.4400
736.0800
710.7700
689.6700
648.5100
626.9800
616.3000
597.4700
560.9600
523.6000
488.4600
447.1600
437.6400
428.1800
407.1400
386.0600
368.8100
346.1400
401.4500
425.6800
365.3900
348.9400
336.2500
372.9900
361.9200
303.8500
302.1700
291.4100
275.0800
254.7700
237.2300
216.3400
202.5600
194.7500
180.7400
175.4500
141.5100
99.5970
70.3780
-10.7480
-12.4550
27.4920
-44.9600
-54.1970
-107.7800
-114.7800
-117.9500
-136.6000
-60.0060
-71.6710
-96.5920
-75.2960
-46.5610
-17.4300
17.6700
30.7640
80.5610
112.8000
186.3500
228.1300
275.3300
330.5800
358.5000
399.8500
421.9500
450.2900
494.3500
557.6800
616.4200
644.7300
678.7400
705.2000
708.3000
725.3600
747.7800
779.7500
824.1100
858.7700
886.5500
905.8000
935.3600
964.9300
995.9100
1026.2000
1014.8000
1004.2000
1021.0000
1048.9000
1083.8000
1102.2000
1106.3000
1106.1000
1114.4000
1137.1000
1162.0000
1183.6000
1211.8000
1222.7000
1232.6000
1247.4000
1263.7000
1284.9000
1296.4000
1307.7000
1319.5000
1335.8000
1362.9000
1390.0000
1437.4000
1473.5000
1490.4000
1502.2000
1508.0000
1522.0000
1539.5000
1563.9000
1585.6000
1600.1000
1612.2000
1628.3000
1636.4000
1662.4000
1689.4000
1709.7000
1729.5000
1739.9000
1751.5000
1765.0000
1781.4000
1806.1000
1828.8000
1850.8000
1833.9000
1813.5000
1810.5000
1814.6000
1824.8000
1821.2000
1811.9000
1789.7000
1775.0000
1776.0000
1772.5000
1770.2000
1780.5000
1776.6000
1772.6000
1773.0000
1773.5000
1777.6000
1778.1000
1779.1000
1777.2000
1773.9000
1780.4000
1781.4000
1811.6000
1838.2000
1858.2000
1872.0000
1878.5000
1883.9000
1911.7000
1931.3000
1949.5000
1957.5000
1968.9000
1974.2000
1946.1000
1927.0000
1929.9000
1937.5000
1948.7000
1948.6000
1949.4000
1942.1000
1936.2000
1934.9000
1929.0000
1921.8000
1895.3000
1871.0000
