3.6427
3.5730
3.5194
3.4121
3.3122
3.2279
3.1589
2.9965
2.9223
2.8720
2.7229
2.6478
2.4972
2.5047
2.5383
2.5631
2.5677
2.4999
2.4424
2.3678
2.2576
2.1205
2.0634
2.0423
1.9363
1.6597
1.4441
1.3155
1.1667
0.9357
0.6926
0.5199
0.5161
0.7743
1.1666
1.6178
2.0860
2.5421
2.9993
3.4443
3.9165
4.3995
4.8537
5.4083
5.8759
6.1332
6.2867
6.3942
6.4592
6.5066
6.5890
6.6436
6.7338
6.8727
6.9974
7.1182
7.2476
7.4030
7.4413
7.5153
7.5982
7.6694
7.6745
7.6414
7.6001
7.4009
7.2630
7.1780
7.2209
7.3831
7.6495
7.7571
7.6899
7.6238
7.6130
7.5758
7.4468
7.3585
7.3461
7.2684
7.0897
7.0449
7.1169
7.2709
7.4201
7.6250
7.7983
7.8149
7.7835
7.7966
7.7798
7.7739
7.8319
7.8538
7.8880
7.8566
7.8295
7.8703
7.9205
7.9544
7.9132
7.8201
7.8445
8.0011
8.1900
8.3069
8.3364
8.3446
8.3765
8.4799
8.5570
8.6953
8.8415
8.9063
8.6956
8.3019
7.9937
7.7040
7.0833
6.4372
5.7815
5.4144
5.5274
5.7669
5.8399
5.8873
5.9221
5.8713
5.9867
6.2610
6.6358
7.0874
7.4674
7.8077
8.1205
8.5477
9.1014
9.5001
9.6686
9.8656
10.0517
10.1712
10.3869
10.7057
10.9485
11.2190
11.2788
11.1919
11.1200
11.1144
11.0957
10.9794
10.6831
10.3450
10.2041
10.5224
10.7639
10.8797
10.7513
11.1002
11.5421
12.0057
12.3096
12.3204
12.1798
11.9942
11.8960
11.9695
12.1662
12.3837
12.5459
12.7162
12.8772
12.9820
13.0719
13.1131
13.1456
13.2404
13.3220
13.3142
13.2682
13.2255
13.3381
13.4117
13.4772
13.5553
13.6884
13.8598
14.1447
14.4211
14.6993
14.8838
14.9770
14.9189
14.8336
15.0253
15.0861
15.1725
15.3387
15.7706
15.8572
15.6884
15.6030
15.7280
15.9225
16.3008
16.8290
17.5006
17.8654
17.9256
17.8908
17.9562
17.3328
16.8997
14.4630
15.2588
13.9575
14.6679
15.1595
15.6427
15.9161
15.5094
15.1120
14.9151
14.6559
14.5457
15.0303
15.1879
14.9532
14.6625
14.3568
14.0309
13.7565
13.2620
13.1106
13.7947
13.5153
8.3277
11.9298
10.2672
15.0139
14.3182
11.6693
11.1686
11.0463
11.4744
14.0188
14.4910
14.8839
13.5053
12.9986
12.0928
11.0394
10.7908
11.1643
11.9131
11.2388
12.3794
13.7728
13.4390
14.0106
14.7748
14.0496
13.2590
13.0669
12.9872
12.7760
12.6018
12.2820
12.1856
11.8875
11.4717
10.9747
10.7381
10.5724
10.3296
10.4138
10.6467
10.4185
9.6323
9.8251
10.9595
11.4032
11.3814
11.1781
10.8843
10.4871
10.0143
9.6222
9.3383
9.1244
8.8643
8.4518
8.1695
8.0595
8.0092
7.9669
7.9371
7.8316
7.6571
7.4982
7.3851
7.4092
7.4735
7.4954
7.3789
7.1393
6.9884
6.7335
6.0158
6.0766
6.6179
7.0474
7.2934
7.4581
7.6743
7.9836
8.1131
8.1326
8.1164
8.1407
8.3625
8.4181
8.4246
8.3352
8.1785
8.0750
8.0682
8.0378
7.9278
7.8491
7.7482
7.6455
7.5753
7.5818
7.5731
7.5716
7.6136
7.6471
7.7185
7.7274
7.6523
7.6506
7.6921
7.7190
7.5894
7.3286
7.0385
6.7470
6.3844
6.0469
5.5757
5.6888
5.6201
5.5230
5.3937
5.5245
5.5672
5.8826
6.1722
6.3322
6.2772
6.4762
6.9504
7.0390
6.9096
6.5978
6.1082
5.5908
5.0259
4.3604
3.6138
3.1235
2.9942
3.1389
3.3173
3.3431
