-11.2872
-11.2017
-11.1126
-11.0287
-10.9642
-10.8751
-10.7692
-10.6497
-10.5546
-10.4742
-10.4154
-10.3823
-10.3323
-10.2860
-10.2674
-10.2663
-10.3215
-10.3639
-10.3912
-10.4037
-10.4248
-10.3975
-10.3086
-10.2487
-10.2883
-10.4127
-10.1237
-9.6668
-9.1488
-8.5938
-8.0621
-7.7166
-7.4045
-7.1168
-6.8905
-6.7506
-6.7129
-6.7871
-7.0083
-7.3356
-7.7152
-8.1340
-8.5214
-8.9612
-9.3743
-9.6735
-9.9149
-10.0974
-10.2066
-10.2578
-10.2814
-10.2033
-10.1891
-10.2029
-10.1650
-10.1393
-10.1370
-10.0639
-10.0743
-10.0885
-10.1349
-10.1658
-10.2701
-10.4502
-10.6197
-10.9259
-11.1399
-11.3525
-11.6104
-11.8231
-11.9678
-12.1061
-12.2350
-12.4232
-12.7010
-12.9757
-13.1707
-13.3365
-13.5183
-13.6578
-13.7018
-13.6809
-13.6443
-13.5842
-13.4808
-13.3805
-13.3180
-13.2972
-13.3174
-13.3564
-13.4121
-13.4664
-13.4948
-13.4902
-13.5187
-13.6247
-13.7687
-13.8893
-13.9538
-14.0079
-14.0953
-14.1477
-14.0815
-14.0105
-13.9456
-13.8771
-13.8085
-13.6901
-13.4775
-13.1733
-12.9740
-12.8024
-12.6998
-12.6889
-13.0225
-13.6885
-14.0865
-14.3067
-14.5249
-14.3925
-14.2494
-13.9847
-13.6087
-13.3627
-13.1792
-12.9752
-12.7907
-12.5769
-12.2542
-11.8713
-11.4460
-11.0138
-10.6351
-10.3210
-10.0002
-9.8964
-10.0472
-9.9928
-9.8991
-9.9131
-9.8574
-9.8538
-9.8778
-10.0182
-10.2761
-10.7084
-11.0944
-11.4037
-11.6371
-11.8706
-12.0862
-12.2511
-12.2845
-12.1277
-11.7319
-11.2071
-10.7882
-10.6629
-10.9348
-11.3810
-11.7576
-11.7376
-11.8614
-11.9669
-11.9629
-11.9488
-12.0170
-12.0923
-12.2270
-12.2974
-12.2186
-12.1259
-12.1558
-12.2812
-12.3880
-12.4704
-12.5263
-12.5347
-12.5378
-12.5458
-12.5802
-12.6363
-12.6878
-12.7258
-12.7436
-12.7037
-12.6177
-12.5095
-12.3913
-12.2526
-12.0877
-11.9283
-11.8106
-11.7122
-11.6240
-11.4951
-11.3646
-11.2187
-11.0851
-10.9806
-10.9279
-10.8882
-10.8450
-10.8012
-10.7050
-10.5778
-10.4094
-10.2423
-10.0801
-9.9009
-9.6702
-9.3021
-9.1111
-8.8721
-8.8435
-8.5336
-8.3679
-7.9921
-7.4701
-7.4870
-7.0084
-6.5267
-6.0763
-5.5138
-4.9461
-4.4098
-3.8809
-3.4174
-2.9036
-2.4090
-2.0977
-1.9134
-1.7378
-1.5026
-1.0770
-0.6796
-0.4249
-1.2089
-3.1156
-2.2880
-0.2771
-2.4265
-1.6879
-2.2287
-0.5339
-0.9680
-1.2524
-1.8010
-2.2397
-2.5398
-2.7964
-3.0947
-5.1428
-8.6103
-9.8603
-10.4715
-10.9714
-11.2807
-11.3430
-11.2727
-10.5522
-10.4673
-10.6712
-10.8621
-11.0076
-11.1362
-11.3016
-11.4643
-11.5475
-11.6043
-11.7601
-12.0284
-12.2175
-12.3099
-12.3295
-12.3577
-12.4154
-12.4304
-12.4175
-12.4521
-12.8102
-13.2785
-13.7130
-13.9692
-14.2382
-14.4957
-14.7161
-14.9051
-15.0881
-15.2435
-15.3630
-15.4519
-15.5431
-15.6553
-15.8007
-15.9347
-16.0545
-16.1726
-16.2967
-16.4204
-16.5378
-16.6481
-16.7470
-16.8222
-16.8755
-16.9396
-17.0573
-17.0539
-16.9852
-16.8142
-16.4498
-15.9878
-15.5773
-15.2882
-15.0411
-14.7901
-14.5537
-14.3508
-14.1817
-14.0363
-13.9151
-13.8235
-13.7448
-13.6700
-13.5948
-13.5073
-13.4042
-13.2955
-13.1911
-13.0905
-13.0003
-12.9159
-12.8270
-12.7406
-12.6663
-12.6157
-12.5750
-12.5808
-12.6340
-12.7351
-12.9167
-13.1730
-13.4548
-13.7389
-13.9907
-14.2613
-14.5252
-14.7556
-14.9424
-15.1109
-15.2575
-15.3923
-15.4474
-15.4818
-15.4979
-15.4991
-15.4870
-15.5106
-15.5263
-15.5064
-15.4275
-15.3627
-15.2608
-14.9860
-14.7348
-14.5076
-14.3745
-14.3639
-14.3930
-14.4590
-14.5552
-14.7302
-14.8668
-14.9083
-14.8484
-14.7256
-14.6308
