0.0844
0.3293
0.6235
0.7379
0.9886
1.2657
1.5311
1.6176
1.7110
1.8879
1.9982
2.1052
2.0849
2.1644
2.2423
2.3113
2.3247
2.3020
2.2874
2.2453
2.1400
2.0283
1.9870
1.9720
1.8770
1.6069
1.3979
1.2582
1.1052
0.9080
0.6811
0.4215
0.0866
-0.2789
-0.6413
-1.0731
-1.5606
-2.0116
-2.4607
-2.9418
-3.4760
-4.0525
-4.6154
-5.2357
-5.7737
-6.0849
-6.2749
-6.3942
-6.4511
-6.4803
-6.5404
-6.5854
-6.6867
-6.8343
-6.9260
-6.9739
-7.0159
-7.0868
-7.0707
-7.0924
-7.0835
-7.0175
-6.8989
-6.7276
-6.5596
-6.2673
-6.0335
-5.8664
-5.8018
-5.7998
-5.7420
-5.5655
-5.3832
-5.1450
-4.8731
-4.6303
-4.5179
-4.4881
-4.3685
-4.2406
-4.1900
-4.2370
-4.2552
-4.3099
-4.4495
-4.6992
-4.9989
-5.2802
-5.4984
-5.6905
-5.9052
-6.1239
-6.3504
-6.5598
-6.7112
-6.7009
-6.6100
-6.5327
-6.4981
-6.4632
-6.2258
-5.9286
-5.8521
-5.9148
-5.8604
-5.6785
-5.5372
-5.5481
-5.6965
-6.0716
-6.3107
-6.5755
-6.8579
-7.0242
-6.6343
-5.7735
-5.3748
-4.9673
-4.2551
-4.0803
-3.8493
-3.7018
-4.1078
-4.3593
-4.4564
-4.6616
-4.8184
-4.8321
-4.9168
-5.0518
-5.3324
-5.6417
-5.8950
-6.2460
-6.6953
-7.2149
-7.6641
-7.9497
-8.1185
-8.3131
-8.3864
-8.5168
-8.8370
-9.2537
-9.6345
-10.0363
-10.1349
-10.0945
-10.1005
-10.1124
-10.0511
-9.8261
-9.3502
-8.7578
-8.0937
-7.6139
-7.2123
-7.2548
-7.8675
-8.3872
-8.9128
-9.2969
-9.6524
-9.6754
-9.3315
-8.9672
-8.4973
-8.1278
-7.9706
-7.8252
-7.8815
-7.6981
-7.6528
-7.6940
-7.8028
-7.7804
-7.7390
-7.6690
-7.5652
-7.3310
-7.0638
-6.9684
-6.9685
-7.0084
-6.8694
-6.7432
-6.6511
-6.6352
-6.8016
-6.9438
-7.0353
-7.0501
-6.9454
-6.7378
-6.3185
-6.2497
-6.0589
-5.7439
-5.6617
-6.0133
-5.9750
-5.5206
-5.3578
-5.3806
-5.2793
-5.3695
-5.4787
-5.6085
-5.5921
-5.2488
-4.6688
-3.7365
-3.2962
-1.3330
0.4837
-1.9782
-3.0748
-2.6905
-0.6417
-0.9152
-1.8495
-0.5984
0.2458
1.4286
2.2087
2.8485
3.7844
4.5033
4.7927
5.4913
6.4290
7.1022
7.1813
7.0301
5.8987
7.5629
9.3676
7.5556
11.8609
9.1000
12.7164
10.9653
7.9364
10.4956
10.0670
9.2739
11.4467
11.6456
12.1567
10.9666
10.2052
9.0999
3.5601
0.4463
1.1377
1.7172
1.7031
2.2530
2.4213
2.6221
3.2704
3.6748
3.4735
3.3890
3.5545
3.8468
4.1328
4.4014
4.6806
4.9255
5.0487
5.3561
5.5928
5.8267
6.0537
6.1791
6.4651
7.0109
7.5845
7.6684
7.7490
7.6447
7.2664
7.0449
6.9345
6.6318
6.3138
5.9510
5.6553
5.4743
5.3267
5.1540
4.9613
4.9000
4.9707
4.9719
4.9480
4.8553
4.6931
4.4997
4.3603
4.2904
4.2796
4.2235
4.1092
3.9567
3.7882
3.5534
3.3108
3.0289
2.9270
2.6739
2.6277
2.6825
2.6767
2.6866
2.6045
2.4200
2.1133
1.8320
1.5938
1.4787
1.2672
1.0587
0.9293
0.9030
0.9512
1.0068
1.0719
1.1423
1.1878
1.1971
1.1232
1.0517
0.9870
0.9793
0.9378
0.7676
0.5620
0.2356
-0.1950
-0.6298
-0.9911
-1.3415
-1.5867
-1.7524
-1.8868
-1.9949
-2.1875
-2.3133
-2.3382
-2.2542
-2.3364
-2.3772
-2.5212
-2.6665
-2.7943
-2.7080
-2.7804
-2.8382
-2.8605
-2.8690
-2.9640
-3.1051
-3.2025
-3.1979
-3.0717
-2.9133
-2.8521
-2.7608
-2.6086
-2.4803
-2.4747
-2.5833
-2.7721
-2.9299
-2.8831
