3.6417
3.5578
3.4638
3.3314
3.1612
2.9694
2.7630
2.5223
2.3691
2.1644
1.8497
1.6059
1.3744
1.2604
1.1896
1.1078
1.0903
0.9749
0.8562
0.7516
0.7192
0.6183
0.5564
0.5313
0.4754
0.4155
0.3623
0.3840
0.3738
0.2259
-0.1258
-0.3044
-0.5088
-0.7223
-0.9745
-1.2107
-1.3842
-1.5543
-1.7149
-1.7914
-1.8046
-1.7126
-1.5023
-1.3554
-1.0913
-0.7685
-0.3842
0.0085
0.3237
0.5844
0.7985
0.8777
0.7948
0.7254
0.9966
1.4257
1.8179
2.1407
2.3190
2.4856
2.7490
3.0943
3.3620
3.6236
3.8384
3.9363
4.0433
4.1362
4.2989
4.5686
5.0542
5.4034
5.4914
5.6259
5.8489
5.9961
5.9198
5.8314
5.9060
5.9032
5.7190
5.6283
5.7047
5.8558
5.9380
6.0048
5.9854
5.7614
5.5092
5.3297
5.0650
4.7887
4.5837
4.3186
4.1448
4.1017
4.1962
4.3892
4.5287
4.6368
4.8846
5.0996
5.2239
5.3882
5.7211
6.0630
6.2317
6.2330
6.1413
5.9198
5.7791
5.6896
5.5804
5.4757
5.6213
5.9655
5.9170
5.8887
5.6628
4.9788
4.3138
3.9513
3.6984
3.7755
3.7742
3.5958
3.4430
3.3351
3.4154
3.6986
3.9496
4.2898
4.5837
4.6849
4.5952
4.5835
4.9089
5.2014
5.2508
5.3125
5.5412
5.5603
5.4584
5.3834
5.2006
5.0139
4.9494
4.8331
4.6514
4.6118
4.7000
4.8985
5.1673
5.5064
6.2142
7.2629
7.9902
8.1077
7.3275
7.2711
7.3337
7.5964
7.6392
7.6274
7.8276
7.9656
8.3253
8.7868
9.1917
9.5981
9.7612
10.1212
10.3565
10.4562
10.4876
10.5556
10.6262
10.7933
10.9656
11.1141
11.2315
11.2408
11.3730
11.4349
11.5950
11.7591
11.9639
12.1683
12.4021
12.6393
12.9063
13.1082
13.2692
13.3108
13.4206
13.6639
13.8159
14.0432
14.2556
14.5792
14.6885
14.6849
14.6543
14.7790
15.0218
15.3910
15.9122
16.5776
16.9677
17.1399
17.2709
17.5632
17.0164
16.8471
14.4549
15.1300
13.6146
14.4191
15.1459
15.6159
15.8082
15.4978
15.1100
14.8466
14.4885
14.2640
14.5461
14.5050
14.1643
13.5954
12.8369
12.1006
11.7333
11.2454
11.7086
11.5367
9.7423
3.5018
1.2802
4.7545
7.9819
9.2072
8.5550
3.8182
-4.5472
-6.7569
-8.0932
-8.6237
-8.5874
-7.8820
-8.0509
-7.9642
-10.4496
-10.7815
-11.1061
-11.7887
-11.1090
-12.1726
-13.5583
-13.1807
-13.6235
-14.3105
-13.6134
-12.8185
-12.5741
-12.4044
-12.0891
-11.8082
-11.3552
-11.1458
-10.7621
-10.1446
-9.4427
-9.0198
-8.6677
-8.2777
-8.1639
-8.0125
-7.1429
-5.8289
-6.0404
-7.8529
-8.7882
-8.9390
-8.7672
-8.6306
-8.3735
-8.0543
-7.7849
-7.5655
-7.4082
-7.2119
-6.8424
-6.5369
-6.3441
-6.2792
-6.2441
-6.2787
-6.2697
-6.1955
-6.1001
-6.0110
-6.0483
-6.1657
-6.2686
-6.2284
-6.0514
-6.0175
-5.8633
-5.1976
-5.3252
-6.0536
-6.5391
-6.7821
-6.9613
-7.1887
-7.5468
-7.7438
-7.8532
-7.9069
-7.9832
-8.2307
-8.3222
-8.3578
-8.2833
-8.1285
-8.0188
-8.0052
-7.9660
-7.8451
-7.7587
-7.6551
-7.5626
-7.5019
-7.5173
-7.5096
-7.5133
-7.5748
-7.6265
-7.7149
-7.7249
-7.6263
-7.5861
-7.5742
-7.5542
-7.3843
-7.0815
-6.7499
-6.3826
-5.9506
-5.5765
-5.0997
-5.1869
-5.0926
-4.9139
-4.6884
-4.7657
-4.8642
-5.1841
-5.4810
-5.6493
-5.5832
-5.7581
-6.2182
-6.2684
-6.1250
-5.8392
-5.3687
-4.8086
-4.1998
-3.4940
-2.6283
-1.9057
-1.5138
-1.4725
-1.5556
-1.6925
