-0.0001
-0.0040
-0.0036
-0.0039
-0.0041
-0.0050
-0.0054
-0.0054
-0.0054
-0.0054
-0.0041
-0.0041
-0.0048
-0.0034
-0.0036
-0.0028
-0.0017
-0.0021
-0.0024
-0.0021
-0.0024
-0.0040
-0.0041
-0.0031
-0.0018
-0.0015
0.0017
0.0052
0.0084
0.0132
0.0187
0.0206
0.0168
0.0081
-0.0029
-0.0113
-0.0158
-0.0115
-0.0060
-0.0015
0.0020
0.0027
0.0021
0.0027
0.0013
0.0000
-0.0006
-0.0008
-0.0018
-0.0018
-0.0018
-0.0010
0.0005
-0.0028
-0.0056
-0.0046
-0.0023
0.0002
0.0000
-0.0003
0.0003
0.0005
0.0015
0.0014
0.0006
-0.0014
-0.0005
0.0009
0.0009
-0.0009
-0.0019
-0.0020
-0.0008
0.0022
0.0041
0.0032
0.0023
0.0042
0.0053
0.0027
0.0010
0.0001
-0.0012
-0.0022
-0.0037
-0.0020
-0.0019
-0.0015
-0.0005
0.0018
0.0024
0.0008
-0.0009
-0.0009
0.0026
0.0057
0.0051
0.0027
0.0004
0.0040
0.0076
0.0050
-0.0003
-0.0024
-0.0012
-0.0026
-0.0047
-0.0062
-0.0106
-0.0100
-0.0078
-0.0080
-0.0058
-0.0000
0.0221
0.0192
0.0065
0.0103
0.0052
-0.0005
0.0025
-0.0018
-0.0020
0.0043
0.0025
0.0007
0.0010
0.0037
0.0073
0.0117
0.0191
0.0313
0.0336
0.0259
0.0160
0.0199
0.0247
0.0181
0.0150
0.0172
0.0154
0.0129
0.0140
0.0168
0.0126
0.0094
0.0064
0.0027
0.0032
0.0036
0.0031
0.0039
0.0055
0.0086
0.0208
0.0411
0.0544
0.0263
0.0182
0.0088
0.0048
0.0040
0.0041
0.0057
0.0090
0.0102
0.0095
0.0066
0.0109
0.0121
0.0144
0.0185
0.0156
0.0105
0.0078
0.0092
0.0071
0.0106
0.0130
0.0150
0.0098
0.0052
0.0014
0.0010
0.0038
0.0031
0.0032
0.0007
0.0002
-0.0004
0.0023
0.0069
0.0096
0.0126
0.0125
0.0112
0.0139
0.0132
0.0122
0.0082
0.0158
0.0126
0.0079
0.0046
0.0059
0.0023
0.0029
0.0084
0.0119
0.0104
0.0099
0.0138
0.0040
0.0347
-0.0196
-0.0427
0.0021
0.0333
0.0111
0.0056
0.0178
0.0204
0.0210
0.0180
0.0143
0.0178
0.0173
0.0075
0.0097
0.0174
0.0264
0.0076
-0.0059
0.0062
0.0377
0.0195
0.0375
0.2106
-0.1524
-0.1267
0.1105
-0.1040
-0.0063
-0.0013
0.1220
0.0260
0.0293
0.0200
0.0135
0.0124
0.0092
0.0242
0.1885
0.0163
0.0184
0.0026
0.0027
0.0144
-0.0078
-0.0034
0.0147
0.0023
-0.0148
-0.0137
-0.0128
-0.0110
-0.0075
-0.0018
0.0021
0.0037
-0.0033
-0.0043
-0.0037
-0.0026
-0.0018
-0.0002
-0.0008
-0.0034
-0.0070
-0.0014
0.0027
-0.0012
-0.0033
-0.0088
-0.0058
-0.0022
-0.0012
0.0004
0.0025
0.0036
0.0030
0.0030
0.0023
0.0023
0.0024
0.0022
0.0032
0.0048
0.0061
0.0081
0.0084
0.0080
0.0060
0.0043
0.0020
0.0005
-0.0020
-0.0043
-0.0050
-0.0015
0.0071
0.0145
0.0104
0.0093
0.0106
0.0126
0.0146
0.0165
0.0193
0.0227
0.0281
0.0294
0.0308
0.0358
0.0407
0.0450
0.0493
0.0497
0.0515
0.0525
0.0545
0.0559
0.0577
0.0599
0.0610
0.0617
0.0629
0.0624
0.0592
0.0562
0.0495
0.0404
0.0269
0.0131
0.0038
-0.0007
-0.0055
-0.0082
-0.0102
-0.0134
-0.0128
-0.0129
-0.0095
-0.0106
-0.0087
-0.0096
-0.0067
-0.0085
-0.0103
-0.0135
-0.0154
-0.0140
-0.0150
-0.0197
-0.0154
-0.0106
-0.0049
0.0014
0.0094
0.0187
0.0253
0.0247
0.0166
0.0078
0.0019
0.0015
0.0033
