4.8630
5.0170
5.1620
5.3100
5.6520
5.9820
6.3040
6.4610
6.6500
6.7280
6.9210
7.0660
7.0780
7.0370
6.9690
6.8410
6.6970
6.7200
6.7050
6.3340
6.6030
6.7690
6.7890
6.6910
6.5110
6.2920
6.2100
6.1040
7.2170
7.4750
7.4850
7.0820
6.6570
6.5160
6.4840
6.4670
6.3940
6.3050
6.3130
6.1770
6.1960
6.1720
6.0020
5.9040
5.8920
5.8010
5.7200
5.6630
5.5980
5.4330
5.3130
4.9810
4.7990
4.6180
4.4590
4.4760
4.5170
4.4580
4.1480
4.0010
4.0760
4.0010
3.8070
3.5850
3.3580
3.2900
3.3220
3.4720
3.3910
3.4020
3.2910
3.4150
3.2050
2.9290
3.5670
3.2630
2.5790
2.3190
2.2070
2.5880
2.1170
1.5380
0.6870
0.6730
0.9120
1.2210
1.8510
2.3520
2.6130
3.3210
4.1190
4.3220
4.5160
4.3620
4.7060
4.9390
4.7980
5.0450
5.2910
5.0960
5.1260
4.8100
4.4870
4.1950
3.9810
4.0160
4.3270
4.7100
4.8760
4.7000
4.3970
4.1910
4.4270
4.4070
3.9750
3.7530
4.0710
4.4270
4.5020
4.6310
4.5050
4.4470
4.4950
4.4980
4.4610
4.5650
4.6560
4.7060
4.7470
4.7020
4.5670
4.4170
4.3420
4.3000
4.3190
4.3610
4.3610
4.3200
4.2520
4.1290
4.0110
3.9120
3.8490
3.8440
3.8590
3.7650
3.5810
3.4170
3.2910
3.2050
3.0810
2.9310
2.7770
2.6050
2.4640
2.3220
2.1890
2.0120
1.8480
1.9680
2.3340
2.7690
3.0830
3.3540
3.6840
4.1380
4.5020
4.5940
4.5710
4.5910
4.5660
4.4990
4.4760
4.4970
4.4990
4.6090
4.7350
5.0090
5.5610
5.9340
5.8360
5.7640
5.7370
5.7130
5.6720
5.6460
5.6340
5.6190
5.5840
5.5650
5.5970
5.7050
5.8700
5.9480
5.9760
6.0870
6.2040
6.1580
6.0790
6.0200
5.9390
5.8040
5.6480
5.5070
5.3840
5.3130
5.2810
5.2630
5.2150
4.9620
4.7710
4.6090
4.0220
3.5830
3.3230
3.3040
3.3410
3.2430
3.0930
2.9560
2.7830
2.5640
2.3830
2.2250
2.0550
1.8840
1.7140
1.6040
1.5800
1.6170
1.7460
1.9190
2.1110
2.2950
2.4020
2.4610
2.5120
2.5770
2.7140
3.3140
3.7570
3.9240
4.0480
4.1440
4.3080
4.5390
4.8280
5.1080
5.4090
5.6670
5.6560
5.4510
4.9180
4.5610
4.8080
5.3320
5.6070
5.7590
5.6330
5.8800
6.1250
6.1290
6.1440
6.1660
6.3820
6.7080
6.4660
6.4390
6.5160
6.6940
6.7690
6.5480
6.6680
6.7530
6.8720
6.6410
6.6210
6.6050
6.6980
6.4590
6.4390
6.2820
6.1690
6.0230
5.9680
5.9450
5.8340
5.6080
5.1560
4.9240
4.7910
4.8700
5.2310
5.6810
5.5660
5.3990
5.5180
5.8830
6.3770
6.2400
5.7970
5.6980
6.8310
7.3010
6.9940
6.8740
7.6180
7.9050
8.1820
8.1960
8.3440
8.2600
8.3340
8.4580
8.6420
8.7440
9.0260
9.6210
9.9830
10.2420
10.3740
10.5050
10.2890
10.6380
10.8230
10.9280
11.2570
11.4980
11.5700
11.5580
11.1990
10.8920
9.7950
9.8620
10.6570
9.9050
10.5670
11.8490
11.0290
11.1810
10.3780
9.0900
9.3720
9.8540
9.9110
9.8220
9.9610
9.2880
8.2700
7.6060
6.7920
6.5020
6.1430
5.6300
4.9810
4.5010
4.4800
4.4640
4.3790
4.5720
4.8480
4.9300
4.7880
4.8060
4.9560
5.1720
5.2940
5.3370
5.3240
5.3200
5.1020
4.8390
4.5690
4.4290
4.4340
4.6050
4.7970
