-50.0520
-30.4510
-40.8850
-31.2390
25.1180
34.4470
18.8640
44.2610
53.9760
65.0140
68.4530
92.6400
102.2900
112.2400
122.3500
133.7700
155.7000
164.2300
175.7300
175.6300
170.3000
187.5100
206.4200
214.4200
227.7300
233.1500
247.1500
279.9900
319.9100
347.4900
370.8400
390.8700
412.1100
427.4700
447.5100
467.0700
477.2800
479.6000
490.9800
484.5500
473.7000
479.3700
491.5500
512.7000
521.0700
520.1800
518.1900
529.2500
538.2900
541.5900
545.0500
548.6100
550.0700
561.7100
560.7900
562.2300
561.2500
553.2600
551.7900
548.6200
556.6500
544.3500
537.2500
546.5300
558.6500
583.2400
588.7900
612.7300
643.1400
671.4600
671.6300
673.4900
662.5700
693.7900
753.0700
780.8800
745.8600
741.7900
728.6700
732.2300
799.2200
835.6400
812.6400
809.8700
814.2600
838.0400
833.1000
785.1800
762.6400
782.6200
805.2300
843.9300
852.4000
848.5000
831.4700
813.2900
811.0900
815.9200
805.7900
813.5700
823.0400
835.4800
828.5100
826.6700
836.4300
858.6300
872.3800
872.4300
869.9200
879.1300
912.3200
968.2700
1000.6000
1016.4000
1016.8000
1015.2000
1021.4000
1028.8000
1040.8000
1059.7000
1057.4000
1047.9000
1041.6000
1035.8000
1040.7000
1038.4000
1045.3000
1045.9000
1047.0000
1052.6000
1059.1000
1066.6000
1066.8000
1064.7000
1069.5000
1052.7000
1037.3000
1031.1000
1026.1000
1027.7000
1019.8000
1011.4000
997.3900
986.4600
985.2800
982.8500
979.9300
964.5000
946.1400
936.8800
933.6800
936.2800
932.7600
923.6700
914.7100
907.7900
904.4200
903.2500
904.0100
918.6800
926.2900
928.7300
936.9200
942.7600
952.3300
961.9900
979.1800
993.0100
1001.8000
1013.4000
1019.8000
1028.2000
1041.2000
1050.0000
1058.1000
1068.4000
1076.7000
1087.9000
1093.8000
1100.2000
1107.5000
1114.6000
1125.5000
1095.8000
1067.5000
1061.9000
1062.4000
1077.2000
1076.1000
1066.4000
1042.7000
1032.1000
1034.1000
1035.4000
1037.1000
1046.8000
1042.5000
1034.9000
1028.1000
1025.3000
1027.9000
1030.2000
1039.5000
1041.9000
1047.9000
1057.2000
1062.3000
1086.8000
1109.5000
1114.3000
1112.6000
1104.9000
1106.5000
1114.2000
1131.0000
1139.8000
1143.9000
1149.1000
1153.6000
1149.4000
1154.7000
1153.0000
1150.7000
1146.7000
1139.6000
1133.3000
1127.3000
1125.3000
1124.1000
1120.9000
1116.0000
1084.2000
1058.1000
1045.2000
1038.1000
1036.9000
1026.9000
1013.5000
990.5700
979.1400
978.0100
971.7700
968.3100
970.2600
961.4600
950.8800
941.7400
933.7500
928.9200
923.7400
924.8500
909.8700
898.5900
893.6200
893.7600
916.4100
929.8800
939.0900
953.9700
960.9800
964.3400
984.6500
997.4600
1012.5000
1020.4000
1017.7000
1051.8000
1062.2000
1071.3000
1068.8000
1070.9000
1084.3000
1089.2000
1088.0000
1088.7000
1098.9000
1111.2000
1121.9000
1115.6000
1080.2000
1032.2000
1030.5000
1018.5000
1023.2000
1008.4000
981.6800
950.2100
933.1600
926.4900
910.4500
905.3000
924.7300
912.7500
897.5000
886.9300
880.1900
873.4200
857.7500
865.3200
857.3400
841.8000
851.7700
823.4900
861.1800
888.7800
909.6900
897.6200
881.8500
878.0300
885.4800
894.7200
906.9300
901.9100
891.6500
883.4700
845.0300
829.2700
795.4600
773.3400
760.5900
745.2900
718.5800
728.7600
678.4600
637.2300
632.4000
590.6100
533.6500
497.6300
472.0900
455.6300
418.5700
405.2100
364.5600
332.6000
341.5400
283.6900
210.7700
207.3100
197.0900
224.6200
201.7100
153.5500
130.5300
136.1900
96.4080
92.6040
93.3340
96.2040
90.9680
94.2210
94.4610
125.3800
119.2300
134.5600
121.7900
144.0700
148.3200
154.5900
179.6700
178.3500
189.7100
194.2800
192.3300
196.1600
218.9100
245.1200
263.3200
275.2100
275.2000
269.5800
288.0400
295.9800
296.8500
298.8000
267.2600
244.1400
