6.9158
7.1606
7.3909
7.6253
8.1689
8.6926
9.2033
9.4519
9.7520
9.8755
10.1824
10.4114
10.4305
10.3665
10.2582
10.0555
9.8271
9.8636
9.8392
9.2508
9.6769
9.9408
9.9729
9.8173
9.5320
9.1839
9.0535
8.8856
10.6515
11.0614
11.0764
10.4376
9.7626
9.5388
9.4881
9.4619
9.3464
9.2050
9.2169
9.0010
9.0310
8.9941
8.7230
8.5686
8.5487
8.4050
8.2764
8.1853
8.0819
7.8209
7.6297
7.1033
6.8153
6.5281
6.2756
6.3030
6.3672
6.2741
5.7826
5.5491
5.6678
5.5491
5.2409
4.8885
4.5282
4.4198
4.4715
4.7086
4.5799
4.5979
4.4221
4.6192
4.2851
3.8483
4.8604
4.3771
3.2914
2.8797
2.7016
3.3059
2.5585
1.6396
0.2895
0.2673
0.6468
1.1369
2.1362
2.9313
3.3460
4.4700
5.7363
6.0577
6.3657
6.1212
6.6669
7.0371
6.8128
7.2057
7.5948
7.2868
7.3341
6.8328
6.3199
5.8560
5.5171
5.5717
6.0654
6.6733
6.9369
6.6583
6.1777
5.8502
6.2249
6.1932
5.5080
5.1556
5.6596
6.2248
6.3433
6.5489
6.3481
6.2568
6.3325
6.3375
6.2785
6.4437
6.5885
6.6668
6.7321
6.6613
6.4459
6.2088
6.0892
6.0232
6.0524
6.1193
6.1197
6.0541
5.9470
5.7515
5.5640
5.4078
5.3076
5.2989
5.3235
5.1734
4.8823
4.6211
4.4213
4.2857
4.0891
3.8514
3.6062
3.3331
3.1101
2.8838
2.6728
2.3927
2.1329
2.3223
2.9026
3.5942
4.0914
4.5220
5.0459
5.7660
6.3428
6.4891
6.4536
6.4848
6.4450
6.3390
6.3017
6.3363
6.3386
6.5139
6.7129
7.1479
8.0234
8.6164
8.4601
8.3456
8.3040
8.2658
8.2001
8.1590
8.1404
8.1164
8.0612
8.0310
8.0810
8.2521
8.5139
8.6382
8.6832
8.8592
9.0435
8.9715
8.8452
8.7528
8.6243
8.4089
8.1622
7.9384
7.7426
7.6311
7.5801
7.5509
7.4751
7.0730
6.7700
6.5133
5.5819
4.8852
4.4720
4.4428
4.5019
4.3452
4.1075
3.8896
3.6158
3.2680
2.9812
2.7297
2.4612
2.1891
1.9195
1.7444
1.7075
1.7661
1.9699
2.2456
2.5488
2.8422
3.0109
3.1056
3.1861
3.2882
3.5065
4.4581
5.1614
5.4263
5.6228
5.7752
6.0355
6.4017
6.8615
7.3045
7.7834
8.1929
8.1742
7.8490
7.0031
6.4373
6.8284
7.6608
8.0971
8.3374
8.1380
8.5303
8.9183
8.9256
8.9489
8.9840
9.3268
9.8447
9.4597
9.4175
9.5390
9.8215
9.9407
9.5896
9.7807
9.9160
10.1044
9.7384
9.7054
9.6804
9.8283
9.4494
9.4173
9.1673
8.9889
8.7576
8.6705
8.6333
8.4569
8.0978
7.3815
7.0137
6.8027
6.9277
7.5008
8.2151
8.0315
7.7667
7.9562
8.5345
9.3194
9.1018
8.3979
8.2419
10.0387
10.7849
10.2984
10.1077
11.2873
11.7431
12.1824
12.2058
12.4393
12.3069
12.4242
12.6217
12.9135
13.0748
13.5217
14.4667
15.0404
15.4518
15.6610
15.8690
15.5270
16.0795
16.3730
16.5405
17.0627
17.4440
17.5591
17.5393
16.9700
16.4833
14.7430
14.8485
16.1106
14.9164
15.9677
18.0016
16.7006
16.9425
15.6673
13.6245
14.0720
14.8365
14.9262
14.7848
15.0057
13.9386
12.3233
11.2687
9.9774
9.5175
8.9481
8.1340
7.1036
6.3418
6.3087
6.2830
6.1477
6.4550
6.8921
7.0225
6.7967
6.8259
7.0645
7.4067
7.5998
7.6682
7.6473
7.6420
7.2958
6.8777
6.4505
6.2279
6.2353
6.5068
6.8114
