2.3929
2.6005
2.7398
2.7060
2.5727
2.3436
1.9954
1.6674
1.5200
1.4601
1.4122
1.2531
1.0014
0.7410
0.5106
0.3445
0.2926
0.3969
0.3147
0.3498
0.3817
0.3866
0.3770
0.3384
0.2645
0.3880
0.4517
-0.2164
-1.6189
-1.6803
-1.9016
-2.1487
-2.2975
-2.3715
-2.4094
-2.4767
-2.5591
-2.6068
-2.7066
-2.8376
-2.8902
-3.0041
-3.1343
-3.2092
-3.3034
-3.3429
-3.2134
-3.0764
-3.0007
-2.9892
-3.0333
-3.1165
-3.2018
-3.2109
-3.1626
-3.1203
-3.0781
-3.1347
-3.2877
-3.4352
-3.4696
-3.4469
-3.5109
-3.6257
-3.7220
-3.8803
-4.0025
-4.0811
-4.1662
-4.2593
-4.2332
-4.2780
-3.9441
-4.1929
-4.5082
-4.2628
-3.6822
-3.1421
-2.7339
-2.5821
-2.7235
-2.8782
-3.3171
-3.3606
-3.3312
-3.3914
-3.5024
-3.6542
-3.8244
-4.2365
-4.8216
-5.1764
-5.4923
-5.6803
-6.2751
-7.2148
-7.8417
-8.0644
-7.9598
-8.0079
-8.1709
-8.1004
-8.1437
-8.3999
-8.6514
-8.8005
-8.9127
-8.9492
-8.8860
-9.0662
-9.4369
-9.7395
-9.6539
-9.5139
-9.3461
-9.0673
-8.6673
-8.2896
-7.8917
-7.5311
-7.1501
-6.7675
-6.4439
-6.1524
-5.8553
-5.5607
-5.2124
-4.8612
-4.5655
-4.3327
-4.1117
-3.8400
-3.5448
-3.2555
-2.9657
-2.6806
-2.3895
-2.0876
-1.8051
-1.5381
-1.2740
-1.0278
-0.7970
-0.5886
-0.4036
-0.2204
-0.0410
0.1058
0.2275
0.3176
0.3935
0.4625
0.4956
0.4961
0.4542
0.4190
0.3858
0.2707
0.1148
0.0555
0.0681
0.0858
0.0705
-0.0415
-0.3123
-0.4346
-0.3741
-0.2944
-0.2620
-0.2421
-0.2322
-0.3901
-0.4966
-0.5473
-0.8185
-1.2279
-1.5404
-1.8057
-2.1035
-2.1021
-2.2138
-2.2022
-2.2099
-2.2740
-2.3150
-2.4386
-2.5622
-2.7073
-2.8901
-3.1505
-3.4187
-3.6091
-3.6262
-3.6339
-3.7483
-3.7292
-3.6621
-3.7350
-3.8166
-3.8237
-3.8462
-3.8436
-3.8535
-3.8907
-3.9887
-4.1424
-4.3033
-4.4472
-4.6468
-5.0458
-5.1557
-5.1612
-5.0825
-4.7977
-4.4174
-3.9475
-3.4755
-3.1119
-2.6928
-2.3300
-1.9919
-1.6441
-1.3364
-1.0489
-0.7450
-0.4714
-0.2220
0.0068
0.1846
0.3425
0.4944
0.5917
0.6006
0.5407
0.5294
0.5559
0.5960
0.6515
0.6991
0.2840
-0.2271
-0.3549
-0.4015
-0.4641
-0.4817
-0.4264
-0.4132
-0.1848
0.0421
0.1523
0.0879
0.0041
0.0723
0.1025
0.0960
-0.1342
-0.5152
-0.9084
-1.3528
-1.7750
-2.2189
-2.6117
-2.9641
-3.1592
-3.1826
-3.2349
-3.4464
-3.8314
-4.0923
-4.1487
-4.4802
-4.8165
-4.9886
-5.0198
-5.1324
-5.2987
-5.4231
-5.4988
-5.6117
-5.7971
-5.7974
-5.9594
-6.0567
-6.2083
-6.2916
-6.2791
-6.3157
-6.3127
-6.4343
-6.5464
-6.7176
-6.9095
-7.1480
-7.4691
-7.4879
-7.6138
-7.9709
-8.1488
-8.3880
-8.3373
-8.4443
-8.7321
-8.8066
-9.0265
-9.2025
-9.3179
-9.3227
-9.2115
-9.0578
-8.8992
-8.7345
-8.5353
-8.3320
-8.1746
-8.0067
-7.7911
-7.4960
-7.1611
-6.9745
-7.0453
-7.1104
-7.1361
-7.0850
-6.9694
-6.7497
-6.4037
-6.1308
-6.0092
-5.9738
-5.8089
-5.5993
-5.3991
-5.0022
-4.3141
-3.8581
-4.0470
-4.2348
-4.2193
-4.0984
-3.9169
-3.9846
-3.8335
-2.1318
-1.2206
-1.4585
-1.2697
-0.7082
-0.6777
-0.5074
-0.3289
-0.3528
-0.4678
-0.4583
-0.3556
-0.2702
-0.2468
-0.2206
0.0090
0.2468
0.2202
-0.0004
-0.2443
-0.5853
-0.8920
-1.2068
-1.4645
-1.7226
-2.0730
-2.4209
-2.7464
-3.0698
-3.3467
-3.5950
-3.8574
-4.0487
-4.1818
-4.2878
