5.9729
6.1487
6.2123
6.3606
6.7017
7.1650
7.6919
8.2281
8.8111
9.1359
9.5921
9.9507
10.1009
10.1442
10.1013
9.9457
9.7478
9.8483
9.8319
9.2501
9.6678
9.8795
9.8123
9.5189
9.0494
8.5063
7.9727
5.7283
4.3721
4.4322
3.9749
2.9917
2.2506
1.6140
1.2526
1.0582
0.8293
0.4811
0.3050
0.1017
-0.2735
-0.8147
-1.3131
-1.4989
-1.8508
-2.0522
-1.7645
-1.4371
-1.2078
-1.3052
-1.4295
-1.6855
-1.6357
-1.4768
-1.4317
-1.2611
-1.1516
-1.4617
-1.9370
-1.8443
-1.6991
-1.7935
-2.0438
-1.9071
-1.8512
-1.6656
-1.6687
-1.2774
-1.0065
-0.3833
-0.7451
-1.0207
-2.0732
-0.9036
0.4168
0.4600
-0.5087
-0.5572
-0.6076
-0.7531
0.5770
1.4142
0.2889
0.2653
-0.3773
-0.3129
-0.7580
-0.9145
-0.6416
-0.5466
-0.5332
-0.6892
-0.1837
0.2282
0.3881
0.4327
0.4643
0.7016
0.6511
0.6752
1.0373
1.2133
1.2154
1.4679
2.2136
3.0129
3.5461
3.6759
3.5035
3.8301
4.6082
5.1692
5.3543
4.9521
4.4778
4.1983
4.4586
4.5610
4.6513
4.9644
5.0066
5.1070
5.3837
5.4522
5.5487
5.7258
5.9653
6.1902
6.3432
6.3610
6.1968
6.0541
6.0221
5.9912
6.0396
6.1182
6.1197
6.0529
5.9427
5.7461
5.5596
5.3969
5.2744
5.2110
5.2218
5.1015
4.8362
4.5804
4.3572
4.1863
3.9775
3.7492
3.4946
3.1994
3.0004
2.8220
2.6513
2.3879
2.1212
2.2233
2.6330
3.2602
3.7384
3.9709
4.1069
4.6732
5.3038
5.5002
5.5479
5.6883
5.6798
5.4865
5.3881
5.4024
5.1782
4.8340
4.5835
4.3002
4.6205
5.3364
5.5393
5.6706
5.5729
5.5277
5.6122
5.7112
5.7636
5.6861
5.5708
5.5075
5.4979
5.5639
5.7555
6.0545
6.2352
6.4084
6.6286
6.7280
6.7095
6.6287
6.5369
6.4529
6.3796
6.3042
6.2154
6.1453
6.1269
6.1046
6.0286
5.6370
5.2942
5.0294
4.3264
3.7827
3.5028
3.5529
3.7129
3.6245
3.4861
3.3353
3.0988
2.7827
2.5028
2.2333
1.9177
1.5732
1.1697
0.7144
0.2663
-0.2044
-0.7115
-1.2382
-1.8060
-2.3225
-2.5883
-2.7551
-2.8949
-3.0072
-3.2212
-4.2030
-4.9960
-5.2610
-5.4425
-5.5813
-5.8056
-6.1213
-6.5245
-6.8734
-7.3118
-7.6599
-7.4976
-7.0356
-6.0145
-4.8879
-3.5457
-3.3538
-3.7415
-3.9153
-3.9353
-3.8226
-3.6778
-3.4170
-3.4814
-3.2775
-3.2391
-3.5301
-2.4945
-1.7273
-1.4726
-1.7748
-1.6359
-1.3761
-1.3282
-1.6686
-1.9411
-1.6880
-1.5650
-1.2449
-1.4059
-1.1321
-1.5787
-0.9117
-0.8085
-0.7888
-0.6303
-0.8904
-0.7644
-0.3561
0.1058
0.1836
0.5383
1.3746
1.4871
1.1095
0.2581
-0.6409
-1.3759
-1.1966
-1.5614
-2.9672
-3.1932
-3.4761
-5.2531
-6.4723
-6.9530
-7.6893
-8.6813
-9.5338
-10.3433
-10.8499
-11.1154
-11.0919
-11.4095
-11.8504
-12.3209
-12.4847
-12.8049
-13.5078
-13.7699
-14.2059
-14.3236
-14.5020
-14.3053
-14.8878
-15.1645
-15.1024
-15.3166
-15.6505
-15.4655
-15.2003
-14.5342
-14.4866
-13.0200
-12.4683
-12.5629
-12.4143
-14.0722
-15.7999
-14.4550
-14.8333
-14.4524
-12.6277
-10.4507
-9.9566
-9.7056
-10.4134
-8.9196
-7.3660
-6.6246
-5.7023
-5.1630
-5.0922
-3.7127
-3.0409
-1.6264
-0.7367
0.2399
1.6727
3.6676
5.4494
6.3341
6.6449
6.5944
6.7443
6.9893
7.2973
7.3931
7.5091
7.5122
7.5609
7.2405
6.7925
6.3837
6.1835
6.2107
6.5068
6.7911
