3.4861
3.6698
4.0040
4.2058
4.6709
4.9218
5.0533
4.6515
4.1793
3.7497
3.4167
3.0628
2.6014
2.1353
1.7872
1.4820
1.2459
0.5505
0.3791
0.1157
-0.4193
-1.1023
-1.7823
-2.4022
-2.9943
-3.4622
-4.2898
-6.7927
-9.7129
-10.1347
-10.3386
-9.9996
-9.4996
-9.4012
-9.4051
-9.4026
-9.3095
-9.1925
-9.2118
-9.0004
-9.0268
-8.9572
-8.6237
-8.4365
-8.3460
-8.1506
-8.0861
-8.0581
-7.9911
-7.7113
-7.4946
-6.9004
-6.6162
-6.3589
-6.1102
-6.1755
-6.2622
-6.1014
-5.4486
-5.2336
-5.4071
-5.2512
-4.8260
-4.5012
-4.1325
-4.0940
-4.1485
-4.5320
-4.4679
-4.5818
-4.3589
-4.5050
-3.7501
-3.7407
-4.8425
-4.3529
-3.2518
-2.8252
-2.6324
-3.2190
-2.4926
-0.8298
-0.0194
0.0326
0.5253
1.0929
1.9972
2.7850
3.2839
4.4365
5.7115
6.0184
6.3631
6.1170
6.6556
7.0238
6.7970
7.1714
7.5669
7.2554
7.2604
6.7242
6.2020
5.6690
5.0535
4.6869
4.9208
5.5696
5.9871
5.4464
4.1144
2.7394
3.1750
3.7191
3.2074
2.9923
3.4859
4.2361
4.3132
4.2712
3.9029
3.6147
3.3342
3.2306
2.9380
2.9557
2.7970
2.4754
2.2550
1.9777
1.7743
1.3773
0.9014
0.6207
0.3927
0.1167
-0.0250
-0.1200
-0.2258
-0.2500
-0.2213
-0.3431
-0.5924
-0.9611
-1.0358
-0.8596
-0.6692
-0.6119
-0.7500
-0.9175
-0.9488
-0.8815
-0.8904
-0.9344
-0.8189
-0.5934
-0.3381
-0.1527
0.2228
0.6708
1.2216
1.5132
1.6624
2.1634
2.9316
3.3775
3.4786
3.4433
3.2968
3.1140
3.0460
3.1751
3.2679
3.3110
3.6556
4.3661
4.9045
5.7097
6.5594
6.7650
6.3945
6.1232
6.1562
6.1456
5.9787
5.8267
5.7486
5.7918
5.8266
5.8449
5.9225
6.0943
6.2738
6.1613
6.0432
6.1170
6.1520
5.9348
5.7637
5.7159
5.6256
5.3917
5.0913
4.8244
4.6169
4.5243
4.4631
4.4440
4.4197
4.2723
4.2195
4.1385
3.5271
3.0914
2.7801
2.6675
2.5459
2.3967
2.1721
2.0012
1.8632
1.7137
1.6197
1.5696
1.5427
1.5223
1.5219
1.5914
1.6866
1.7543
1.8370
1.8733
1.7986
1.6384
1.5383
1.4333
1.3307
1.3302
1.3854
1.4865
1.2964
1.3290
1.4125
1.4839
1.6496
1.8739
2.1241
2.4722
2.6681
2.9066
3.2562
3.4796
3.5874
4.1890
5.8357
6.8877
7.1808
7.3609
7.1232
7.6259
8.1246
8.2456
8.2440
8.3648
8.7463
9.1901
9.1249
9.2578
9.4246
9.6599
9.8052
9.4904
9.6900
9.7746
9.9162
9.5910
9.5784
9.6000
9.7273
9.3813
9.2841
9.1219
8.9524
8.7220
8.6476
8.5873
8.4223
8.0899
7.3808
7.0113
6.7813
6.7899
7.3519
8.1398
8.0274
7.7402
7.8363
8.4502
9.1876
8.6046
7.7671
7.4730
8.5545
8.6269
7.5969
6.5606
7.2138
6.8562
6.4363
5.5912
5.5843
5.3319
4.9178
4.3448
3.8672
3.8839
4.3440
5.1792
6.0502
6.0788
6.3326
6.4434
6.0370
6.0748
6.1733
6.7458
7.5190
7.7042
8.3150
8.7509
8.7599
7.8636
6.9162
8.0634
10.0859
8.2695
7.5459
8.6267
8.3644
8.1866
6.0491
5.1155
9.4236
10.9994
11.3399
10.4954
12.0670
11.8333
10.3913
9.7194
8.5377
8.0407
8.1416
7.5442
6.9149
6.2988
6.3041
6.0563
4.9338
3.4599
2.7167
2.2717
1.6458
1.0522
1.0277
1.2680
1.7604
1.5536
1.4308
1.1105
0.8970
1.0794
0.9265
0.7417
0.5527
0.0172
-0.5252
