-0.0001
-0.0081
-0.0094
-0.0095
-0.0091
-0.0074
-0.0049
-0.0003
-0.0017
0.0014
0.0021
0.0024
-0.0006
-0.0004
-0.0026
-0.0033
-0.0017
0.0010
-0.0069
0.0024
0.0045
0.0018
0.0005
0.0016
-0.0058
0.0084
-0.0066
0.0999
0.0097
0.0417
0.0206
0.0128
0.0239
0.0317
0.0389
0.0442
0.0477
0.0594
0.0677
0.0678
0.0741
0.0631
0.0413
0.0256
0.0054
-0.0011
0.0203
0.0354
0.0415
0.0470
0.0464
0.0325
0.0259
0.0252
0.0288
0.0328
0.0312
0.0191
-0.0039
-0.0085
-0.0065
-0.0141
-0.0210
-0.0273
-0.0189
-0.0139
-0.0099
-0.0069
-0.0134
-0.0110
-0.0211
-0.0318
-0.0238
0.0072
-0.0308
-0.0692
-0.0507
-0.0326
-0.0450
-0.0219
-0.0110
-0.0486
-0.0368
-0.0316
-0.0418
-0.0348
-0.0160
-0.0086
-0.0017
0.0025
-0.0051
-0.0032
-0.0014
-0.0039
-0.0046
0.0046
0.0024
-0.0062
0.0003
0.0119
0.0148
0.0145
0.0207
0.0245
0.0197
0.0032
-0.0053
-0.0108
-0.0061
0.0137
0.0144
-0.0080
-0.0274
-0.0188
0.0004
-0.0020
-0.0068
-0.0078
-0.0006
-0.0014
0.0013
0.0055
-0.0004
-0.0073
-0.0012
0.0011
0.0015
0.0055
0.0110
0.0057
0.0017
0.0065
0.0124
0.0109
0.0093
0.0031
0.0007
0.0112
0.0076
0.0063
0.0139
0.0169
0.0169
0.0106
-0.0154
-0.0326
-0.0142
0.0234
0.0471
0.0448
0.0331
0.0410
0.0617
0.0922
0.1049
0.0938
0.0868
0.1005
0.1132
0.0947
0.0708
0.0535
0.0422
0.0391
0.0273
0.0118
0.0044
0.0009
0.0011
-0.0013
-0.0022
-0.0041
-0.0085
-0.0074
-0.0013
0.0050
0.0038
0.0004
-0.0044
-0.0089
-0.0073
-0.0075
-0.0055
-0.0059
-0.0043
-0.0020
-0.0013
-0.0013
-0.0024
-0.0024
-0.0032
-0.0065
-0.0074
-0.0066
-0.0063
-0.0060
-0.0066
-0.0073
-0.0067
-0.0064
-0.0059
-0.0067
-0.0069
-0.0061
-0.0046
-0.0032
-0.0031
-0.0037
-0.0049
-0.0056
-0.0079
-0.0084
-0.0069
-0.0067
-0.0066
-0.0028
0.0022
0.0023
0.0061
0.0084
0.0097
0.0134
0.0192
0.0259
0.0331
0.0427
0.0562
0.0710
0.0804
0.0772
0.0666
0.0498
0.0207
-0.0121
-0.0289
-0.0314
-0.0298
-0.0293
-0.0285
-0.0065
-0.0206
0.0055
0.0047
0.0026
0.0063
0.0096
0.0157
0.0169
0.0132
0.0086
0.0023
0.0043
0.0032
0.0147
0.0371
0.0322
0.0080
0.0008
0.0033
0.0016
-0.0073
-0.0148
-0.0144
-0.0068
-0.0059
-0.0022
0.0109
-0.0083
-0.0151
0.0024
-0.0112
-0.0057
-0.0074
-0.0104
-0.0131
-0.0036
-0.0097
-0.0174
-0.0010
-0.0113
-0.0142
-0.0067
-0.0102
-0.0040
-0.0073
-0.0032
0.0028
0.0023
-0.0084
-0.0067
-0.0073
-0.0118
-0.0188
-0.0060
-0.0259
-0.0236
-0.0091
0.0184
0.0146
-0.0178
0.0049
-0.0162
0.0026
0.0023
-0.0009
0.0037
-0.0157
-0.0085
0.0007
0.0034
-0.0028
0.0031
-0.0017
0.0041
0.0080
0.0022
-0.0083
-0.0019
-0.0028
0.0085
0.0074
0.0134
0.0133
0.0134
0.0222
0.0088
0.0277
0.0218
0.0024
0.0210
0.0207
-0.0063
0.0470
0.1297
0.0380
-0.0101
-0.0050
0.0236
-0.0014
-0.0061
0.0500
0.0528
0.0886
0.0037
0.0069
0.0122
0.0558
-0.0165
0.0002
-0.0078
0.0339
0.1381
0.0719
0.0071
-0.0064
0.0146
0.0271
0.0097
-0.0001
0.0025
-0.0039
-0.0062
-0.0104
-0.0081
-0.0123
-0.0051
-0.0022
-0.0013
-0.0027
-0.0019
0.0053
0.0128
0.0186
0.0185
-0.0004
-0.0118
-0.0168
