4.5990
4.9450
5.1010
5.1430
5.1840
5.2180
5.3310
5.2720
5.3070
5.3960
5.3810
5.3440
5.1670
5.1180
4.9700
4.7910
4.8450
4.4180
4.4150
4.3600
4.2760
4.2390
4.2080
4.0860
3.9390
3.9190
3.9410
3.9180
3.8100
3.7040
3.4420
3.2790
3.3160
3.1960
3.1010
3.3140
3.1470
3.1110
3.2280
3.2990
3.4620
3.3600
3.1180
2.7640
2.4310
2.3390
2.0340
1.8380
1.9480
1.7600
2.9730
3.6920
3.8670
3.8870
3.5970
3.3600
3.2990
3.1660
3.1630
3.1640
3.0500
3.1480
3.1100
3.0540
3.0650
3.3250
3.6130
3.8380
3.7430
3.6640
3.7200
4.0040
4.0940
4.1320
4.1390
4.4250
4.7800
4.9990
5.0350
5.0970
5.1730
5.0720
5.0310
4.9640
4.8680
4.8070
4.7050
4.6880
4.7860
4.8710
5.1010
5.3060
5.4680
5.5620
5.6660
5.7220
5.8080
5.8820
5.9300
6.0790
6.2050
6.2170
6.1310
6.1280
5.9850
5.9370
5.9520
5.8070
5.5860
5.4500
5.3570
5.3430
5.2940
5.1820
4.8100
4.5900
3.9480
3.4790
3.2690
3.4090
3.4520
3.3280
3.3200
3.4150
3.3040
3.2510
3.1690
3.1510
3.0570
3.0700
2.9830
2.9390
2.8330
2.8250
2.7420
2.8640
2.9140
3.1270
3.3120
3.4870
3.6110
3.5580
3.5960
3.6520
3.7470
3.8680
4.1230
4.3060
4.5760
4.9230
4.9710
5.3320
5.8510
6.0210
6.0340
6.0440
6.0740
6.0950
6.0000
6.1390
6.2960
6.0650
5.8690
5.8540
6.1800
6.1240
6.2340
6.2540
5.9700
6.0730
5.9590
6.0870
5.9490
5.8010
5.9040
5.9760
5.7590
5.7740
5.8250
5.8370
5.9100
6.1200
6.1670
6.3780
6.4590
6.2830
6.2260
6.1630
5.8800
5.7440
5.6030
5.6420
5.6090
5.6050
5.6950
5.7340
5.7970
5.8860
5.9320
5.9360
5.9680
6.0230
6.0330
6.0640
6.1440
6.1560
6.1410
6.1000
5.9220
5.7690
5.5760
5.2540
5.0550
5.0590
5.0340
4.8570
4.7170
4.5430
4.4010
4.2650
4.2500
4.3560
4.6040
4.8910
5.1970
5.4830
5.7460
5.9180
6.0140
6.1170
6.1920
6.2890
6.3970
6.4260
6.4260
6.4190
6.3480
6.2180
6.0990
6.0330
6.0460
6.0740
6.0960
6.1860
6.3460
6.4150
6.3860
6.4360
6.4530
6.3470
6.3560
6.3780
6.3430
6.1440
6.0460
5.9340
5.9130
5.7920
5.7330
5.7560
5.5850
5.4800
5.4610
5.4510
5.1750
5.0840
5.1860
5.1110
4.9320
5.1230
5.1590
5.4220
5.6310
5.6650
5.7400
5.7060
5.7450
5.5340
5.3630
5.4460
5.4590
5.5230
5.5090
5.4510
5.5330
5.6010
5.7160
5.7890
5.6160
5.6720
5.7230
5.5440
5.2710
5.1690
5.2940
5.3740
5.5230
5.4880
5.3250
5.1910
5.1130
5.0540
4.9010
4.6470
4.5000
4.4210
4.2790
3.9110
4.0540
4.2150
4.2840
4.3550
4.2990
4.1870
4.1500
4.1250
3.9950
3.8780
3.7780
3.6650
3.5560
3.5430
3.5300
3.5500
3.5190
3.4420
3.5460
3.7140
4.0570
4.3950
4.5000
4.4900
4.4450
4.5200
4.6800
4.8880
4.6030
4.1830
4.5480
4.6200
4.8720
4.8150
4.6850
4.6660
5.2120
5.3670
5.8370
5.4330
5.6450
5.2000
5.8340
5.9870
5.8600
5.2010
4.3600
4.3970
4.3960
4.2860
4.4830
4.4950
4.3240
4.3540
3.3590
4.5400
3.0180
7.6500
9.0620
8.7960
6.8860
5.9890
6.3570
6.6090
6.6930
6.6080
6.7000
6.5510
6.5080
