-44.9560
-32.9340
25.3400
32.9770
59.2740
47.3550
53.3290
67.6150
80.0800
114.2500
118.6000
138.6900
145.4900
137.3000
157.4100
182.3000
200.6400
195.4600
201.6600
208.2400
219.7500
239.2200
256.7800
262.6800
280.3000
284.3500
293.6600
329.2500
359.1800
392.2200
384.8400
369.2100
387.7300
376.4700
373.3600
381.5900
364.0300
366.3500
318.7100
354.8500
349.3500
350.7100
356.3300
356.0100
358.2400
370.6800
369.7900
365.9200
352.2500
383.6500
380.2900
382.4900
374.8600
346.6500
354.7100
383.8500
388.7300
402.3300
412.3300
360.6900
373.5900
384.0900
398.6600
388.6600
402.0800
425.2900
455.2900
480.6900
488.5400
491.2500
491.1700
492.5400
502.0100
515.9800
527.8000
534.0400
540.9400
552.9100
553.5900
564.4600
570.7000
572.4800
570.5800
582.5200
588.4600
594.6600
603.3100
594.1400
575.7000
584.2800
594.2300
608.5400
613.5500
610.4700
599.9600
596.1100
603.3600
605.7400
608.5600
613.1400
610.9100
603.7400
597.6500
587.3600
582.0000
573.8500
573.1200
565.9100
566.5400
565.4900
565.6400
596.9800
621.3900
625.4000
629.0800
622.0100
626.4200
643.1100
666.0200
682.3100
684.2400
689.3800
688.9900
686.5400
697.6000
698.8200
698.1800
688.7100
682.5400
675.7300
666.5900
678.5600
671.7700
675.2300
675.3300
656.1700
635.1600
627.6200
617.1000
606.7700
589.0800
567.4800
534.5100
511.3000
503.3300
486.9300
474.6500
458.1400
443.3200
438.4100
434.6300
447.6700
447.3100
460.1900
459.9700
467.8400
456.6900
453.3900
461.0400
492.6700
491.2700
506.1500
510.5800
511.1600
505.3700
525.2900
524.7200
541.6800
566.7600
576.2600
600.3000
599.2100
616.1400
632.2000
639.6400
644.2800
656.6400
658.5600
658.6400
668.9400
670.0500
660.3000
669.6700
633.0300
600.5900
596.7500
593.2700
594.5200
599.3000
590.8000
578.6300
571.5100
570.4700
574.6100
570.4400
577.6900
576.9900
566.4700
560.4700
559.3200
556.1800
547.9600
550.2200
541.5000
543.7000
545.2800
542.4000
567.1900
595.6600
607.1200
612.7900
615.5900
625.4700
636.9300
656.8800
664.7800
664.7500
668.0500
670.0300
656.0600
654.4700
654.8600
656.7200
659.2300
657.7300
653.6600
649.9300
651.5100
649.1200
649.9400
647.3900
623.4000
595.8000
577.6700
567.8900
556.3500
542.0400
525.4800
497.5600
482.1200
472.5400
458.0200
456.5700
445.2300
432.1800
425.9500
419.7600
417.6900
402.9400
422.5100
418.2600
408.3500
413.5200
422.0900
417.1300
442.7700
457.1900
476.6400
489.6900
486.3900
506.6000
518.4200
533.0300
527.2900
540.7400
548.2500
537.4400
531.3800
544.4900
535.6700
562.7700
549.6000
544.0000
557.1800
557.4700
574.8100
580.8100
610.4800
622.6400
568.8000
545.8100
526.2000
532.8400
540.9300
537.4600
521.0200
486.8700
460.3300
467.2700
463.6700
451.5100
470.6400
477.5600
475.0100
464.3500
454.2300
446.9600
449.6200
457.3600
458.4900
456.0000
454.3400
455.0500
498.5600
525.6800
536.5300
538.5900
535.0600
539.4900
545.1600
561.2100
565.7100
563.4100
566.9300
573.2300
567.8000
566.8500
573.7000
579.9900
575.5300
569.4200
565.9100
555.7800
553.0700
546.6200
544.1500
534.5600
501.5900
465.4500
439.8700
434.2500
424.5500
405.0900
392.9000
371.1700
360.9400
364.7600
355.3600
313.8000
292.6400
282.7100
288.8200
276.1900
275.6800
241.2700
246.6100
223.9500
252.0000
250.6900
306.1900
287.5100
314.3700
333.3400
381.9100
412.6400
421.9200
412.7800
414.1400
421.0000
447.5300
468.9900
493.4700
518.5500
558.0800
553.8000
418.2600
403.9000
413.5200
408.1200
402.7800
390.2200
383.6100
392.7800
401.5900
400.7300
375.8600
348.5600
