6.4968
7.0466
7.2945
7.3614
7.4253
7.4802
7.6596
7.5654
7.6202
7.7617
7.7379
7.6800
7.3994
7.3208
7.0869
6.8024
6.8885
6.2106
6.2053
6.1178
5.9847
5.9265
5.8770
5.6836
5.4496
5.4188
5.4541
5.4165
5.2460
5.0777
4.6617
4.4021
4.4616
4.2708
4.1203
4.4582
4.1939
4.1364
4.3219
4.4343
4.6940
4.5319
4.1481
3.5859
3.0577
2.9119
2.4271
2.1165
2.2907
1.9932
3.9169
5.0583
5.3365
5.3678
4.9068
4.5308
4.4344
4.2232
4.2195
4.2198
4.0400
4.1958
4.1350
4.0460
4.0635
4.4758
4.9329
5.2898
5.1392
5.0140
5.1028
5.5537
5.6956
5.7571
5.7671
6.2217
6.7853
7.1326
7.1897
7.2880
7.4078
7.2480
7.1824
7.0762
6.9245
6.8272
6.6653
6.6389
6.7940
6.9298
7.2945
7.6197
7.8771
8.0254
8.1907
8.2797
8.4162
8.5326
8.6102
8.8453
9.0462
9.0642
8.9291
8.9231
8.6968
8.6201
8.6445
8.4140
8.0634
7.8482
7.6996
7.6786
7.6006
7.4223
6.8324
6.4828
5.4641
4.7198
4.3868
4.6090
4.6780
4.4805
4.4684
4.6180
4.4419
4.3582
4.2280
4.2000
4.0501
4.0716
3.9326
3.8636
3.6952
3.6827
3.5507
3.7439
3.8241
4.1619
4.4549
4.7329
4.9298
4.8456
4.9065
4.9941
5.1461
5.3368
5.7428
6.0331
6.4606
7.0108
7.0870
7.6606
8.4849
8.7540
8.7746
8.7906
8.8380
8.8714
8.7212
8.9413
9.1899
8.8242
8.5121
8.4884
9.0069
8.9169
9.0919
9.1234
8.6727
8.8365
8.6561
8.8582
8.6393
8.4047
8.5688
8.6822
8.3374
8.3615
8.4436
8.4620
8.5771
8.9112
8.9849
9.3203
9.4482
9.1693
9.0784
8.9799
8.5305
8.3142
8.0902
8.1528
8.1005
8.0930
8.2368
8.2986
8.3982
8.5403
8.6123
8.6188
8.6701
8.7567
8.7732
8.8214
8.9491
8.9683
8.9445
8.8798
8.5975
8.3541
8.0474
7.5367
7.2216
7.2267
7.1877
6.9074
6.6843
6.4093
6.1836
5.9671
5.9437
6.1120
6.5054
6.9603
7.4469
7.8994
8.3179
8.5898
8.7427
8.9060
9.0256
9.1785
9.3500
9.3967
9.3960
9.3851
9.2722
9.0658
8.8779
8.7736
8.7929
8.8375
8.8723
9.0164
9.2702
9.3791
9.3331
9.4117
9.4389
9.2709
9.2853
9.3196
9.2645
8.9494
8.7940
8.6161
8.5820
8.3907
8.2971
8.3340
8.0618
7.8957
7.8655
7.8494
7.4118
7.2671
7.4284
7.3102
7.0253
7.3296
7.3853
7.8027
8.1353
8.1893
8.3074
8.2539
8.3163
7.9804
7.7104
7.8409
7.8617
7.9630
7.9415
7.8495
7.9801
8.0881
8.2701
8.3863
8.1107
8.2005
8.2817
7.9973
7.5643
7.4012
7.5998
7.7279
7.9642
7.9089
7.6501
7.4369
7.3138
7.2189
6.9761
6.5730
6.3400
6.2145
5.9904
5.4062
5.6326
5.8877
5.9973
6.1108
6.0222
5.8439
5.7843
5.7454
5.5389
5.3535
5.1949
5.0155
4.8422
4.8216
4.8014
4.8329
4.7844
4.6617
4.8261
5.0934
5.6381
6.1744
6.3400
6.3241
6.2529
6.3723
6.6264
6.9554
6.5041
5.8378
6.4171
6.5306
6.9305
6.8406
6.6347
6.6030
7.4704
7.7164
8.4615
7.8208
8.1566
7.4515
8.4564
8.6995
8.4980
7.4526
6.1178
6.1767
6.1752
6.0015
6.3134
6.3323
6.0604
6.1084
4.5293
6.4031
3.9894
11.3390
13.5797
13.1565
10.1266
8.7029
9.2872
9.6872
9.8197
9.6852
9.8314
9.5955
9.5268
