-2.5397
-2.7500
-2.9585
-3.1486
-3.3226
-3.4709
-3.5965
-3.7108
-3.8252
-3.9361
-4.0206
-4.1010
-4.1675
-4.2341
-4.3534
-4.5152
-4.7286
-4.7482
-4.6893
-4.5913
-4.4761
-4.3034
-4.1145
-3.9314
-3.7071
-3.4645
-3.2398
-3.0359
-2.8033
-2.5623
-2.3238
-2.0835
-1.8260
-1.5432
-1.2565
-1.0145
-0.7919
-0.5665
-0.3841
-0.1000
0.1695
0.4151
0.6196
0.7603
0.8222
0.8656
0.8805
0.7480
0.4912
0.0707
-0.7372
-1.5376
-1.8449
-1.7828
-1.7579
-1.8444
-1.9138
-1.9388
-1.9812
-1.9494
-1.9595
-2.0287
-2.0891
-2.0787
-2.1049
-2.2135
-2.3099
-2.3573
-2.2388
-2.0804
-2.0911
-2.2500
-2.2704
-2.2518
-2.3834
-2.6202
-2.8016
-2.9441
-2.9696
-2.9943
-3.0393
-3.0025
-2.9577
-2.9048
-2.7871
-2.6576
-2.6306
-2.7092
-2.7480
-2.7492
-2.7414
-2.7266
-2.6357
-2.5782
-2.6098
-2.5923
-2.6216
-2.6430
-2.6741
-2.8175
-2.9131
-2.9699
-2.9470
-2.8899
-2.8355
-2.7279
-2.5530
-2.4129
-2.4069
-2.4378
-2.4119
-2.3468
-2.2909
-2.3975
-2.6818
-2.7275
-2.7312
-2.5017
-2.1440
-1.6741
-1.2660
-0.8495
-0.3623
0.0295
0.3887
0.7057
0.9915
1.2813
1.5483
1.7803
1.9943
2.2025
2.4086
2.5654
2.6427
2.6018
2.5036
2.3975
2.3132
2.2677
2.3471
2.5453
2.8254
3.1564
3.5195
3.7991
4.0136
4.1318
4.1238
3.9913
3.7640
3.4347
3.0143
2.6243
2.3224
2.0430
1.7838
1.5333
1.2757
1.0237
0.7894
0.5293
0.2569
-0.0529
-0.3262
-0.6631
-0.9518
-1.1671
-1.3821
-1.5684
-1.7063
-1.8107
-1.9514
-2.0754
-2.1584
-2.2171
-2.2758
-2.2980
-2.3155
-2.3200
-2.2919
-2.2588
-2.2985
-2.3461
-2.3877
-2.4202
-2.4148
-2.4071
-2.4181
-2.4274
-2.4236
-2.4005
-2.3743
-2.3646
-2.3411
-2.3281
-2.3234
-2.3101
-2.3119
-2.3164
-2.3092
-2.3044
-2.3030
-2.2990
-2.3035
-2.2986
-2.2951
-2.3127
-2.3338
-2.3402
-2.3397
-2.3048
-2.2569
-2.1503
-1.9798
-1.7670
-1.5270
-1.2562
-1.0532
-0.9390
-0.8499
-0.8032
-0.7862
-0.7969
-0.8187
-0.8372
-0.8912
-0.9527
-0.9768
-0.9642
-0.9327
-0.9241
-0.9329
-0.9402
-0.8853
-0.7707
-0.6978
-0.6739
-0.7367
-0.8686
-1.0066
-1.1535
-1.2646
-1.3336
-1.3944
-1.4699
-1.5451
-1.5588
-1.6563
-1.7201
-1.7272
-1.7472
-1.7647
-1.7556
-1.7313
-1.6488
-1.5319
-1.4177
-1.2613
-1.2563
-1.3132
-1.3941
-1.5047
-1.6326
-1.7666
-1.8670
-1.9402
-1.9924
-2.0316
-2.0566
-2.0747
-2.0667
-2.0503
-2.0465
-2.0517
-2.0695
-2.0807
-2.1001
-2.1378
-2.1630
-2.1650
-2.1438
-2.1204
-2.1016
-2.0922
-2.0947
-2.0946
-2.0810
-2.0643
-2.0466
-2.0389
-2.0442
-2.0603
-2.0769
-2.0899
-2.1006
-2.1030
-2.0745
-2.0383
-2.0085
-1.9857
-1.9724
-1.9663
-1.9853
-1.9978
-2.0044
-1.9994
-1.9862
-1.9761
-1.9797
-1.9769
-1.9622
-1.9329
-1.9001
-1.8790
-1.8326
-1.7787
-1.7295
-1.6788
-1.6123
-1.5708
-1.5417
-1.5169
-1.4763
-1.4276
-1.3835
-1.3317
-1.2826
-1.2332
-1.1549
-1.1151
-1.1257
-1.1318
-1.0766
-1.1599
-1.1713
-1.1531
-1.0907
-1.1473
-0.9150
-0.8676
-0.7452
-0.5727
-0.5520
-0.5091
-0.1780
0.3137
0.5754
0.9437
0.9165
0.9480
0.8710
1.0692
1.0603
0.7910
0.5831
0.6146
0.5488
0.3644
0.1413
-0.1457
-0.4484
-0.8986
-1.7828
-0.7150
-0.5103
-0.7724
0.3470
1.3357
1.6508
1.4479
1.0552
0.6205
0.4458
0.1630
-0.0754
-0.1093
