6.4780
7.0287
7.2648
7.3197
7.3727
7.4213
7.5679
7.4429
7.4250
7.5091
7.3911
7.2257
6.7581
6.3430
5.7317
5.4149
5.2622
4.6359
4.5674
4.4143
4.4160
4.3515
4.2739
4.3006
4.3554
4.3454
4.4668
4.6200
4.7124
4.7526
4.2631
3.8538
3.5993
3.3212
3.2200
3.3553
2.8130
2.7211
2.0796
3.1795
3.6162
3.5682
3.4878
2.9621
2.4915
2.3567
1.8328
1.0921
0.0663
-1.1706
-3.4515
-4.7752
-5.1039
-4.9145
-4.4236
-4.3387
-4.3659
-4.2212
-4.1774
-4.1744
-4.0194
-4.1820
-4.1015
-4.0451
-4.0616
-4.4029
-4.6703
-4.7925
-4.6134
-4.4257
-4.4579
-4.7307
-4.6760
-4.4101
-4.1846
-4.2654
-4.2370
-3.9856
-3.7185
-3.5641
-3.5218
-3.2808
-3.2171
-2.8940
-2.7154
-2.5409
-2.3920
-2.3063
-2.3209
-2.2922
-2.3513
-2.2774
-2.1249
-1.9097
-1.6933
-1.5177
-1.4194
-1.2294
-1.0612
-0.9762
-0.8943
-0.6839
-0.4064
-0.2959
-0.2164
-0.2589
-0.2482
-0.0838
0.0475
-0.0314
-0.1157
-0.1672
-0.1369
-0.1127
-0.0791
-0.0734
-0.0357
-0.0562
-0.0486
0.0670
-0.0026
-0.1069
-0.1075
-0.2462
-0.2791
-0.4056
-0.4593
-0.6118
-0.7040
-0.8606
-0.8537
-0.9761
-1.0747
-1.4090
-1.7364
-2.3516
-2.8295
-3.3385
-3.7505
-4.0847
-4.2946
-4.2251
-4.1007
-3.8705
-3.5442
-3.2094
-3.0410
-2.8420
-2.8308
-3.0120
-3.4428
-4.0366
-4.6411
-4.9126
-5.0734
-5.1438
-5.3575
-5.5963
-5.7481
-5.9158
-6.2637
-6.0896
-5.7837
-5.7337
-6.0751
-5.9363
-6.0406
-5.8789
-5.5904
-5.5904
-5.3958
-5.6100
-5.3454
-5.2087
-5.3278
-5.5877
-5.5036
-5.6904
-5.8730
-5.8676
-5.9789
-6.2176
-6.2267
-6.3690
-6.4087
-6.2224
-6.2076
-6.2121
-6.0259
-5.9381
-5.7647
-5.8477
-5.9290
-6.0053
-6.2385
-6.4140
-6.5881
-6.7639
-6.9096
-6.9985
-7.0615
-7.1264
-7.1365
-7.1937
-7.2805
-7.3051
-7.3134
-7.2492
-6.9546
-6.5913
-6.2763
-5.8167
-5.4871
-5.3967
-5.2485
-4.9492
-4.8550
-4.7988
-4.8466
-4.9602
-5.2298
-5.5826
-6.0825
-6.6084
-7.1408
-7.6191
-8.0625
-8.3636
-8.5314
-8.6873
-8.8156
-8.9793
-9.1542
-9.2237
-9.2318
-9.2419
-9.1476
-8.9628
-8.8103
-8.7311
-8.7721
-8.8291
-8.8599
-9.0077
-9.2531
-9.3486
-9.3012
-9.3573
-9.3957
-9.2053
-9.2088
-9.2240
-9.0638
-8.6629
-8.4098
-8.1489
-8.0248
-7.6969
-7.3848
-7.1790
-6.7084
-6.4411
-6.5176
-6.5899
-6.2986
-6.3007
-6.5492
-6.5345
-6.2918
-6.5658
-6.5078
-7.0385
-7.3391
-7.2586
-7.2931
-7.1265
-7.4279
-7.0966
-6.8464
-7.2042
-7.3275
-7.5733
-7.6211
-7.5819
-7.7552
-7.9020
-8.1176
-8.2468
-7.9499
-8.0455
-8.1126
-7.7899
-7.3047
-7.1597
-7.4419
-7.6112
-7.8704
-7.8265
-7.5741
-7.3626
-7.2503
-7.1749
-6.9399
-6.5329
-6.3021
-6.1744
-5.9572
-5.3978
-5.6291
-5.8867
-5.9970
-6.1100
-6.0213
-5.8422
-5.7826
-5.7413
-5.5340
-5.3471
-5.1822
-4.9911
-4.8078
-4.7712
-4.7317
-4.7611
-4.7287
-4.6262
-4.7821
-4.9993
-5.4672
-5.9167
-6.0319
-6.0449
-5.9860
-6.0646
-6.4750
-6.8188
-6.4061
-5.8184
-6.4169
-6.5115
-6.9280
-6.8088
-6.6248
-6.5779
-7.3662
-7.4747
-8.1543
-7.4827
-7.5992
-7.0150
-7.6582
-7.7109
-7.3341
-6.2621
-5.1378
-5.1732
-5.1392
-5.1673
-5.6657
-5.8204
-5.8243
-5.9793
-4.5233
3.2631
-3.9539
-10.6412
-11.9369
-11.0671
-8.0284
-5.6743
-6.1593
-6.8219
-7.1151
-6.6412
-6.4560
-5.6037
-5.2385
