-0.4929
-0.5020
-0.6583
-0.7826
-0.8819
-0.9374
-1.1813
-1.3555
-1.7137
-1.9642
-2.2908
-2.6022
-3.0131
-3.6554
-4.1680
-4.1173
-4.4453
-4.1328
-4.2006
-4.2357
-4.0392
-4.0235
-4.0340
-3.7158
-3.2754
-3.2374
-3.1296
-2.8273
-2.3053
-1.7876
-1.8860
-2.1275
-2.6364
-2.6850
-2.5707
-2.9355
-3.1106
-3.1154
-3.7887
-3.0909
-2.9929
-2.7939
-2.2455
-2.0211
-1.7725
-1.7103
-1.5912
-1.8129
-2.2897
-1.6132
-1.8518
-1.6684
-1.5584
-2.1589
-2.1234
-1.3053
-0.7761
-0.1305
0.5941
-0.6171
-0.4071
0.3405
0.5257
0.0811
0.1262
0.8043
1.5880
2.2392
2.2645
2.3565
2.4830
2.9093
3.2520
3.7008
3.9684
4.5294
5.2998
5.9152
6.1534
6.3570
6.5171
6.4630
6.4216
6.4573
6.3698
6.3367
6.2213
6.2254
6.3853
6.5397
6.9052
7.2714
7.5850
7.7949
8.0137
8.1394
8.2956
8.4436
8.5445
8.7913
9.0019
9.0384
8.9198
8.9182
8.6941
8.6162
8.6409
8.4136
8.0632
7.8482
7.6987
7.6767
7.5994
7.4214
6.8319
6.4824
5.4640
4.7195
4.3865
4.6086
4.6780
4.4793
4.4671
4.6115
4.4331
4.3393
4.2030
4.1552
3.9884
3.9796
3.8388
3.7383
3.5355
3.4025
3.0972
2.9132
2.5725
2.4851
2.4041
2.3907
2.4205
2.3724
2.6940
3.1559
3.7310
4.2640
4.8716
5.3218
5.8074
6.3308
6.1946
6.5108
7.1031
7.2456
7.1592
7.1285
7.0290
6.8835
6.5588
6.7044
6.7246
6.3862
6.2454
6.2592
6.6496
6.6537
6.7951
6.9767
6.6304
6.8433
6.7686
6.8554
6.7870
6.5962
6.7111
6.6452
6.2628
6.1264
6.0665
6.0972
6.1497
6.3837
6.4774
6.8046
6.9424
6.7348
6.6244
6.4845
6.0381
5.8194
5.6763
5.6809
5.5195
5.4252
5.3783
5.2657
5.2082
5.2139
5.1409
5.0304
5.0304
5.0887
5.1029
5.1057
5.2039
5.2024
5.1496
5.1283
5.0548
5.1329
5.0367
4.7926
4.6949
4.8064
4.9108
4.8184
4.5944
4.2486
3.8403
3.3170
2.8244
2.4882
2.3074
2.1852
2.1132
2.0855
2.0456
1.9581
1.9105
1.9611
1.9358
1.9017
1.9035
1.7950
1.7489
1.6331
1.5147
1.3626
1.0941
0.8629
0.6048
0.3835
0.4698
0.3949
0.5633
0.7552
0.7713
1.0104
0.9025
1.1012
1.1892
1.3314
1.9175
2.2462
2.5711
2.7985
3.0418
3.3407
3.7825
4.2330
4.4710
4.5667
4.4031
4.2645
3.9067
3.6211
3.5055
3.2772
3.1254
3.2578
3.4917
3.3677
3.5101
3.7917
3.9777
4.1640
3.7399
3.6502
3.5464
3.0952
2.8486
2.4606
2.2327
2.0321
1.8816
1.7249
1.5807
1.5236
1.6071
1.5868
1.6647
1.8097
1.9649
1.8751
1.5411
1.3381
1.2189
1.1388
1.0757
1.0482
0.9620
0.7957
0.7093
0.7250
0.6924
0.7052
0.6298
0.3009
0.1997
0.1072
-0.0627
-0.0985
-0.1040
-0.1423
-0.1433
-0.2163
-0.2327
-0.2629
-0.3626
-0.4940
-0.5761
-0.6951
-0.8153
-0.8299
-0.7275
-0.5737
-0.6497
-0.9748
-1.3775
-1.7651
-1.9524
-1.8586
-1.8071
-1.9564
-1.4083
-1.3717
-1.1247
-0.4756
-0.0504
-0.4994
0.1883
0.6589
0.3620
0.5757
1.2434
1.9162
2.2596
2.2746
2.9634
2.5128
3.5865
4.0277
4.2927
4.0406
3.3213
3.3748
3.4237
3.0524
2.7854
2.4941
1.6750
1.2494
-0.2331
-5.5092
-0.5312
3.9165
6.4745
7.1143
6.1720
6.5987
6.9509
6.8777
6.7676
7.0496
7.4146
7.7893
7.9573
