4.3720
4.2270
4.0830
4.1460
4.2750
4.4290
4.5370
4.6000
4.5940
4.6190
4.6620
4.7490
4.8200
4.9370
4.9930
5.0700
5.0520
5.2040
5.2500
5.2000
5.0380
5.0020
5.0100
5.1370
5.2940
5.3920
5.4050
5.5930
5.3230
5.4380
5.4360
5.1570
3.7270
4.6250
4.6350
4.3210
4.8250
4.4650
4.8720
5.1580
5.8280
6.0700
6.0670
6.2320
6.5090
6.7680
6.9980
7.2900
7.4800
7.4660
7.6550
7.5200
7.6310
7.5920
7.4990
7.6630
7.7270
7.9770
7.8900
7.7600
7.4710
7.0150
6.6640
6.5650
6.3560
6.1450
5.9710
5.9070
5.8350
5.7940
5.7860
5.7460
5.7080
5.6760
5.6650
5.6490
5.5990
5.5090
5.3630
5.1850
5.0550
4.9780
4.8490
4.7080
4.5440
4.3740
4.2670
4.3350
4.2580
4.1100
4.1450
4.1200
4.2300
4.2030
4.1400
4.2050
4.2160
4.2320
4.2870
4.3660
4.5170
4.7130
4.9430
5.1940
5.3400
5.5230
5.6290
5.6400
5.6290
5.6000
5.5480
5.5200
5.4610
5.3870
5.3700
5.4020
5.2910
5.1680
5.1000
4.9800
4.8510
4.6560
4.3890
4.2690
4.4080
4.2670
4.1560
4.0630
3.7390
3.8650
3.7190
3.4850
3.4150
3.6590
4.0850
4.3200
4.3550
4.3600
4.4990
4.6290
4.6890
4.7870
4.8220
5.0660
5.3280
5.4150
5.4700
5.5630
5.5970
5.6000
5.6880
5.8060
5.9550
5.9180
6.0130
5.9300
5.8330
5.6390
5.5270
5.3390
5.2130
5.1000
5.1020
5.1600
5.2710
5.3080
5.1890
5.1270
5.1440
5.2000
5.2040
5.1300
5.0900
5.0640
5.0350
4.9440
4.7900
4.5740
4.4720
4.3830
4.3100
4.2900
4.3350
4.3810
4.4350
4.4710
4.4550
4.4630
4.5660
4.6940
4.8430
5.0340
5.1880
5.2970
5.3580
5.3790
5.3150
5.3760
5.3540
5.1140
4.9990
5.0930
5.5420
5.4840
5.3720
5.6280
5.3870
5.5430
5.5770
5.4860
5.1970
4.9470
4.8430
4.9050
4.9370
4.8910
4.8470
4.8560
4.8960
4.9170
4.8880
4.7980
4.7440
4.7410
4.7440
4.7780
4.8190
4.8040
4.7420
4.6500
4.5560
4.4930
4.4620
4.4720
4.4970
4.4960
4.4690
4.4090
4.3220
4.1880
4.0400
3.9490
3.9340
3.9310
3.8420
3.6660
3.4760
3.3110
3.2000
3.1190
2.9960
2.8370
2.6570
2.5100
2.4950
2.4750
2.4790
2.5390
2.5900
2.5690
2.5220
2.4700
2.4090
2.3510
2.3310
2.3700
2.4320
2.4760
2.4860
2.4350
2.3120
2.1290
1.9170
1.7580
1.6680
1.6660
1.7420
1.8890
2.1190
2.4140
2.7270
2.9550
3.0880
3.2110
3.3720
3.5630
3.7530
3.9300
4.0890
4.2110
4.3160
4.4040
4.4810
4.5510
4.6150
4.6140
4.5780
4.5540
4.5340
4.5120
4.4880
4.4460
4.4060
4.3610
4.3190
4.2700
4.2140
4.1700
4.1390
4.0450
3.9090
3.5020
2.9580
2.6900
2.7560
2.8740
2.9280
2.8900
2.7960
2.6770
2.5350
2.4080
2.3280
2.3680
2.5620
2.8930
3.2820
3.6630
3.9450
4.1000
4.1900
4.2400
4.2460
4.2370
4.2120
4.1690
4.0980
4.0020
3.9170
3.8280
3.7590
3.7030
3.6600
3.6330
3.6130
3.6100
3.6290
3.6280
3.6160
3.6100
3.7020
3.7440
3.7610
3.9000
4.1060
4.2340
4.4250
4.5280
4.5640
4.7120
5.0970
5.6470
6.2000
6.3080
6.5070
6.5290
6.6460
6.8230
6.9350
7.0560
7.1570
7.2040
7.2340
7.2530
7.2750
7.3060
7.3940
