1435.9000
1407.9000
1417.6000
1432.4000
1452.3000
1482.8000
1458.5000
1450.8000
1454.5000
1459.0000
1472.9000
1470.1000
1458.9000
1432.5000
1420.6000
1420.5000
1431.9000
1427.7000
1420.2000
1404.2000
1390.9000
1401.2000
1402.8000
1407.7000
1405.5000
1390.7000
1396.3000
1375.8000
1387.9000
1375.3000
1365.0000
1359.0000
1415.2000
1377.8000
1394.9000
1407.2000
1397.0000
1410.3000
1426.8000
1401.5000
1381.6000
1375.5000
1385.4000
1394.0000
1385.6000
1370.2000
1360.8000
1337.3000
1316.5000
1319.4000
1295.6000
1306.4000
1299.6000
1292.2000
1289.9000
1270.7000
1238.1000
1195.2000
1179.8000
1163.9000
1156.2000
1174.2000
1186.8000
1178.2000
1181.5000
1181.1000
1188.5000
1198.9000
1207.6000
1205.1000
1196.5000
1198.9000
1195.3000
1197.6000
1193.8000
1190.3000
1185.7000
1181.7000
1183.2000
1182.2000
1179.9000
1181.1000
1188.4000
1193.5000
1199.2000
1203.7000
1205.9000
1159.3000
1131.6000
1126.5000
1119.2000
1128.7000
1117.8000
1105.6000
1084.9000
1060.4000
1051.5000
1046.9000
1036.3000
1039.7000
1031.1000
1013.6000
997.7500
990.3200
983.1800
973.4200
967.9500
956.7200
947.2900
942.9000
943.3100
964.1800
988.4100
993.3700
990.8200
982.2600
984.8300
989.9900
999.3600
1008.4000
1008.0000
1012.6000
1025.8000
1019.6000
1003.4000
1009.2000
1009.2000
1019.1000
1034.5000
1030.8000
1035.0000
1049.3000
1048.4000
1027.6000
1002.8000
971.8900
952.9200
950.1500
945.6700
945.1500
952.8100
954.7600
944.7900
924.3300
914.6300
914.9200
912.3500
916.1200
908.8700
911.6200
910.2200
913.4100
919.4900
915.3400
904.8900
893.6500
891.0500
899.8300
906.5800
944.3500
972.1300
984.5200
996.1000
997.8400
1008.6000
1023.4000
1044.8000
1063.8000
1072.8000
1078.7000
1090.0000
1096.4000
1108.0000
1117.2000
1127.5000
1141.7000
1150.0000
1158.3000
1166.2000
1174.6000
1182.3000
1187.2000
1192.7000
1154.9000
1119.0000
1105.9000
1103.6000
1117.4000
1114.3000
1104.6000
1081.9000
1065.7000
1064.5000
1066.6000
1067.7000
1098.4000
1112.8000
1113.8000
1114.8000
1110.2000
1117.9000
1128.7000
1144.4000
1151.7000
1150.3000
1156.0000
1161.3000
1195.0000
1232.1000
1247.4000
1255.1000
1247.7000
1260.5000
1280.5000
1308.5000
1333.0000
1341.5000
1346.1000
1358.7000
1354.6000
1363.4000
1379.6000
1389.4000
1398.5000
1402.9000
1408.9000
1413.1000
1421.7000
1433.1000
1440.8000
1449.9000
1441.5000
1428.1000
1426.6000
1427.7000
1430.7000
1424.9000
1414.7000
1401.6000
1392.1000
1394.5000
1398.6000
1401.4000
1405.3000
1395.2000
1386.6000
1380.9000
1379.9000
1379.4000
1371.6000
1363.4000
1355.1000
1349.8000
1349.3000
1348.2000
1378.1000
1406.4000
1419.5000
1428.8000
1432.6000
1445.4000
1462.1000
1487.4000
1509.3000
1518.6000
1528.4000
1538.4000
1524.6000
1523.3000
1531.4000
1539.5000
1551.9000
1557.3000
1566.1000
1566.9000
1572.2000
1583.4000
1591.9000
1600.9000
1578.8000
1553.0000
1546.7000
1547.5000
1559.6000
1559.4000
1552.0000
1536.8000
1523.2000
1525.4000
1526.9000
1524.3000
1540.2000
1544.5000
1540.1000
1540.2000
1539.6000
1544.9000
1547.3000
1554.5000
1556.2000
1554.8000
1555.9000
1556.2000
1576.8000
1600.8000
1609.7000
1613.6000
1607.7000
1612.1000
1623.0000
1641.8000
1657.5000
1662.0000
1668.2000
1677.3000
1672.7000
1677.0000
1683.3000
1683.6000
1685.1000
1681.1000
1680.5000
1678.4000
1677.2000
1677.9000
1673.3000
1669.3000
1641.7000
1613.6000
1600.3000
1594.2000
1595.2000
1586.7000
1571.4000
1553.7000
1539.9000
1538.3000
1537.3000
1530.9000
1540.1000
1534.8000
1523.0000
1513.0000
1499.0000
1489.4000
1475.4000
1466.8000
1458.2000
1451.0000
1450.7000
1449.3000
1465.5000
1482.0000
1491.2000
1496.6000
1492.9000
1496.3000
1503.7000
1511.7000
1520.6000
1525.6000
1537.1000
1552.4000
1539.7000
1533.2000
1535.9000
1537.7000
1542.8000
1537.6000
1535.0000
1526.0000
1519.4000
1518.8000
1516.0000
1514.9000
1495.0000
1469.5000
