6.1377
5.9069
5.6790
5.7790
5.9840
6.2272
6.3989
6.4985
6.4896
6.5297
6.5967
6.7361
6.8474
7.0334
7.1229
7.2446
7.2160
7.4569
7.5312
7.4507
7.1939
7.1368
7.1500
7.3518
7.5996
7.7558
7.7771
8.0745
7.6467
7.8294
7.8252
7.3832
5.1135
6.5385
6.5541
6.0562
6.8560
6.2845
6.9300
7.3837
8.4476
8.8322
8.8265
9.0890
9.5285
9.9387
10.3036
10.7683
11.0683
11.0467
11.3472
11.1326
11.3085
11.2471
11.0996
11.3600
11.4610
11.8573
11.7199
11.5130
11.0555
10.3313
9.7744
9.6164
9.2860
8.9500
8.6743
8.5730
8.4592
8.3936
8.3807
8.3176
8.2567
8.2064
8.1883
8.1634
8.0842
7.9410
7.7099
7.4269
7.2207
7.0993
6.8942
6.6709
6.4098
6.1403
5.9709
6.0787
5.9561
5.7222
5.7778
5.7377
5.9113
5.8686
5.7688
5.8728
5.8904
5.9144
6.0021
6.1282
6.3680
6.6783
7.0440
7.4420
7.6733
7.9642
8.1316
8.1488
8.1326
8.0864
8.0033
7.9587
7.8645
7.7486
7.7212
7.7710
7.5954
7.3997
7.2920
7.1019
6.8968
6.5882
6.1636
5.9745
6.1936
5.9702
5.7945
5.6473
5.1327
5.3332
5.1014
4.7305
4.6193
5.0065
5.6819
6.0547
6.1096
6.1182
6.3381
6.5451
6.6404
6.7953
6.8515
7.2382
7.6548
7.7918
7.8796
8.0272
8.0803
8.0858
8.2256
8.4128
8.6484
8.5910
8.7407
8.6090
8.4554
8.1470
7.9705
7.6724
7.4711
7.2919
7.2961
7.3876
7.5636
7.6232
7.4337
7.3353
7.3616
7.4507
7.4577
7.3408
7.2769
7.2351
7.1889
7.0451
6.8013
6.4581
6.2966
6.1554
6.0384
6.0067
6.0781
6.1514
6.2372
6.2942
6.2694
6.2821
6.4458
6.6486
6.8849
7.1885
7.4321
7.6050
7.7012
7.7349
7.6336
7.7307
7.6948
7.3150
7.1319
7.2813
7.9938
7.9022
7.7243
8.1297
7.7478
7.9951
8.0496
7.9045
7.4458
7.0497
6.8842
6.9832
7.0341
6.9604
6.8909
6.9052
6.9690
7.0027
6.9566
6.8125
6.7269
6.7220
6.7283
6.7819
6.8470
6.8231
6.7251
6.5782
6.4299
6.3300
6.2802
6.2962
6.3352
6.3344
6.2906
6.1961
6.0584
5.8448
5.6105
5.4660
5.4420
5.4372
5.2970
5.0176
4.7159
4.4531
4.2780
4.1493
3.9538
3.7019
3.4164
3.1828
3.1588
3.1274
3.1331
3.2290
3.3091
3.2769
3.2015
3.1198
3.0218
2.9297
2.8988
2.9600
3.0583
3.1282
3.1443
3.0636
2.8687
2.5780
2.2418
1.9888
1.8462
1.8426
1.9647
2.1978
2.5617
3.0301
3.5265
3.8892
4.1003
4.2952
4.5507
4.8536
5.1550
5.4362
5.6878
5.8822
6.0487
6.1881
6.3099
6.4210
6.5226
6.5205
6.4648
6.4264
6.3949
6.3598
6.3218
6.2550
6.1914
6.1203
6.0527
5.9756
5.8871
5.8168
5.7669
5.6177
5.4032
4.7564
3.8928
3.4680
3.5728
3.7598
3.8452
3.7858
3.6369
3.4480
3.2217
3.0203
2.8946
2.9573
3.2657
3.7905
4.4077
5.0121
5.4593
5.7049
5.8486
5.9282
5.9377
5.9224
5.8828
5.8151
5.7028
5.5504
5.4149
5.2738
5.1640
5.0749
5.0082
4.9643
4.9322
4.9279
4.9576
4.9559
4.9376
4.9281
5.0748
5.1414
5.1684
5.3883
5.7152
5.9180
6.2208
6.3842
6.4426
6.6765
7.2874
8.1606
9.0379
9.2091
9.5246
9.5603
9.7458
10.0266
10.2042
10.3969
10.5568
10.6317
10.6786
10.7087
10.7442
10.7929
10.9324
