-12.8641
-12.8250
-12.7313
-12.6106
-12.5137
-12.4316
-12.3728
-12.3411
-12.3334
-12.3282
-12.3163
-12.3030
-12.3011
-12.3074
-12.3172
-12.3288
-12.3420
-12.3577
-12.3673
-12.3577
-12.3385
-12.3135
-12.2857
-12.2598
-12.2272
-12.2083
-12.1857
-12.1541
-12.1196
-12.0639
-11.9862
-11.9601
-11.8590
-12.1008
-12.7363
-12.8630
-13.1442
-13.2690
-13.5374
-13.6660
-13.8029
-13.8817
-13.9311
-14.0361
-14.1658
-14.2445
-14.2625
-14.2342
-14.1894
-14.1922
-14.2341
-14.2646
-14.4253
-14.5122
-14.5257
-14.5448
-14.5444
-14.4842
-14.4067
-14.3153
-14.2193
-14.1475
-14.0983
-14.0721
-14.0404
-14.0071
-13.9793
-13.9670
-13.9592
-13.9651
-13.9728
-13.9920
-14.0169
-14.0405
-14.0588
-14.0686
-14.0649
-14.0410
-14.0076
-13.9866
-13.9716
-13.9500
-13.9307
-13.9142
-13.8992
-13.8869
-13.8739
-13.8623
-13.8561
-13.8444
-13.8419
-13.8472
-13.8540
-13.8624
-13.8589
-13.8526
-13.8554
-13.8659
-13.8788
-13.8956
-13.9162
-13.9414
-13.9679
-13.9951
-14.0119
-14.0181
-14.0142
-14.0003
-13.9828
-13.9683
-13.9584
-13.9545
-13.9572
-13.9637
-13.9561
-13.9441
-13.9322
-13.9226
-13.9201
-13.9116
-13.9010
-13.8953
-13.8753
-13.8327
-13.7668
-13.6772
-13.5924
-13.5247
-13.4665
-13.3577
-13.2121
-13.1166
-13.0724
-13.0390
-13.0093
-12.8920
-12.7687
-12.7045
-12.6494
-12.5884
-12.5535
-12.5322
-12.5590
-12.5731
-12.5199
-12.5037
-12.5302
-12.5465
-12.6664
-12.8040
-12.7355
-12.9246
-13.1371
-13.3200
-13.4921
-13.6288
-13.7694
-13.8584
-13.9647
-14.0255
-14.0810
-14.1178
-14.1658
-14.2068
-14.2467
-14.2918
-14.3292
-14.3538
-14.3771
-14.4047
-14.4461
-14.4979
-14.5457
-14.5709
-14.5879
-14.5955
-14.5787
-14.5065
-14.4509
-14.4169
-14.4016
-14.4142
-14.4296
-14.4243
-14.4219
-14.4125
-14.4122
-14.4083
-14.4021
-14.4047
-14.4163
-14.4297
-14.4380
-14.4451
-14.4595
-14.4846
-14.5184
-14.5518
-14.5182
-14.4719
-14.4741
-14.4757
-14.2974
-14.2109
-14.3003
-14.1749
-14.2003
-14.1770
-14.1832
-14.2248
-14.2337
-14.1613
-13.9912
-13.8272
-13.6966
-13.5726
-13.4441
-13.3139
-13.1999
-13.0908
-12.9611
-12.8012
-12.6473
-12.4974
-12.3418
-12.2033
-12.0879
-11.9859
-11.8891
-11.7846
-11.6826
-11.5891
-11.5070
-11.4386
-11.3675
-11.2952
-11.2557
-11.2386
-11.2312
-11.1660
-11.0572
-10.9274
-10.8085
-10.6876
-10.5521
-10.4088
-10.2887
-10.2077
-10.1812
-10.2132
-10.2687
-10.3331
-10.3953
-10.4748
-10.4726
-10.3962
-10.3852
-10.4637
-10.5498
-10.6633
-10.7584
-10.8045
-10.8561
-10.9471
-11.0499
-11.1344
-11.1937
-11.2410
-11.2981
-11.3763
-11.4701
-11.5782
-11.7053
-11.8155
-11.8656
-11.8729
-11.8450
-11.7722
-11.6547
-11.5086
-11.3451
-11.2259
-11.1991
-11.1089
-10.9220
-10.7617
-10.6819
-10.7379
-10.9596
-11.1512
-11.2062
-11.2456
-11.2822
-11.2380
-11.0839
-10.9270
-10.8398
-10.7903
-10.7360
-10.6786
-10.6221
-10.5541
-10.4727
-10.3941
-10.3294
-10.2878
-10.2785
-10.3011
-10.3268
-10.3728
-10.4879
-10.8305
-10.8309
-10.4158
-9.8336
-9.2975
-8.7726
-8.3435
-7.9422
-7.6281
-7.3929
-7.3110
-7.3363
-7.3420
-7.3094
-7.2612
-7.2274
-7.2207
-7.2589
-7.3391
-7.4465
-7.5743
-7.7273
-7.9082
-8.1116
-8.3457
-8.5803
-8.7791
-8.9727
-9.1472
-9.2666
-9.3369
-9.3745
-9.3885
-9.3721
-9.3358
-9.3055
-9.3854
-9.4466
-9.5074
-9.4444
-9.4014
-9.2894
-9.2785
-9.3681
-9.1026
-8.8776
-8.7430
-8.7673
-8.9147
-8.9205
-9.2726
-10.3137
-11.0812
-11.0307
-10.7633
-10.7068
-10.4898
-10.3951
-10.4303
-10.4951
-10.4765
-10.4758
-10.5484
-10.6821
-10.7779
-10.7844
