-5.6631
-5.5426
-5.3999
-5.5205
-5.7406
-5.9716
-6.1393
-6.2150
-6.2129
-6.2841
-6.3844
-6.5587
-6.6919
-6.8780
-6.9875
-7.1480
-7.1220
-7.3706
-7.4464
-7.3891
-7.1535
-7.1030
-7.1102
-7.3074
-7.5412
-7.6591
-7.6011
-7.8611
-7.4206
-7.5167
-7.4563
-7.0268
-4.9046
-6.5321
-6.5534
-6.0302
-6.7071
-5.5854
-5.6171
-5.8441
-6.6321
-6.7443
-6.4459
-6.4002
-6.7199
-7.1434
-7.1254
-7.7712
-8.2568
-8.3060
-8.6857
-8.3125
-8.5611
-8.5443
-8.5633
-9.1488
-9.8048
-10.8968
-11.0255
-11.0319
-10.7099
-9.8641
-9.2494
-9.0802
-8.7481
-8.3164
-7.8968
-7.7180
-7.5443
-7.4219
-7.3380
-7.2575
-7.1436
-7.0789
-7.1190
-7.3125
-7.5063
-7.5846
-7.4576
-7.2088
-6.9981
-6.9043
-6.7464
-6.5735
-6.3239
-6.0082
-5.7574
-5.7012
-5.4780
-5.2322
-5.2246
-5.1811
-5.2199
-5.0379
-4.9022
-4.9365
-4.8181
-4.6421
-4.4895
-4.4100
-4.3547
-4.3052
-4.2678
-4.3009
-4.3335
-4.4706
-4.6048
-4.6329
-4.6412
-4.5557
-4.4781
-4.4267
-4.3926
-4.3731
-4.4435
-4.5735
-4.5013
-4.3868
-4.2814
-4.1356
-4.0066
-3.8431
-3.5866
-3.4326
-3.3577
-3.0711
-2.9257
-2.9134
-2.8315
-2.4871
-2.3244
-2.4649
-2.5897
-2.8571
-2.7246
-2.4342
-2.3022
-2.2002
-2.1811
-2.0915
-2.0494
-2.1164
-2.0751
-1.9632
-1.7710
-1.6831
-1.6369
-1.4900
-1.5157
-1.2813
-1.1995
-1.3802
-1.6799
-1.8137
-2.2477
-2.7215
-3.0133
-3.0673
-3.0677
-2.5685
-2.3893
-2.4276
-2.4081
-2.5941
-2.8249
-3.0039
-2.9794
-2.8822
-2.7906
-2.8073
-2.8097
-2.9026
-3.0672
-3.1274
-3.2566
-3.4280
-3.3620
-3.1575
-3.0372
-2.8181
-2.4813
-2.1200
-1.9322
-1.9211
-2.0105
-2.1267
-2.1325
-2.1710
-2.2102
-2.2251
-2.2503
-2.3419
-2.4379
-2.4367
-2.2983
-2.1040
-1.7995
-1.4679
-1.3954
-1.4308
-0.9327
-0.2516
0.0370
-0.5597
-0.4881
-0.5331
-0.6389
-0.3586
-0.4801
-0.4050
-0.5303
-0.4416
-0.4147
-0.4514
-0.5553
-0.6152
-0.6575
-0.7923
-0.9387
-0.9975
-0.9945
-0.9506
-0.9211
-0.8980
-0.8804
-0.9442
-1.0716
-1.2277
-1.4251
-1.6264
-1.8232
-2.0010
-2.1438
-2.1998
-2.1912
-2.1921
-2.2155
-2.2072
-2.1974
-2.1507
-2.0657
-1.9653
-1.8410
-1.7079
-1.5483
-1.3612
-1.1939
-1.0592
-1.0056
-0.9979
-0.9965
-1.0506
-1.0921
-1.0468
-0.8647
-0.6977
-0.6222
-0.6051
-0.5997
-0.5469
-0.4369
-0.3508
-0.2710
-0.2111
-0.1845
-0.2008
-0.2794
-0.3796
-0.4741
-0.5262
-0.4780
-0.2539
0.1656
0.6436
1.0331
1.3877
1.7400
2.1176
2.5458
3.0296
3.5245
3.8835
4.0905
4.2793
4.5251
4.8253
5.1321
5.4198
5.6677
5.8551
6.0190
6.1552
6.2741
6.3846
6.4937
6.5053
6.4607
6.4263
6.3872
6.3377
6.2831
6.1946
6.1020
6.0060
5.9046
5.7778
5.6279
5.4926
5.3833
5.1849
4.9299
4.3090
3.4967
3.0811
3.0360
3.0054
2.8007
2.5235
2.1917
1.8323
1.3735
0.7989
0.1704
-0.4478
-0.9779
-1.3804
-1.6277
-1.7464
-1.8251
-1.9102
-2.0360
-2.2009
-2.4341
-2.7106
-2.9813
-3.2345
-3.4457
-3.6301
-3.8352
-4.0168
-4.1738
-4.2906
-4.3912
-4.4859
-4.5698
-4.6502
-4.7561
-4.8461
-4.9100
-4.9263
-5.0216
-5.0097
-4.9447
-4.9414
-4.9046
-4.9166
-4.9308
-4.6631
-4.3974
-4.3801
-4.5411
-4.3195
-3.0203
-1.8278
-1.6224
-1.4849
-1.4206
-1.5060
-1.5052
-1.4026
-1.1712
-1.0459
-0.9684
-0.8128
-0.6006
-0.3966
-0.2606
