2.3665
2.0424
1.7582
1.7089
1.6892
1.7656
1.8044
1.8983
1.8749
1.7739
1.6603
1.5360
1.4508
1.4707
1.3822
1.1794
1.1608
1.1318
1.1273
0.9562
0.7606
0.6943
0.7533
0.8066
0.9402
1.2208
1.6452
1.8442
1.8458
2.1905
2.3741
2.2663
1.4468
0.2882
0.0957
-0.5604
-1.4214
-2.8807
-4.0587
-4.5128
-5.2323
-5.7029
-6.0298
-6.4534
-6.7553
-6.9101
-7.4427
-7.4541
-7.3711
-7.2829
-7.3020
-7.4052
-7.3885
-7.3138
-7.0620
-6.7342
-5.9347
-4.6750
-3.9742
-3.2937
-2.7425
-3.0715
-3.1604
-3.1662
-3.1146
-3.3075
-3.5895
-3.7320
-3.8265
-3.9202
-4.0485
-4.0634
-4.1402
-4.1513
-4.0457
-3.6289
-3.0017
-2.3523
-1.9561
-1.7867
-1.7792
-1.6526
-1.4199
-1.1360
-1.0455
-1.2669
-1.5821
-2.1088
-2.3380
-2.3169
-2.4672
-2.4652
-2.7741
-3.0100
-3.0411
-3.1813
-3.3887
-3.6648
-3.9836
-4.2552
-4.6463
-5.1053
-5.6040
-6.0734
-6.3324
-6.5911
-6.7021
-6.7037
-6.6782
-6.6810
-6.6332
-6.6140
-6.5234
-6.3966
-6.3144
-6.2826
-6.1179
-5.9592
-5.9027
-5.7735
-5.6136
-5.3512
-5.0126
-4.8900
-5.2045
-5.1197
-5.0017
-4.8377
-4.2810
-4.7178
-4.5410
-4.0376
-3.8250
-4.1112
-4.9860
-5.5438
-5.6593
-5.7088
-5.9510
-6.2019
-6.3162
-6.4573
-6.5297
-6.9669
-7.4471
-7.6079
-7.7077
-7.8877
-7.9369
-7.9836
-8.1377
-8.2989
-8.4837
-8.3974
-8.4467
-8.1675
-7.9003
-7.5475
-7.3564
-7.2297
-7.0788
-6.8759
-6.8872
-6.9172
-7.0163
-7.0064
-6.8105
-6.7453
-6.8122
-6.9016
-6.9082
-6.7425
-6.5989
-6.5243
-6.4090
-6.1548
-5.9122
-5.6336
-5.5157
-5.4724
-5.5051
-5.6201
-5.7628
-5.8438
-5.9043
-5.9240
-5.8956
-5.8951
-6.0550
-6.2652
-6.5068
-6.7963
-7.0209
-7.2041
-7.3503
-7.4432
-7.4185
-7.5900
-7.5672
-7.1737
-7.0706
-7.2769
-7.9937
-7.8823
-7.7088
-8.1122
-7.7214
-7.9870
-8.0352
-7.8941
-7.4269
-7.0359
-6.8717
-6.9686
-7.0122
-6.9332
-6.8594
-6.8596
-6.9055
-6.9313
-6.8852
-6.7458
-6.6635
-6.6618
-6.6704
-6.7158
-6.7627
-6.7117
-6.5724
-6.3740
-6.1659
-6.0054
-5.9030
-5.8994
-5.9442
-5.9430
-5.8876
-5.7897
-5.6458
-5.4347
-5.2164
-5.1004
-5.1212
-5.1620
-5.0657
-4.8294
-4.5623
-4.3253
-4.1582
-4.0276
-3.8262
-3.5497
-3.2372
-3.0057
-3.0381
-3.0486
-3.0707
-3.1718
-3.2543
-3.2310
-3.1716
-3.1000
-3.0096
-2.9220
-2.8929
-2.9532
-3.0456
-3.1050
-3.1084
-3.0181
-2.8286
-2.5655
-2.2357
-1.8818
-1.5301
-1.2122
-0.9125
-0.5884
-0.2854
-0.0564
0.1167
0.2092
0.2831
0.3690
0.4821
0.5242
0.4844
0.4224
0.4770
0.5644
0.5991
0.6376
0.6714
0.6828
0.6126
0.4446
0.2298
-0.0350
-0.3132
-0.5304
-0.6981
-0.8672
-1.0484
-1.1774
-1.3307
-1.5248
-1.7277
-1.9149
-2.0682
-2.1623
-2.2115
-2.0140
-1.7109
-1.5917
-1.8835
-2.2592
-2.6348
-2.8220
-2.9023
-2.9209
-2.9142
-2.9127
-2.8896
-2.9232
-3.1159
-3.5302
-4.0961
-4.6980
-5.1452
-5.3756
-5.4828
-5.5045
-5.4159
-5.2657
-5.0715
-4.8325
-4.5442
-4.1987
-3.8226
-3.4174
-3.0408
-2.7103
-2.4081
-2.1261
-1.8558
-1.6308
-1.3992
-1.0374
-0.5213
0.1321
0.7328
1.1564
1.5040
2.1487
2.9340
3.2938
3.7927
4.3604
4.7085
5.0388
5.6996
6.9237
8.5183
9.0259
9.3854
9.4442
9.6417
9.9128
10.0926
10.3018
10.4916
10.5802
10.6346
10.6778
10.7274
10.7856
10.9293
