2.6570
2.6570
2.8050
2.8410
2.8410
2.8440
2.8490
2.8380
2.9360
3.0620
3.1780
3.1770
3.1260
3.0270
3.0180
3.1270
3.3990
3.6280
3.8970
4.0850
4.1290
4.4200
4.3910
3.9210
3.4040
3.1100
3.0430
3.1400
3.0990
2.9350
2.8400
2.7280
2.5850
2.4900
2.4190
2.3380
2.3280
2.4250
2.6000
2.7690
2.9100
3.0490
3.1830
3.3220
3.4670
3.6180
3.7490
3.8730
4.0270
4.1250
4.2000
4.3090
4.4160
4.5140
4.6050
4.7250
4.8740
5.0260
5.1300
5.1820
5.1880
5.1550
5.1170
5.1190
5.0970
5.0890
5.1070
5.2180
5.3220
5.3420
5.1660
4.9910
5.0070
5.1250
5.1860
5.2470
5.3880
5.6470
5.9030
5.8650
5.6840
5.6730
5.6970
5.7230
5.6740
5.5180
5.3970
5.2830
5.1610
5.1250
5.1290
5.0440
4.8760
4.7360
4.6080
4.5300
4.5010
4.3450
4.1180
3.8990
3.9310
4.2120
4.3920
4.3070
4.2290
4.1460
4.0880
4.0860
4.1160
4.1580
4.1520
4.0820
3.9420
3.7360
3.5100
3.2700
2.9830
2.7850
2.7200
2.6020
2.3750
2.2150
2.1940
2.2040
2.2080
2.2940
2.4670
2.6060
2.6970
2.7910
2.9140
3.0640
3.2240
3.3850
3.5330
3.6620
3.8030
3.9420
4.0750
4.2340
4.3920
4.4810
4.5450
4.5820
4.6090
4.6440
4.6750
4.6920
4.7070
4.7100
4.6990
4.6780
4.6740
4.7090
4.7310
4.7720
4.7970
4.8330
4.8760
4.9180
5.0370
4.9730
4.9860
4.9360
4.8870
4.8780
4.8680
4.8440
4.8410
4.8260
4.8320
4.8130
4.7810
4.7370
4.7130
4.7000
4.6650
4.6430
4.6370
4.6330
4.6280
4.6430
4.6760
4.7140
4.7610
4.7920
4.8040
4.7980
4.7960
4.7840
4.7550
4.7270
4.6990
4.6790
4.6620
4.6620
4.6580
4.6710
4.6900
4.7290
4.8000
4.8930
4.9880
5.0650
5.1380
5.2200
5.3160
5.4140
5.5030
5.5920
5.6380
5.6710
5.6610
5.6070
5.5390
5.3550
5.2590
5.1790
5.1260
5.1040
5.0890
5.0820
5.1110
5.1310
5.1310
5.1070
5.1200
5.1470
5.1760
5.2170
5.2430
5.2470
5.2590
5.2690
5.2330
5.1900
5.1610
5.1190
5.0800
5.0680
5.0660
5.0740
5.0830
5.0780
5.1070
5.1200
5.1190
5.1410
5.2000
5.2820
5.3260
5.3510
5.4020
5.4990
5.6190
5.7810
5.9710
6.0340
6.1070
6.1560
6.1340
6.0770
6.0190
5.9500
5.8990
5.9150
6.0460
6.0990
6.0550
6.0260
6.0230
6.0380
6.0840
6.1680
6.3180
6.4340
6.4980
6.5110
6.5560
6.6030
6.5600
6.4290
6.4190
6.5520
6.6340
6.5910
6.7280
6.7290
6.5390
6.4710
6.4480
6.5180
6.6820
7.0800
7.5410
7.5160
7.4680
7.3400
7.2760
7.2710
7.3000
7.7520
8.0180
8.1520
8.0350
7.8360
7.6370
7.5760
7.3330
7.0980
6.9010
6.7930
6.6820
6.6830
6.7860
6.8840
6.9810
6.9650
7.0230
7.0470
6.9690
7.1360
7.4140
7.5920
7.6350
7.6190
7.6660
7.6720
7.5930
7.3870
7.4350
7.3720
7.2270
7.0980
7.0040
6.8900
6.7760
6.6430
6.6750
6.6350
6.5470
6.5380
6.3390
6.1810
6.1000
5.8350
5.7660
5.6410
5.5680
5.4970
5.2930
5.3370
5.3280
5.4320
5.5680
5.6750
5.7880
5.8970
6.0780
6.0990
6.0430
6.1140
6.1050
6.1450
6.1530
6.1310
6.1640
6.1780
6.1150
6.0430
5.9770
5.9270
5.8390
5.8910
5.8860
5.7750
5.7040
