1534.4000
1500.7000
1526.2000
1534.1000
1460.7000
1509.6000
1482.5000
1486.1000
1485.0000
1486.8000
1497.6000
1471.1000
1471.7000
1467.7000
1463.6000
1495.8000
1511.3000
1510.5000
1516.2000
1507.1000
1512.5000
1531.2000
1546.4000
1542.5000
1529.8000
1514.2000
1510.9000
1513.2000
1524.1000
1522.5000
1518.5000
1512.4000
1506.8000
1505.5000
1509.9000
1513.7000
1512.6000
1507.4000
1506.1000
1473.5000
1439.7000
1427.4000
1415.7000
1415.9000
1402.9000
1384.1000
1355.0000
1332.1000
1323.6000
1313.6000
1301.6000
1307.0000
1303.1000
1291.5000
1281.9000
1269.0000
1263.2000
1257.9000
1260.0000
1257.2000
1251.1000
1245.9000
1240.7000
1251.1000
1265.9000
1273.7000
1279.9000
1286.6000
1297.8000
1312.3000
1329.2000
1339.3000
1344.5000
1349.3000
1352.5000
1345.2000
1355.0000
1370.5000
1383.8000
1390.0000
1390.9000
1401.4000
1407.3000
1413.5000
1421.9000
1426.6000
1433.6000
1415.0000
1395.7000
1393.5000
1393.5000
1401.4000
1384.7000
1368.1000
1349.1000
1335.6000
1334.1000
1330.6000
1326.5000
1320.5000
1307.7000
1303.2000
1304.5000
1307.7000
1313.6000
1310.3000
1304.8000
1301.1000
1302.4000
1307.7000
1311.7000
1347.8000
1379.0000
1385.5000
1388.7000
1379.7000
1386.7000
1396.8000
1409.7000
1420.2000
1417.7000
1416.8000
1418.0000
1419.4000
1429.9000
1440.8000
1442.0000
1443.1000
1441.4000
1446.8000
1448.8000
1454.4000
1452.0000
1447.5000
1445.3000
1421.1000
1396.9000
1389.4000
1384.3000
1387.8000
1383.8000
1375.9000
1361.8000
1354.0000
1358.3000
1362.8000
1367.6000
1380.5000
1384.9000
1383.4000
1388.9000
1391.9000
1399.3000
1396.9000
1403.4000
1405.6000
1412.0000
1419.1000
1428.4000
1454.0000
1484.7000
1502.2000
1519.1000
1531.1000
1551.9000
1576.2000
1604.2000
1626.6000
1638.5000
1648.3000
1660.7000
1647.1000
1646.0000
1649.5000
1652.3000
1662.1000
1664.6000
1671.5000
1674.3000
1680.1000
1690.5000
1700.9000
1713.5000
1685.9000
1653.9000
1649.2000
1651.1000
1668.8000
1667.2000
1658.3000
1636.9000
1620.0000
1622.4000
1625.3000
1625.2000
1645.6000
1650.5000
1647.0000
1648.3000
1650.6000
1655.9000
1656.7000
1660.2000
1657.3000
1650.3000
1649.2000
1649.3000
1678.4000
1709.4000
1716.7000
1718.9000
1709.2000
1715.8000
1730.1000
1754.5000
1773.5000
1776.0000
1777.8000
1783.4000
1769.5000
1766.5000
1775.2000
1780.5000
1785.5000
1784.8000
1786.1000
1785.6000
1791.2000
1803.5000
1809.8000
1814.4000
1789.3000
1758.7000
1748.1000
1742.2000
1743.3000
1733.9000
1718.9000
1692.7000
1670.4000
1662.5000
1654.1000
1643.4000
1645.8000
1634.8000
1621.6000
1615.2000
1608.9000
1605.0000
1595.7000
1589.9000
1583.7000
1575.1000
1570.5000
1562.5000
1578.4000
1590.5000
1588.7000
1581.6000
1573.7000
1575.2000
1586.4000
1606.1000
1620.5000
1625.5000
1629.1000
1632.4000
1608.6000
1600.5000
1602.5000
1599.1000
1602.2000
1593.9000
1584.4000
1562.5000
1545.1000
1539.1000
1533.6000
1528.7000
1493.3000
1459.4000
1448.7000
1443.4000
1442.4000
1440.8000
1430.6000
1404.0000
1377.5000
1362.9000
1350.6000
1334.8000
1336.7000
1323.8000
1295.8000
1266.2000
1254.0000
1251.4000
1249.9000
1250.6000
1245.0000
1232.2000
1211.5000
1201.2000
1208.5000
1222.3000
1221.7000
1223.6000
1212.1000
1209.6000
1211.4000
1218.1000
1217.0000
1203.4000
1192.1000
1184.6000
1159.6000
1145.4000
1145.1000
1131.2000
1122.9000
1113.2000
1097.0000
1070.5000
1052.9000
1044.8000
1030.3000
1013.8000
975.4000
934.6700
912.2300
889.6700
875.9000
852.2500
823.0400
787.5000
755.2100
738.9000
726.2000
704.7100
708.2900
694.5700
661.8900
647.0400
630.6500
620.2900
605.7200
599.3800
592.5900
584.2900
583.8400
587.5100
603.6700
621.2500
631.5800
636.8100
637.8400
650.3300
656.7200
672.8700
681.2700
686.1600
690.2800
697.5000
685.1600
674.8500
677.7000
679.6000
686.6300
682.5900
679.6800
677.5100
671.4000
672.9200
676.1200
673.3400
651.2100
623.0800
