3.4158
3.4164
3.6515
3.7080
3.7076
3.7128
3.7211
3.7027
3.8594
4.0590
4.2424
4.2411
4.1606
4.0032
3.9883
4.1610
4.5927
4.9564
5.3838
5.6815
5.7518
6.2137
6.1673
5.4224
4.6011
4.1343
4.0279
4.1826
4.1167
3.8564
3.7060
3.5278
3.3015
3.1514
3.0388
2.9100
2.8943
3.0476
3.3249
3.5941
3.8166
4.0378
4.2504
4.4711
4.7012
4.9408
5.1490
5.3453
5.5897
5.7454
5.8645
6.0376
6.2077
6.3623
6.5062
6.6973
6.9333
7.1758
7.3393
7.4224
7.4326
7.3797
7.3193
7.3224
7.2877
7.2750
7.3037
7.4793
7.6441
7.6762
7.3976
7.1196
7.1444
7.3314
7.4296
7.5262
7.7498
8.1601
8.5669
8.5059
8.2198
8.2011
8.2391
8.2814
8.2038
7.9565
7.7637
7.5834
7.3896
7.3315
7.3384
7.2042
6.9367
6.7147
6.5111
6.3872
6.3426
6.0945
5.7350
5.3873
5.4377
5.8832
6.1687
6.0347
5.9103
5.7782
5.6861
5.6841
5.7310
5.7977
5.7878
5.6772
5.4552
5.1280
4.7697
4.3891
3.9336
3.6191
3.5155
3.3294
2.9692
2.7141
2.6812
2.6965
2.7033
2.8396
3.1145
3.3354
3.4795
3.6293
3.8239
4.0622
4.3157
4.5705
4.8059
5.0105
5.2347
5.4556
5.6656
5.9175
6.1685
6.3100
6.4118
6.4709
6.5132
6.5685
6.6180
6.6448
6.6693
6.6743
6.6564
6.6222
6.6163
6.6724
6.7068
6.7716
6.8119
6.8688
6.9364
7.0043
7.1929
7.0916
7.1115
7.0321
6.9542
6.9401
6.9250
6.8864
6.8808
6.8571
6.8669
6.8372
6.7855
6.7169
6.6785
6.6571
6.6027
6.5677
6.5570
6.5514
6.5442
6.5675
6.6192
6.6799
6.7549
6.8034
6.8225
6.8140
6.8106
6.7905
6.7443
6.6999
6.6569
6.6249
6.5978
6.5975
6.5903
6.6117
6.6424
6.7033
6.8160
6.9639
7.1153
7.2376
7.3530
7.4836
7.6358
7.7914
7.9324
8.0727
8.1457
8.1983
8.1824
8.0963
7.9884
7.6965
7.5451
7.4176
7.3330
7.2994
7.2755
7.2633
7.3097
7.3420
7.3415
7.3042
7.3235
7.3673
7.4134
7.4783
7.5195
7.5260
7.5450
7.5614
7.5034
7.4355
7.3889
7.3221
7.2614
7.2411
7.2380
7.2506
7.2661
7.2574
7.3033
7.3240
7.3224
7.3582
7.4517
7.5810
7.6514
7.6911
7.7719
7.9262
8.1165
8.3730
8.6753
8.7744
8.8908
8.9676
8.9335
8.8433
8.7512
8.6409
8.5598
8.5859
8.7933
8.8776
8.8081
8.7611
8.7563
8.7807
8.8538
8.9869
9.2256
9.4100
9.5112
9.5314
9.6034
9.6774
9.6090
9.4009
9.3852
9.5961
9.7268
9.6586
9.8751
9.8767
9.5766
9.4682
9.4315
9.5426
9.8035
10.4343
11.1658
11.1266
11.0492
10.8473
10.7459
10.7379
10.7828
11.5009
11.9231
12.1356
11.9490
11.6340
11.3185
11.2221
10.8354
10.4624
10.1508
9.9793
9.8033
9.8041
9.9679
10.1229
10.2776
10.2516
10.3444
10.3815
10.2582
10.5228
10.9642
11.2460
11.3151
11.2900
11.3649
11.3738
11.2484
10.9207
10.9974
10.8972
10.6670
10.4631
10.3145
10.1329
9.9514
9.7416
9.7921
9.7289
9.5882
9.5742
9.2577
9.0083
8.8798
8.4583
8.3500
8.1516
8.0356
7.9218
7.5994
7.6690
7.6546
7.8185
8.0357
8.2044
8.3836
8.5572
8.8446
8.8769
8.7891
8.9021
8.8864
8.9502
8.9626
8.9289
8.9801
9.0036
8.9032
8.7895
8.6837
8.6049
8.4649
8.5469
8.5393
8.3629
8.2508
