-12.8656
-12.8739
-12.8880
-12.8950
-12.8882
-12.8958
-12.9260
-12.9542
-13.0061
-13.0761
-13.1052
-13.0832
-13.0667
-13.0780
-13.1230
-13.2316
-13.3701
-13.4716
-13.6000
-13.6682
-13.7699
-14.0987
-14.1662
-14.2321
-14.0269
-13.6667
-13.2259
-12.7253
-12.2900
-11.8400
-11.3589
-10.9561
-10.6134
-10.3138
-10.1271
-10.0133
-9.9377
-9.9067
-9.9864
-10.1476
-10.1617
-10.0899
-9.9938
-9.9196
-9.8579
-9.7881
-9.6111
-9.4406
-9.2059
-9.1508
-9.1593
-9.1513
-9.1573
-9.1185
-9.0792
-9.0563
-9.0470
-9.0294
-9.0119
-8.9945
-9.0393
-9.1226
-9.2284
-9.4153
-9.8988
-10.2067
-10.5116
-10.9614
-11.4115
-11.6818
-11.7766
-11.8145
-12.0527
-12.4107
-12.5664
-12.7155
-13.0352
-13.4800
-13.9484
-14.2375
-14.2980
-14.2827
-14.1249
-13.9752
-13.8302
-13.6981
-13.6497
-13.7493
-13.9087
-14.0631
-14.1775
-14.2662
-14.3574
-14.4222
-14.4712
-14.5693
-14.6202
-14.4942
-14.3102
-14.1855
-14.3359
-14.7733
-14.9887
-14.9901
-14.9482
-14.8179
-14.7781
-14.8684
-15.0068
-15.1768
-15.3069
-15.3190
-15.2007
-15.0004
-14.7698
-14.5701
-14.4530
-14.4060
-14.4082
-14.4369
-14.5335
-14.5081
-14.3615
-14.2050
-14.0636
-13.9160
-13.7894
-13.6962
-13.5931
-13.4969
-13.4027
-13.3340
-13.3070
-13.3006
-13.2903
-13.2842
-13.2695
-13.2436
-13.2354
-13.3009
-13.4205
-13.5415
-13.6436
-13.7372
-13.8223
-13.9034
-13.9837
-14.0564
-14.1221
-14.1920
-14.2614
-14.3092
-14.3519
-14.4002
-14.4499
-14.5122
-14.5893
-14.6678
-14.7449
-14.8412
-14.8754
-14.9509
-15.0291
-15.1140
-15.2039
-15.3028
-15.3911
-15.4497
-15.4732
-15.4588
-15.4043
-15.3313
-15.2616
-15.1681
-15.1015
-15.0626
-15.0158
-14.9617
-14.9274
-14.9195
-14.9124
-14.8928
-14.8828
-14.8868
-14.9048
-14.9262
-14.9455
-14.9474
-14.9301
-14.9086
-14.8824
-14.8578
-14.8356
-14.8073
-14.7991
-14.8046
-14.8039
-14.8057
-14.8025
-14.7899
-14.7733
-14.7631
-14.7766
-14.8162
-14.8474
-14.8677
-14.8776
-14.8848
-14.8804
-14.8722
-14.9099
-14.9386
-15.0030
-15.0834
-15.2056
-15.2453
-15.2824
-15.2930
-15.2848
-15.2488
-15.2161
-15.1812
-15.1262
-15.0598
-14.9918
-14.9293
-14.8725
-14.8368
-14.8179
-14.7717
-14.7046
-14.6246
-14.5484
-14.5048
-14.4758
-14.4603
-14.4633
-14.4531
-14.4440
-14.4547
-14.4673
-14.4996
-14.5406
-14.5937
-14.6721
-14.7400
-14.7861
-14.8102
-14.8395
-14.8597
-14.9170
-14.9965
-15.0922
-15.1890
-15.2688
-15.3195
-15.2407
-15.3078
-15.3169
-15.3596
-15.4123
-15.4351
-15.4298
-15.4247
-15.4322
-15.4290
-15.4164
-15.4101
-15.4268
-15.4605
-15.4974
-15.5162
-15.5066
-15.4585
-15.4002
-15.3413
-15.2910
-15.2362
-15.1789
-15.1438
-15.1147
-15.1094
-15.0958
-15.0482
-15.0001
-14.9644
-14.9328
-14.8704
-14.7784
-14.6825
-14.5646
-14.4990
-14.4471
-14.3562
-14.2550
-14.2555
-14.2807
-14.3033
-14.2394
-14.1797
-14.1502
-14.0690
-14.0220
-14.0453
-14.1310
-14.2100
-14.2456
-14.1667
-14.0657
-14.0161
-13.6694
-13.2024
-13.3375
-13.3140
-13.1705
-12.9629
-12.7430
-12.5137
-12.2312
-11.9101
-11.6461
-11.3717
-11.0587
-10.9867
-10.9135
-10.8989
-10.5956
-10.3812
-9.9631
-9.7701
-9.5880
-9.4512
-9.3416
-9.2083
-8.8681
-8.6421
-8.3434
-8.0858
-7.8817
-7.7831
-7.6838
-7.6251
-7.5905
-7.5434
-7.4850
-7.4124
-7.3962
-7.3856
-7.4570
-7.6863
-7.9909
-8.3129
-8.6117
-8.9078
-9.1829
-9.4300
-9.5958
-9.6353
-9.7408
-9.8124
-9.9255
-9.8988
-9.8304
-9.8333
-9.7784
-9.7780
-9.7904
-9.8125
-9.7379
-9.5975
-9.4917
-9.3873
-9.2417
-9.1915
-9.2021
-9.1583
-9.1846
