-0.0511
-0.1394
-0.2091
-0.4433
-0.4780
-0.4945
-0.4977
-0.6215
-0.6941
-0.7966
-0.8660
-1.0007
-1.1325
-1.2635
-1.3075
-1.4289
-1.4176
-1.4544
-1.4373
-1.5070
-1.4612
-1.1536
-0.9497
-0.7779
-0.7851
-0.9145
-1.0418
-1.0459
-1.0773
-1.0874
-1.1029
-1.0954
-1.1990
-1.4663
-1.7734
-2.0118
-2.2675
-2.5924
-2.9789
-3.3436
-3.6285
-3.8424
-4.0536
-4.2838
-4.5286
-4.7824
-4.9939
-5.1850
-5.4139
-5.5829
-5.7223
-5.9027
-6.0676
-6.2052
-6.3267
-6.4897
-6.6866
-6.8879
-7.0125
-7.0506
-7.0112
-6.9573
-6.8847
-6.8157
-6.7113
-6.5815
-6.4019
-6.1593
-5.7530
-5.2779
-4.9207
-4.8594
-4.9264
-4.9922
-5.1372
-5.2889
-5.1136
-4.7631
-4.2637
-3.8813
-3.6618
-3.4329
-3.3822
-3.2850
-3.1151
-2.8991
-2.7795
-2.6946
-2.6252
-2.5005
-2.3124
-2.1930
-2.3884
-2.4620
-2.4457
-2.3291
-2.2385
-2.3044
-2.4084
-2.5047
-2.4967
-2.3631
-2.2340
-2.1624
-2.0597
-2.0632
-2.1719
-2.2096
-2.1899
-2.1259
-2.0232
-1.9064
-1.7844
-1.7349
-1.7566
-1.8267
-1.9469
-2.1148
-2.3190
-2.3706
-2.3123
-2.3013
-2.3902
-2.4628
-2.5353
-2.7243
-3.0286
-3.2794
-3.4524
-3.6193
-3.8182
-4.0583
-4.3134
-4.5705
-4.8028
-4.9966
-5.1992
-5.4015
-5.5967
-5.8342
-6.0855
-6.2189
-6.3061
-6.3718
-6.4344
-6.5155
-6.5850
-6.6184
-6.6494
-6.6585
-6.6439
-6.6020
-6.5903
-6.6388
-6.6747
-6.7412
-6.7892
-6.8466
-6.9169
-6.9876
-7.1814
-7.0870
-7.1114
-7.0272
-6.9358
-6.8838
-6.8182
-6.7363
-6.6946
-6.6610
-6.6679
-6.6408
-6.6023
-6.5713
-6.5771
-6.5867
-6.5504
-6.5241
-6.5193
-6.5124
-6.5020
-6.5188
-6.5648
-6.6277
-6.7041
-6.7507
-6.7716
-6.7664
-6.7710
-6.7588
-6.7257
-6.6936
-6.6558
-6.6247
-6.5955
-6.5906
-6.5717
-6.5739
-6.5797
-6.6110
-6.6941
-6.8175
-6.9332
-7.0007
-7.0408
-7.1013
-7.2077
-7.3462
-7.4620
-7.5828
-7.6472
-7.7137
-7.7198
-7.6692
-7.5976
-7.3506
-7.2414
-7.1555
-7.1182
-7.1422
-7.1647
-7.1858
-7.2601
-7.3092
-7.3215
-7.2944
-7.3217
-7.3663
-7.4010
-7.4512
-7.4894
-7.5002
-7.5239
-7.5435
-7.4893
-7.4240
-7.3771
-7.3095
-7.2489
-7.2306
-7.2322
-7.2495
-7.2660
-7.2556
-7.3009
-7.3224
-7.3223
-7.3579
-7.4502
-7.5763
-7.6353
-7.6483
-7.6877
-7.7922
-7.9393
-8.1668
-8.4483
-8.5806
-8.7164
-8.7880
-8.7233
-8.6013
-8.4797
-8.3504
-8.2401
-8.2268
-8.3710
-8.4212
-8.3070
-8.2101
-8.1822
-8.1769
-8.2388
-8.3551
-8.5639
-8.7259
-8.7954
-8.7803
-8.8634
-8.9662
-8.8791
-8.6706
-8.6462
-8.8458
-8.9160
-8.8086
-9.0085
-8.9771
-8.6181
-8.4391
-8.3441
-8.5178
-8.8388
-9.3521
-9.9432
-9.8546
-9.6351
-9.2911
-9.0513
-8.9977
-8.9265
-9.5342
-9.9482
-10.1826
-10.1274
-9.9131
-9.4650
-9.1703
-8.7393
-8.4491
-8.0030
-7.8427
-7.9910
-8.0089
-8.1488
-8.1673
-8.2190
-8.1451
-8.2450
-8.3493
-8.2499
-8.3916
-8.6900
-9.2443
-9.5321
-9.5443
-9.4417
-9.1421
-8.5204
-8.0669
-7.9121
-7.7244
-7.5108
-7.2575
-6.7590
-6.3862
-5.7682
-5.2745
-4.8833
-4.5111
-4.2956
-4.5257
-4.3063
-4.0042
-3.7282
-3.7542
-3.7370
-3.6145
-3.6705
-3.8486
-4.0016
-4.1933
-4.0261
-3.8041
-3.6682
-3.4635
-2.9848
-2.5825
-1.8914
-1.5703
-1.1937
-1.0213
-0.7972
-0.5418
-0.2767
0.0343
0.2918
0.7045
1.0327
1.5182
1.8850
2.5973
3.3255
3.9627
4.3693
4.7001
5.2273
