3.4154
3.4135
3.6455
3.6814
3.6767
3.6797
3.6876
3.6502
3.7964
3.9800
4.1531
4.1213
4.0035
3.7985
3.7679
3.9079
4.3684
4.7382
5.1884
5.4780
5.5631
6.1056
6.0937
5.3663
4.5336
4.0319
3.8909
4.0497
3.9732
3.6999
3.5381
3.3534
3.0761
2.7896
2.4677
2.1026
1.7987
1.6023
1.4769
1.3182
1.1832
1.2410
1.2784
1.2805
1.2622
1.2408
1.2542
1.2995
1.3909
1.3567
1.2836
1.2692
1.3113
1.4050
1.5178
1.6548
1.8329
2.0123
2.1660
2.3197
2.4672
2.4609
2.4844
2.6764
2.8406
3.0999
3.5156
4.2430
5.0334
5.5739
5.5238
5.2034
5.1743
5.3692
5.3673
5.3545
5.8232
6.6257
7.4305
7.5687
7.3591
7.4481
7.5129
7.6020
7.5894
7.4095
7.2491
7.0885
6.9076
6.8919
6.9646
6.8623
6.5125
6.2470
6.0343
5.9474
5.9344
5.6420
5.2048
4.7697
4.8306
5.3878
5.7499
5.6340
5.5398
5.3973
5.2549
5.2370
5.2961
5.3938
5.4227
5.3475
5.1551
4.8256
4.4344
3.9910
3.4180
2.9369
2.6423
2.3378
1.8628
1.4388
1.2148
1.0982
0.9381
0.8009
0.7263
0.6083
0.4334
0.2688
0.2087
0.1787
0.1389
-0.0290
-0.1735
-0.3727
-0.6092
-0.7661
-0.8807
-0.9894
-1.0086
-1.0686
-1.1596
-1.1283
-1.0100
-0.8329
-0.6599
-0.5915
-0.5157
-0.4596
-0.4072
-0.5163
-0.5864
-0.6688
-0.6553
-0.6414
-0.5553
-0.5510
-0.5191
-0.4829
-0.4064
-0.2556
-0.0178
0.2632
0.5054
0.8823
1.2119
1.4302
1.5898
1.6282
1.6410
1.6271
1.5659
1.3910
1.1593
0.9659
0.8298
0.7552
0.7024
0.7138
0.7423
0.7980
0.8471
0.8335
0.8267
0.8448
0.8320
0.8046
0.7329
0.6558
0.5008
0.2917
0.1185
-0.0469
-0.1747
-0.3021
-0.4955
-0.7065
-0.9104
-1.1084
-1.2835
-1.4202
-1.5995
-1.8364
-2.1199
-2.3614
-2.5207
-2.5958
-2.6912
-2.7695
-2.8057
-2.7767
-2.7121
-2.5948
-2.4681
-2.2815
-2.1189
-1.9544
-1.7621
-1.5068
-1.2652
-1.0580
-0.8505
-0.6938
-0.5414
-0.3794
-0.1618
0.1197
0.4299
0.6364
0.6727
0.6220
0.5637
0.5201
0.4595
0.4132
0.4178
0.4300
0.4269
0.3895
0.2888
0.1239
-0.0443
-0.1583
-0.1847
-0.1526
-0.0417
0.0744
0.1470
0.2671
0.4973
0.8104
1.1413
1.4517
1.6866
1.8466
1.9717
1.8337
1.7525
1.7858
1.9265
2.0549
2.1632
2.2218
2.3178
2.4572
2.6924
2.8099
2.9285
3.0579
3.1182
3.2000
3.2421
3.3101
3.4311
3.5223
3.6200
3.7085
3.6967
3.6413
3.6733
3.6330
3.6504
3.7196
3.8880
3.9620
4.0453
4.1184
4.1761
4.2929
4.3965
4.3021
4.2407
4.6273
5.0801
5.1661
5.4083
5.5982
5.7921
5.8604
6.0486
6.4319
6.5723
6.6021
6.3415
6.0894
6.2066
6.4685
6.4056
6.1705
6.2443
6.1708
5.6788
5.6549
5.7407
5.9806
6.1705
6.2253
6.2473
6.1697
6.0968
6.3490
6.6855
6.4044
6.0967
6.0309
6.3257
6.7665
7.3437
7.3612
7.6383
7.6865
7.5745
7.5369
7.7914
7.8672
8.1092
8.1901
8.4876
8.6199
8.5721
8.4370
8.1951
8.0695
8.0593
7.5795
7.4671
7.3065
7.1483
6.9241
6.4605
6.4210
6.5103
6.8306
7.1496
7.4375
7.8343
8.1582
8.6399
8.7369
8.7077
8.8434
8.8506
8.9338
8.9583
8.9288
8.9754
8.9760
8.8431
8.6574
8.4767
8.2035
7.7843
7.5728
7.3368
6.9172
6.3837
