3.6070
3.9090
4.0980
4.4790
4.7690
5.0480
5.2860
5.5550
5.6800
5.8330
5.9290
5.9930
6.0810
6.1580
6.2380
6.3160
6.3480
6.3570
6.3070
6.1690
6.0740
6.0170
5.7540
5.5420
5.4780
5.4740
5.3920
5.3880
5.3790
5.2990
5.2090
5.2100
5.2170
5.2520
5.3210
5.3190
5.2940
5.2700
5.2190
5.2140
5.2470
5.3520
5.4320
5.4470
5.4560
5.5090
5.5830
5.6520
5.6860
5.7700
5.6650
5.5610
5.6550
5.5650
5.6390
5.5920
5.5480
5.4160
5.2490
5.1300
5.0950
4.9810
4.7860
4.7610
4.9410
4.8420
4.8170
5.0890
5.2330
5.2230
5.3340
5.4360
5.4520
5.5340
5.3100
5.1850
5.1780
5.3220
5.0350
5.5440
5.8200
5.5920
5.5720
5.8580
6.1560
6.6810
6.8700
6.8590
6.9580
6.9990
7.1020
7.5060
7.5720
7.2120
6.7850
7.5190
7.9080
7.8260
7.4750
7.2240
6.9890
6.8210
6.5800
6.3830
6.5040
6.8890
7.1960
7.3040
7.3630
7.2660
7.2710
7.4150
7.5340
7.5890
7.5230
7.4860
7.3530
6.8540
6.5190
6.5200
6.3590
6.5890
7.0800
7.2780
7.3580
7.4290
7.4970
7.5520
7.6030
7.8710
8.2520
8.4660
8.5950
8.6520
8.6550
8.5580
8.4270
8.3200
8.2580
8.1770
8.1390
8.2010
8.3320
8.4510
8.5040
8.5300
8.5180
8.4460
8.3530
8.2790
8.1620
8.1710
8.0590
7.9510
7.7440
7.5420
7.3270
7.0620
6.9590
6.9390
6.9410
6.9740
6.9910
7.1570
7.3870
7.5130
7.5610
7.5600
7.4760
7.3570
7.2710
7.2030
7.1800
7.1520
7.0990
7.0750
7.1370
7.2520
7.1590
6.9550
6.8790
6.7890
6.9870
7.1090
6.9140
6.8320
6.9450
7.0260
7.1100
7.2060
7.2380
7.3010
7.1730
7.0470
6.9170
6.7800
6.6650
6.6460
6.6100
6.5360
6.3840
6.2450
6.1380
5.8580
5.4180
5.1160
5.2890
5.7900
5.9740
5.8950
5.6440
5.1990
4.5950
3.7490
2.6800
1.8340
1.4640
1.4460
1.6460
1.7120
1.7460
1.7780
1.9150
2.0980
2.2850
2.5720
2.9680
3.3670
3.6150
3.8260
3.9430
4.2160
4.4130
4.5240
4.6640
4.8380
4.9970
5.1050
5.1310
5.1050
5.0240
4.9230
4.7730
4.5940
4.4630
4.3600
4.2450
4.1400
4.0170
3.9190
3.8650
3.8340
3.7650
3.7210
3.7300
3.7830
3.7250
3.6170
3.5780
3.5390
3.4860
3.3980
3.2540
3.1070
2.9950
2.9180
2.8600
2.7940
2.7220
2.6290
2.5130
2.4360
2.4030
2.3380
2.2770
2.2190
2.1840
2.1700
2.1580
2.1600
2.1780
2.1760
2.1210
1.9290
1.8860
2.0010
2.0860
2.1650
2.2740
2.3870
2.4980
2.5950
2.6640
2.7010
2.7430
2.7420
2.6900
2.6510
2.6070
2.5770
2.5090
2.4030
2.3180
2.1890
2.0270
1.8900
1.7970
1.7160
1.6160
1.4730
1.3060
1.1430
1.0200
1.0820
1.3350
1.6490
1.9040
2.0450
2.0960
2.0730
2.0300
2.0260
2.0780
2.1490
2.2280
2.3290
2.4570
2.5780
2.6830
2.7870
2.8720
2.9500
3.0690
3.2480
3.4900
3.7870
4.1240
4.5110
4.9530
5.4230
5.8330
6.0990
6.1970
6.1820
6.1920
6.2850
6.4190
6.4580
6.4590
6.4700
6.6140
6.7080
6.8230
6.9280
6.9700
6.9960
7.0030
7.0410
7.0570
6.9790
6.9600
7.0250
7.1010
7.1030
7.0140
6.8890
6.8030
6.7640
6.8040
6.8630
6.9090
7.0190
7.1160
7.1450
7.2380
7.4290
7.6510
