1628.2000
1655.7000
1638.4000
1668.9000
1677.3000
1714.8000
1678.1000
1709.3000
1683.6000
1684.5000
1711.1000
1712.3000
1725.2000
1687.5000
1705.6000
1709.7000
1743.8000
1750.6000
1747.7000
1737.1000
1757.2000
1763.0000
1789.0000
1803.0000
1815.7000
1808.0000
1816.4000
1825.3000
1842.8000
1857.9000
1869.5000
1873.3000
1877.5000
1891.4000
1898.1000
1911.1000
1921.1000
1929.3000
1934.8000
1913.3000
1895.8000
1887.3000
1879.0000
1882.6000
1867.2000
1853.6000
1830.4000
1812.1000
1805.4000
1796.2000
1789.8000
1788.3000
1771.6000
1761.2000
1749.3000
1743.5000
1736.3000
1728.8000
1727.2000
1720.6000
1712.4000
1710.4000
1710.6000
1716.2000
1721.0000
1728.9000
1739.1000
1742.7000
1742.7000
1741.3000
1741.5000
1739.1000
1740.0000
1733.8000
1742.4000
1748.8000
1749.6000
1745.0000
1748.4000
1714.9000
1691.2000
1709.3000
1734.3000
1739.2000
1721.7000
1704.0000
1718.0000
1694.4000
1661.8000
1636.2000
1625.1000
1607.6000
1584.7000
1581.6000
1569.7000
1519.9000
1494.4000
1483.9000
1489.3000
1490.0000
1471.4000
1454.5000
1454.5000
1455.0000
1448.2000
1421.8000
1396.5000
1373.6000
1354.8000
1348.2000
1337.3000
1368.8000
1389.7000
1391.5000
1389.1000
1364.6000
1360.7000
1378.7000
1392.9000
1398.4000
1389.2000
1370.8000
1350.2000
1322.5000
1311.0000
1306.6000
1293.0000
1285.0000
1265.7000
1245.3000
1220.1000
1206.8000
1196.0000
1178.8000
1165.8000
1135.4000
1100.5000
1076.8000
1057.2000
1043.4000
1023.7000
999.3000
972.0200
944.5600
933.4700
926.1300
914.5900
909.1400
889.1800
863.1700
847.5200
823.3200
812.4100
785.3300
772.5500
759.8800
746.9200
739.8200
729.4000
741.3200
758.4900
758.3600
761.8800
753.7700
753.6400
767.8400
785.1400
794.5800
806.7500
816.6500
822.4700
821.3500
833.0600
840.9800
835.4700
839.6300
834.3500
839.8300
834.1900
817.4100
812.6100
805.5600
815.4400
780.7700
729.1800
703.2100
702.7700
709.9800
703.3400
697.2900
677.9300
653.3200
649.5400
645.9900
630.3800
633.9700
621.7500
598.7800
581.7900
564.2800
554.2600
557.6700
573.2400
571.0600
555.0800
544.1500
536.4100
556.0200
575.9200
575.1300
563.4500
545.7900
542.1000
548.0100
553.2500
555.6300
546.7700
548.1200
556.5900
550.6600
555.1500
562.4100
570.1000
574.3700
573.0000
572.0400
572.3800
568.6300
563.2600
561.5200
559.0500
531.6500
503.5300
494.6100
487.6000
485.3500
471.3400
458.0300
439.4800
417.3500
418.3400
423.8900
429.9100
445.4100
447.8000
446.8600
449.0100
455.2600
463.0700
468.4900
470.1900
473.4900
482.9600
495.8700
505.7400
541.5000
574.0100
592.4500
608.4700
620.5900
636.7300
655.1800
676.8000
695.2300
706.1200
718.6400
735.2700
730.4300
736.3500
751.1900
767.0300
787.1000
799.1300
811.3100
819.1600
831.1900
848.6700
864.4800
880.5400
877.2100
869.7700
875.1900
888.4900
912.7300
928.9200
934.1300
932.8900
931.6700
938.1200
944.9600
948.5700
975.5400
993.4200
1001.1000
1006.2000
1012.3000
1028.2000
1047.8000
1069.0000
1087.1000
1098.6000
1114.4000
1130.0000
1166.7000
1206.9000
1228.8000
1245.7000
1251.3000
1268.4000
1290.8000
1322.3000
1352.6000
1371.4000
1388.6000
1412.2000
1419.1000
1435.6000
1453.2000
1466.7000
1475.8000
1478.2000
1480.6000
1483.0000
1488.5000
1497.5000
1503.1000
1509.7000
1485.3000
1462.2000
1456.0000
1455.1000
1465.7000
1464.1000
1453.9000
1436.1000
1425.2000
1429.2000
1435.0000
1438.8000
1456.9000
1460.8000
1458.4000
1457.7000
1457.8000
1464.9000
1467.5000
1476.0000
1484.9000
1492.6000
1504.0000
1509.4000
1531.7000
1552.5000
1568.2000
1583.6000
1592.3000
1606.0000
1621.2000
1639.3000
1659.2000
1674.4000
1687.5000
1697.6000
1685.8000
1688.6000
1705.8000
1720.5000
1734.8000
1735.8000
1739.5000
1739.3000
1741.0000
1754.7000
1766.2000
1768.1000
1729.1000
1685.5000
