4.9230
5.4027
5.7025
6.3063
6.7673
7.2093
7.5878
8.0141
8.2121
8.4550
8.6073
8.7090
8.8486
8.9715
9.0983
9.2212
9.2725
9.2868
9.2083
8.9888
8.8384
8.7480
8.3296
7.9936
7.8924
7.8856
7.7561
7.7495
7.7357
7.6086
7.4658
7.4674
7.4786
7.5332
7.6435
7.6397
7.6001
7.5627
7.4809
7.4739
7.5257
7.6926
7.8193
7.8436
7.8566
7.9407
8.0589
8.1681
8.2229
8.3557
8.1883
8.0233
8.1730
8.0307
8.1476
8.0726
8.0032
7.7944
7.5290
7.3400
7.2850
7.1042
6.7939
6.7543
7.0402
6.8829
6.8441
7.2745
7.5038
7.4884
7.6639
7.8255
7.8503
7.9815
7.6259
7.4278
7.4161
7.6442
7.1895
7.9970
8.4346
8.0738
8.0414
8.4954
8.9678
9.8015
10.1018
10.0842
10.2412
10.3057
10.4692
11.1110
11.2156
10.6436
9.9668
11.1304
11.7482
11.6180
11.0605
10.6634
10.2899
10.0227
9.6413
9.3290
9.5196
10.1315
10.6182
10.7898
10.8834
10.7299
10.7371
10.9663
11.1546
11.2425
11.1378
11.0778
10.8680
10.0763
9.5435
9.5460
9.2901
9.6557
10.4336
10.7490
10.8759
10.9888
11.0961
11.1828
11.2643
11.6900
12.2934
12.6340
12.8386
12.9283
12.9339
12.7792
12.5710
12.4021
12.3037
12.1750
12.1149
12.2139
12.4215
12.6100
12.6947
12.7352
12.7163
12.6025
12.4549
12.3366
12.1519
12.1660
11.9885
11.8167
11.4886
11.1682
10.8255
10.4064
10.2428
10.2102
10.2144
10.2656
10.2934
10.5557
10.9213
11.1214
11.1969
11.1965
11.0623
10.8741
10.7371
10.6293
10.5935
10.5480
10.4638
10.4259
10.5254
10.7071
10.5599
10.2361
10.1150
9.9732
10.2861
10.4808
10.1712
10.0403
10.2198
10.3487
10.4821
10.6339
10.6856
10.7850
10.5816
10.3814
10.1764
9.9587
9.7764
9.7451
9.6891
9.5714
9.3304
9.1096
8.9396
8.4953
7.7970
7.3179
7.5922
8.3881
8.6789
8.5532
8.1564
7.4496
6.4906
5.1493
3.4525
2.1097
1.5222
1.4937
1.8111
1.9167
1.9711
2.0218
2.2385
2.5287
2.8256
3.2818
3.9094
4.5431
4.9361
5.2710
5.4570
5.8893
6.2018
6.3784
6.6000
6.8772
7.1290
7.3002
7.3416
7.3007
7.1725
7.0111
6.7736
6.4896
6.2823
6.1186
5.9353
5.7696
5.5732
5.4190
5.3325
5.2838
5.1743
5.1041
5.1179
5.2023
5.1099
4.9396
4.8772
4.8162
4.7307
4.5920
4.3634
4.1299
3.9515
3.8305
3.7373
3.6327
3.5189
3.3718
3.1867
3.0650
3.0129
2.9104
2.8135
2.7213
2.6650
2.6427
2.6248
2.6277
2.6557
2.6519
2.5652
2.2609
2.1919
2.3754
2.5095
2.6359
2.8085
2.9875
3.1636
3.3169
3.4277
3.4855
3.5527
3.5504
3.4683
3.4059
3.3365
3.2886
3.1804
3.0132
2.8773
2.6727
2.4168
2.1992
2.0509
1.9220
1.7646
1.5371
1.2722
1.0130
0.8182
0.9165
1.3184
1.8159
2.2214
2.4455
2.5264
2.4887
2.4206
2.4147
2.4969
2.6091
2.7355
2.8960
3.0992
3.2902
3.4564
3.6227
3.7577
3.8805
4.0695
4.3537
4.7377
5.2084
5.7435
6.3584
7.0591
7.8046
8.4563
8.8784
9.0339
9.0093
9.0245
9.1729
9.3857
9.4478
9.4495
9.4657
9.6943
9.8435
10.0261
10.1932
10.2598
10.3017
10.3126
10.3730
10.3984
10.2742
10.2439
10.3464
10.4681
10.4706
10.3290
10.1307
9.9951
9.9330
9.9967
10.0894
10.1633
10.3368
10.4922
10.5375
10.6849
10.9879
11.3398
