-14.2452
-14.2360
-14.2083
-14.1705
-14.1528
-14.1796
-14.2504
-14.3782
-14.5445
-14.7425
-14.9531
-15.1504
-15.3123
-15.4321
-15.5279
-15.6041
-15.6520
-15.6813
-15.7005
-15.7071
-15.7138
-15.8906
-16.0486
-16.0379
-16.0070
-15.9339
-15.9015
-15.8836
-15.8807
-15.8817
-15.8807
-15.8933
-15.9294
-15.9706
-16.0167
-16.0774
-16.1257
-16.1636
-16.1995
-16.2285
-16.2473
-16.2641
-16.2783
-16.2875
-16.2867
-16.2829
-16.2701
-16.2502
-16.2291
-16.2106
-16.2002
-16.1917
-16.1690
-16.1623
-16.1498
-16.1270
-16.1155
-16.1131
-16.1216
-16.1440
-16.1620
-16.2091
-16.2725
-16.3090
-16.2926
-16.3387
-16.3585
-16.3489
-16.3309
-16.3113
-16.3029
-16.3118
-16.3331
-16.3045
-16.2886
-16.2842
-16.2851
-16.2895
-16.3050
-16.1263
-16.0195
-16.1226
-16.0988
-15.9777
-15.8004
-15.7015
-15.7437
-15.7260
-15.6658
-15.6174
-15.5370
-15.3368
-15.3142
-15.4648
-15.6004
-15.4168
-15.3856
-15.4168
-15.4292
-15.3713
-15.3265
-15.2656
-15.2358
-15.2695
-15.2779
-15.2816
-15.3104
-15.3117
-15.2971
-15.3388
-15.3780
-15.3881
-15.3869
-15.3761
-15.3760
-15.3110
-15.2812
-15.2286
-15.0805
-14.7528
-14.4375
-13.9797
-13.4514
-12.8848
-12.3708
-11.9912
-11.7295
-11.4579
-11.1048
-10.6989
-10.2935
-9.9782
-9.7444
-9.5114
-9.3176
-9.1343
-8.9605
-8.7880
-8.6115
-8.4443
-8.3148
-8.2384
-8.1940
-8.1454
-8.0944
-8.0961
-8.1133
-8.1257
-8.1509
-8.1640
-8.1590
-8.1706
-8.2068
-8.2641
-8.3517
-8.4194
-8.5444
-8.7337
-9.0117
-9.2975
-9.5982
-9.8869
-10.1459
-10.3671
-10.4448
-10.4839
-10.5781
-10.7790
-10.9043
-11.0344
-11.1503
-11.2251
-11.2837
-11.3190
-11.3098
-11.2559
-11.1732
-11.1154
-11.0378
-10.9379
-10.8931
-10.8744
-10.8887
-10.8305
-10.6607
-10.5147
-10.4814
-10.4392
-10.2867
-10.2408
-10.1964
-10.1449
-10.1352
-10.0883
-10.0018
-9.8891
-9.7463
-9.6742
-9.6786
-9.6645
-9.5993
-9.4945
-9.4092
-9.2787
-9.1566
-9.0841
-9.1878
-9.3580
-9.3389
-9.2585
-9.1420
-9.1031
-9.2262
-9.3893
-9.5570
-9.6366
-9.4805
-9.3004
-9.0850
-8.6304
-8.1058
-7.7452
-7.5504
-7.4283
-7.4374
-7.6383
-7.8372
-7.9334
-7.7686
-7.7012
-7.6512
-7.7333
-7.7681
-7.8061
-7.8619
-7.8902
-8.0636
-8.2567
-8.3755
-8.4584
-8.5707
-8.7334
-8.8988
-9.0563
-9.2168
-9.3756
-9.4891
-9.5993
-9.7391
-9.8467
-9.9188
-10.0032
-10.1111
-10.1710
-10.1566
-10.0916
-10.1053
-10.1815
-10.2283
-10.2672
-10.2783
-10.2520
-10.2163
-10.1865
-10.1899
-10.2047
-10.2223
-10.2345
-10.2278
-10.2031
-10.1484
-10.1025
-10.0703
-9.9978
-9.9447
-9.9736
-10.0716
-10.1953
-10.3054
-10.4297
-10.5353
-10.6155
-10.6788
-10.7860
-10.8751
-10.8847
-10.8875
-10.9038
-10.9383
-10.9642
-10.9735
-10.9822
-10.9836
-10.9681
-10.9417
-10.9065
-10.8873
-10.8961
-10.8904
-10.8809
-10.8868
-10.9349
-10.9724
-11.0027
-11.0419
-11.0759
-11.0972
-11.0965
-11.0859
-11.0702
-11.0465
-11.1018
-11.2279
-11.3322
-11.3252
-11.3184
-11.3214
-11.2868
-11.1684
-10.9224
-10.5353
-10.1437
-9.7475
-9.3618
-9.0153
-8.7133
-8.4580
-8.2393
-8.0679
-7.9600
-7.8835
-7.9443
-8.0808
-8.2397
-8.3109
-8.3499
-8.4318
-8.5895
-8.8629
-9.2660
-9.7362
-10.1696
-10.4786
-10.7396
-11.0146
-11.3336
-11.6909
-12.0098
-12.2859
-12.4217
-12.5055
-12.6551
-12.7909
-12.9387
-13.0934
-13.2228
-13.3299
-13.4221
-13.4945
-13.5716
-13.6092
-13.6417
-13.6809
-13.7368
-13.8129
-13.8937
-13.9657
-14.0311
-14.0840
-14.1190
-14.1474
-14.1557
-14.1683
-14.1734
-14.1312
-14.0231
-13.9416
