-4.3499
-4.7204
-4.9420
-5.4657
-5.9017
-6.3432
-6.7126
-7.1340
-7.3362
-7.6366
-7.8289
-7.9417
-8.0612
-8.2168
-8.3472
-8.4505
-8.5644
-8.6528
-8.6679
-8.5191
-8.4426
-8.4222
-8.0422
-7.7454
-7.6697
-7.6805
-7.5693
-7.5661
-7.5184
-7.3372
-7.1268
-7.0296
-6.9285
-6.8894
-6.9204
-6.8984
-6.8707
-6.8680
-6.8918
-6.9547
-7.0576
-7.2637
-7.4636
-7.5452
-7.6004
-7.7280
-7.8602
-7.9689
-8.0334
-8.1655
-8.0539
-7.9179
-8.0759
-7.9341
-8.0978
-8.0525
-7.9959
-7.7933
-7.5275
-7.3345
-7.2801
-7.0933
-6.7569
-6.6533
-6.8149
-6.5250
-6.3268
-6.6293
-6.8939
-6.9144
-6.9310
-7.0820
-6.9632
-7.1955
-6.7363
-6.3522
-6.0651
-6.0549
-5.5947
-6.8964
-7.5160
-6.8660
-6.1893
-6.1370
-6.7794
-7.8529
-7.6775
-6.9317
-7.1084
-7.6316
-7.9490
-9.0482
-9.3366
-8.5094
-7.3629
-8.7640
-9.4997
-9.3451
-8.5373
-8.1227
-7.8434
-7.7562
-7.4152
-7.1249
-7.2841
-7.8972
-8.2923
-8.3330
-8.3389
-8.0539
-7.9627
-8.2346
-8.5191
-8.5989
-8.4251
-8.3241
-8.0728
-7.1273
-6.6040
-6.3194
-5.6300
-5.7589
-6.1592
-5.7763
-5.1461
-4.7595
-4.5693
-4.2632
-4.0730
-4.3226
-4.4106
-4.0476
-3.7726
-3.6789
-3.7860
-3.8180
-3.6888
-3.5787
-3.5138
-3.4653
-3.5731
-3.8095
-4.0405
-4.0409
-3.9121
-3.7843
-3.7786
-3.8189
-3.8767
-4.0333
-4.1590
-4.5302
-4.3867
-4.5746
-4.4101
-4.1632
-4.2150
-4.3627
-4.6213
-4.5957
-4.6340
-4.7872
-4.7558
-4.8394
-4.7593
-4.3249
-3.8173
-3.3111
-2.8734
-2.7685
-2.7637
-2.5206
-2.2608
-2.1453
-2.0532
-1.8470
-1.6377
-1.2981
-1.0684
-1.0868
-1.1034
-1.2170
-1.0425
-0.8728
-0.8628
-0.9613
-0.9899
-1.0842
-1.0650
-0.7793
-0.4697
-0.3391
-0.1661
0.0280
0.0507
0.1462
0.3131
0.2950
0.1536
0.0776
-0.1094
-0.0802
0.1156
0.2947
0.3627
0.2497
0.1091
0.5925
1.2154
1.6439
1.7627
1.9412
2.1344
2.2347
2.1966
1.9392
1.5211
1.3292
1.2398
1.0988
0.9483
0.7043
0.4104
0.1625
-0.3360
-1.0592
-1.6727
-1.9260
-1.9932
-2.1398
-2.1257
-2.0752
-2.1701
-2.1412
-2.0761
-2.1775
-2.4036
-2.5637
-2.6150
-2.6308
-2.7848
-2.9050
-2.9832
-3.0526
-3.1384
-3.1357
-3.0443
-3.0078
-2.9486
-2.8728
-2.7918
-2.8724
-2.9062
-2.8779
-2.9454
-3.1591
-3.4346
-3.6917
-3.8520
-3.9068
-3.9303
-3.8543
-3.6825
-3.4837
-3.3310
-3.2804
-3.2532
-3.2238
-3.1566
-3.0437
-2.8789
-2.8045
-2.7838
-2.7122
-2.6524
-2.6190
-2.6160
-2.6311
-2.6247
-2.6141
-2.5942
-2.5022
-2.3138
-1.8062
-1.4003
-1.2998
-1.1830
-0.9959
-0.7339
-0.3991
0.0406
0.4516
0.7897
1.0850
1.3682
1.5755
1.7292
1.9378
2.0994
2.1554
2.0811
1.9642
1.9239
1.8376
1.7033
1.5651
1.4635
1.3538
1.2209
1.0046
0.7466
0.4214
0.0064
-0.5379
-1.1157
-1.6529
-2.0519
-2.2546
-2.3025
-2.2276
-2.1286
-2.0979
-2.1532
-2.2648
-2.4323
-2.6463
-2.8925
-3.1172
-3.3202
-3.5158
-3.6762
-3.8370
-4.0540
-4.3513
-4.7377
-5.2073
-5.7409
-6.3552
-7.0567
-7.8029
-8.4544
-8.8771
-9.0338
-9.0043
-9.0113
-9.1539
-9.3617
-9.4114
-9.3900
-9.3622
-9.5519
-9.6479
-9.7726
-9.8612
-9.8310
-9.7327
-9.5794
-9.4649
-9.3692
-9.1284
-9.0195
-9.0901
-9.1736
-9.1087
-8.8363
-8.3722
-7.9457
-7.8651
-7.8798
-7.8882
-7.7707
-7.6996
-7.5600
-7.3239
-7.3717
-7.8364
-8.3835
