-2.3051
-2.6282
-2.8450
-3.1456
-3.3114
-3.4259
-3.5379
-3.6513
-3.6905
-3.6290
-3.5769
-3.5743
-3.6488
-3.6017
-3.6198
-3.6905
-3.5538
-3.3724
-3.1082
-2.8676
-2.6153
-2.3653
-2.1691
-1.9762
-1.8615
-1.7870
-1.6920
-1.6763
-1.8206
-2.0141
-2.2242
-2.5193
-2.8152
-3.0471
-3.2453
-3.2829
-3.2490
-3.1661
-2.9100
-2.7371
-2.6128
-2.5326
-2.3317
-2.1432
-1.9897
-1.8258
-1.7787
-1.7928
-1.7552
-1.7727
-1.4777
-1.2965
-1.2560
-1.2415
-0.8996
-0.5706
-0.3434
-0.1311
0.1502
0.2828
0.2676
0.3929
0.7079
1.1638
1.7668
2.1906
2.6102
2.9951
2.9632
2.8753
3.2705
3.3293
3.6250
3.4539
3.5743
3.8500
4.2678
4.6661
4.5154
4.0487
3.8278
4.2478
5.1339
5.8745
5.8704
5.8653
6.5652
7.3242
7.3724
6.9257
6.8131
6.4486
6.2143
6.3934
6.7174
6.8615
6.9120
6.9028
7.0320
6.9087
6.6606
6.3478
6.1620
6.0221
6.1290
6.3467
6.6320
6.8542
6.9937
7.0898
7.2029
7.2424
7.2007
7.2425
7.2848
7.3093
7.2763
7.1228
6.8895
7.1548
7.3898
7.7504
8.4217
9.0650
9.5814
9.9046
10.1117
10.3383
10.5022
10.8615
11.4749
11.9681
12.2718
12.3938
12.3674
12.1955
12.0176
11.8746
11.7913
11.6714
11.5760
11.6046
11.7459
11.9450
12.0769
12.1599
12.1420
12.0099
11.8362
11.6587
11.4181
11.2911
11.1571
10.8954
10.6085
10.3633
9.9712
9.4477
9.1411
9.1175
9.1028
9.0810
9.1289
9.3810
9.8298
10.2460
10.5261
10.6957
10.6826
10.5157
10.3753
10.3261
10.3494
10.3275
10.2604
10.2610
10.3972
10.6282
10.5058
10.1782
10.0547
9.8986
10.2331
10.4444
10.1346
9.9941
10.1717
10.2918
10.4279
10.6053
10.6753
10.7797
10.5803
10.3813
10.1763
9.9576
9.7714
9.7407
9.6879
9.5711
9.3297
9.1092
8.9389
8.4902
7.7885
7.3136
7.5914
8.3672
8.5934
8.3937
7.9637
7.1923
6.1296
4.6391
2.6636
0.8311
0.0579
-0.6814
-1.3202
-1.5705
-1.7280
-1.8951
-2.2005
-2.5235
-2.8055
-3.1062
-3.5334
-4.1147
-4.5158
-4.8171
-5.0259
-5.5116
-5.8098
-6.0082
-6.2650
-6.5234
-6.7115
-6.8353
-6.8601
-6.8102
-6.6098
-6.3810
-6.0813
-5.7268
-5.4422
-5.2541
-5.0951
-4.9236
-4.7293
-4.5949
-4.5432
-4.4348
-4.2811
-4.2154
-4.1854
-4.1332
-3.7834
-3.2820
-2.9915
-2.8165
-2.6330
-2.4961
-2.3406
-2.2182
-2.1257
-1.9778
-1.8397
-1.6744
-1.5552
-1.4508
-1.3662
-1.2365
-1.1524
-1.0558
-0.9383
-0.7393
-0.5087
-0.2474
0.0192
0.2665
0.5685
0.8785
1.1074
1.3599
1.6863
1.9883
2.2132
2.4405
2.7110
2.9607
3.1634
3.2860
3.3355
3.3124
3.2786
3.1817
3.0066
2.8009
2.5932
2.4838
2.4050
2.2850
2.1395
1.9407
1.7146
1.5450
1.4368
1.3643
1.2740
1.1634
1.0300
0.9212
0.8182
0.7421
0.7025
0.7520
0.8510
0.9471
1.0399
1.1096
1.1525
1.1957
1.2643
1.2954
1.2517
1.1765
1.1128
1.0528
0.9608
0.8736
0.7783
0.5789
0.3546
0.1434
-0.0168
-0.1108
-0.1720
-0.2004
-0.1826
-0.1604
-0.1789
-0.1501
0.0322
0.3001
0.4869
0.5912
0.6706
0.8284
1.0583
1.3954
1.6558
1.9524
2.2402
2.5804
2.9349
3.3763
3.8189
4.2442
4.5106
4.7151
4.8567
4.9416
5.0425
5.1638
5.3488
5.7042
6.0635
6.0667
6.1516
6.2907
6.5505
6.8968
7.2755
7.5762
7.7347
7.7023
7.6360
