2.5370
2.6700
2.8220
2.9690
3.1450
3.3180
3.4890
3.6570
3.7370
3.8730
3.9920
4.1270
4.1240
4.2720
4.4210
4.4590
4.3050
4.2250
3.8880
3.5710
3.3270
3.3360
3.3350
3.2320
3.3050
3.2990
3.2440
3.2180
3.2810
3.3530
3.4030
3.4860
3.6260
4.0530
3.7720
3.1620
2.9340
2.8420
2.9030
2.9940
3.0490
3.0960
3.0870
2.9240
3.0480
3.2770
3.6990
3.6190
3.4750
3.3800
3.4950
3.7030
3.7050
3.8210
4.0400
4.4240
4.6230
5.0900
5.2730
4.8060
4.9910
4.9310
5.4610
5.8640
7.1620
6.7730
6.9800
7.1070
8.2110
8.3230
8.7670
9.3170
9.0030
7.9200
7.7560
8.4690
8.5220
7.9190
8.2450
7.9520
8.1200
8.8690
5.1160
4.8600
6.4930
6.1050
6.8030
7.4150
7.4400
6.5490
4.9850
5.2600
4.5850
3.5650
4.6110
4.0120
4.0120
3.4030
3.7890
2.8550
2.5700
1.9740
1.5630
2.7300
3.3920
3.8580
4.9680
6.2050
6.9480
7.4620
7.2260
7.3170
7.5600
8.5790
9.2880
9.4600
9.1530
9.2480
9.4070
9.6950
9.8790
9.9510
10.0880
10.1420
10.0260
9.9280
9.7400
9.6570
9.7360
9.8300
9.4340
9.3560
8.8770
8.5430
8.2170
8.0800
7.8910
6.9770
6.6860
6.6770
7.2070
6.6760
5.4690
5.7100
5.7970
5.1630
5.4010
4.9560
4.5820
4.6770
4.8000
4.1940
4.0510
4.2470
4.1590
3.1600
3.1730
3.6700
3.4080
3.7190
3.8220
3.9900
3.7030
3.4590
3.3620
3.2000
2.7590
2.5480
2.3000
2.3400
2.1050
2.1080
1.9790
1.9310
1.8310
1.9210
1.5290
1.5140
1.5240
1.5280
1.3760
1.3170
1.3610
1.3610
1.2800
1.0880
0.9000
0.8020
0.9150
0.9240
0.8680
0.8690
0.8950
0.8880
0.8460
0.8290
0.8220
0.8840
0.9600
0.9510
0.9380
0.9710
0.9880
1.0260
1.0890
1.1900
1.3310
1.4900
1.6090
1.7020
1.7770
1.8010
1.7250
1.7690
2.0180
2.3550
2.5200
2.2930
2.1720
1.9420
1.6460
1.9480
2.0820
1.8070
1.7890
1.9680
2.3580
2.4620
3.0430
3.6560
3.7300
3.3450
4.7670
4.6380
2.3090
2.4140
5.7540
5.2000
6.9140
3.6150
2.9530
2.1650
1.1900
2.2920
3.2360
3.2620
2.7930
2.4340
2.1010
2.3660
2.3680
2.1770
0.7460
2.1150
2.1170
2.5880
2.5530
1.1390
1.4900
2.2500
1.7930
2.4780
3.0360
2.8490
3.9500
4.5270
4.7570
4.7870
4.6310
4.9980
5.2050
5.2740
5.0610
4.8210
4.2700
4.4950
4.7550
4.9720
5.1410
5.5860
5.8850
5.9300
5.8320
5.8750
5.8800
5.5250
5.4880
5.8300
5.7210
6.0160
6.0960
6.1680
6.5520
6.4410
6.5710
6.7120
6.7330
7.1330
7.0940
7.0490
6.9670
8.0350
7.5010
7.0650
6.1830
5.2680
4.8030
3.9490
3.7330
4.2780
4.9170
5.2820
6.0880
6.6810
7.0670
7.4510
7.6970
7.7760
8.0660
8.1330
8.3190
8.8570
8.7870
8.9060
8.8650
8.6970
9.4410
9.5550
9.7700
10.4000
11.0100
12.0750
12.2270
11.4810
11.3960
11.3340
10.5970
9.8160
9.0390
8.1230
6.3990
8.1620
8.3350
8.2730
7.7080
7.4240
6.9080
6.3280
6.2410
6.2930
6.2360
6.0590
5.9570
5.9360
5.8110
5.7470
5.8040
5.8100
5.7490
5.6940
5.6710
5.6740
5.4350
5.3080
5.2920
5.4530
5.4790
5.4670
5.4690
5.1880
5.0740
5.0760
4.9630
4.9070
5.0020
4.9540
4.9690
