555.1800
565.1300
560.4200
553.4800
590.7100
591.9600
585.0700
598.7800
578.9400
607.3400
589.6900
615.4200
610.3500
609.0000
607.7500
620.6500
636.1500
637.9000
626.0800
614.7800
598.3100
608.0700
616.6700
612.2200
602.9400
591.9600
594.5400
598.5000
603.7100
605.9700
604.0700
598.2200
585.6900
579.3900
579.1600
577.1600
578.4100
577.5400
570.6600
538.6000
508.5400
484.9700
463.2000
465.5200
438.1200
417.7600
384.9800
367.0200
366.9500
357.6000
336.3400
306.7900
295.8300
287.4900
267.7200
228.0800
228.9100
218.1900
198.2500
187.9400
162.4300
141.9200
143.6800
219.5900
117.7600
162.2800
146.0400
141.5800
94.1670
99.3570
87.8870
26.9470
14.8830
73.0150
36.0500
45.7490
250.1900
224.0600
215.3100
220.0700
189.0400
89.9110
238.1400
333.1200
305.5000
240.4800
298.8800
246.5700
271.4800
219.2600
250.7500
232.0500
269.6900
251.4900
197.7400
182.5700
204.0200
215.9400
231.7100
227.1800
212.3200
182.9600
162.3800
160.8000
162.6700
143.2400
132.4500
122.3800
112.2900
110.0200
128.8500
173.6800
190.6400
192.1200
185.2200
172.3900
166.9200
165.3400
178.6200
183.5600
180.9600
180.8300
179.5700
185.7500
197.5000
210.9600
216.6400
221.5600
229.4500
232.3000
236.5500
241.9000
232.8100
235.5300
227.3100
210.7400
249.7300
194.7400
205.9400
203.1100
235.5100
192.6700
213.6800
213.6500
231.1600
243.1400
227.8600
250.3900
267.5300
242.8100
225.8500
284.5500
273.2500
254.6800
254.9800
295.5100
300.8400
278.4100
291.1600
295.9800
311.2800
304.1600
325.8000
346.5300
356.3100
374.3700
406.5300
421.0100
435.4100
447.7600
477.1100
475.5700
486.8900
480.4800
494.9900
478.4700
504.0800
499.3800
493.1900
486.7600
495.8200
502.0200
503.5400
478.9500
458.8100
458.6100
465.2800
487.4100
493.7100
484.0000
465.5100
460.3700
464.0200
464.5500
468.6200
482.5400
483.9300
484.4200
483.3800
484.0800
488.5300
491.3800
496.0900
491.7000
494.6400
500.5500
504.6900
533.2100
557.4400
569.8800
575.5700
564.9700
564.8500
578.9400
602.3100
613.1100
611.6700
603.1000
610.3200
607.2200
591.0600
600.7200
610.6200
577.4900
552.5800
569.4200
586.1100
581.2800
555.8600
545.8500
553.5700
461.6900
507.7300
480.0400
504.4700
415.6800
572.3200
481.3500
429.9200
484.4600
462.9500
363.2400
249.8600
294.2500
276.0200
263.4000
325.2800
304.3000
314.9900
295.5600
305.3100
331.2700
356.2400
423.3900
387.4300
425.1800
437.3100
414.1100
402.0000
375.4800
366.1400
344.8000
314.8700
302.1600
299.6300
295.9300
282.2400
255.0000
281.5200
288.7600
293.8700
304.2200
310.5500
316.2400
334.7100
308.0900
293.6900
289.6800
301.7300
245.8700
190.6000
175.6900
162.4900
156.9700
144.4600
150.1300
124.8200
86.0690
82.4740
64.4570
76.3830
90.9330
90.1110
102.9200
92.9320
76.5040
65.5290
85.0540
92.3970
102.2600
91.0030
151.0500
109.7200
125.0500
176.9100
189.1200
173.4600
168.2700
140.4500
133.3900
129.3600
139.3400
119.7300
110.6600
104.4600
81.0110
75.2920
71.5580
74.7960
67.4550
42.8350
0.4336
-33.2600
-58.5640
-116.6100
-130.8200
-184.5100
-196.2200
-209.3600
-213.7600
-293.7000
-195.6800
-120.0700
-142.0900
-175.9300
-140.5500
-134.7800
-148.2400
-205.3900
-164.1300
-122.6000
-132.9300
-105.3700
-99.6270
-46.7580
-22.9870
23.1000
58.4170
56.9740
62.3570
55.8110
88.5480
115.3500
126.0400
141.1300
135.9100
148.6200
175.4500
205.2300
237.3500
248.3000
258.5300
285.6000
290.6500
311.6000
316.6800
325.9100
338.8100
349.3300
371.7700
392.8900
407.4500
426.0900
445.9800
458.8600
439.5700
412.4400
