3.2248
3.4362
3.6777
3.9115
4.1901
4.4655
4.7369
5.0030
5.1303
5.3458
5.5342
5.7489
5.7434
5.9787
6.2143
6.2759
6.0303
5.9034
5.3687
4.8662
4.4792
4.4935
4.4911
4.3288
4.4444
4.4343
4.3471
4.3063
4.4058
4.5205
4.5997
4.7313
4.9534
5.6305
5.1849
4.2180
3.8559
3.7096
3.8067
3.9500
4.0375
4.1128
4.0990
3.8402
4.0360
4.3999
5.0693
4.9428
4.7146
4.5635
4.7464
5.0759
5.0789
5.2636
5.6098
6.2190
6.5363
7.2771
7.5664
6.8266
7.1202
7.0238
7.8658
8.5054
10.5646
9.9471
10.2762
10.4768
12.2290
12.4061
13.1112
13.9841
13.4852
11.7670
11.5074
12.6378
12.7230
11.7663
12.2836
11.8176
12.0839
13.2738
7.3185
6.9111
9.5032
8.8872
9.9948
10.9663
11.0054
9.5916
7.1093
7.5466
6.4759
4.8567
6.5165
5.5664
5.5656
4.6003
5.2118
3.7304
3.2779
2.3314
1.6799
3.5313
4.5829
5.3220
7.0822
9.0458
10.2255
11.0410
10.6661
10.8106
11.1958
12.8137
13.9387
14.2105
13.7237
13.8743
14.1275
14.5841
14.8765
14.9900
15.2079
15.2923
15.1093
14.9540
14.6556
14.5239
14.6487
14.7981
14.1698
14.0463
13.2859
12.7561
12.2379
12.0214
11.7207
10.2708
9.8090
9.7950
10.6351
9.7940
7.8772
8.2609
8.3982
7.3918
7.7702
7.0642
6.4699
6.6208
6.8162
5.8555
5.6279
5.9390
5.7989
4.2146
4.2353
5.0240
4.6075
5.1014
5.2645
5.5306
5.0758
4.6885
4.5348
4.2780
3.5782
3.2423
2.8501
2.9121
2.5401
2.5450
2.3393
2.2633
2.1049
2.2482
1.6261
1.6028
1.6188
1.6238
1.3829
1.2889
1.3590
1.3592
1.2314
0.9257
0.6273
0.4727
0.6521
0.6664
0.5775
0.5788
0.6201
0.6090
0.5422
0.5150
0.5049
0.6033
0.7234
0.7086
0.6887
0.7413
0.7670
0.8285
0.9280
1.0880
1.3120
1.5640
1.7532
1.9011
2.0194
2.0579
1.9372
2.0062
2.4013
2.9364
3.1981
2.8389
2.6470
2.2808
1.8123
2.2913
2.5033
2.0667
2.0382
2.3223
2.9421
3.1066
4.0277
5.0005
5.1186
4.5081
6.7644
6.5597
2.8643
3.0310
8.3310
7.4515
10.1713
4.9356
3.8856
2.6345
1.0879
2.8364
4.3343
4.3764
3.6319
3.0622
2.5334
2.9543
2.9573
2.6535
0.3838
2.5561
2.5589
3.3057
3.2509
1.0066
1.5639
2.7696
2.0449
3.1325
4.0171
3.7200
5.4682
6.3828
6.7475
6.7951
6.5481
7.1302
7.4584
7.5690
7.2311
6.8494
5.9747
6.3319
6.7454
7.0892
7.3575
8.0643
8.5387
8.6098
8.4534
8.5219
8.5305
7.9662
7.9074
8.4514
8.2774
8.7457
8.8730
8.9871
9.5966
9.4206
9.6274
9.8506
9.8844
10.5177
10.4573
10.3847
10.2550
11.9490
11.1023
10.4110
9.0111
7.5595
6.8214
5.4666
5.1240
5.9875
7.0025
7.5813
8.8598
9.8008
10.4134
11.0234
11.4127
11.5384
11.9990
12.1053
12.4001
13.2546
13.1425
13.3316
13.2675
13.0001
14.1804
14.3620
14.7021
15.7020
16.6711
18.3605
18.6008
17.4183
17.2837
17.1843
16.0156
14.7760
13.5423
12.0889
9.3533
12.1520
12.4259
12.3276
11.4303
10.9803
10.1611
9.2408
9.1022
9.1862
9.0955
8.8140
8.6520
8.6185
8.4204
8.3187
8.4101
8.4188
8.3228
8.2357
8.1978
8.2032
7.8234
7.6232
7.5968
7.8533
7.8934
7.8750
7.8776
7.4316
7.2505
7.2543
7.0747
6.9866
7.1370
7.0607
7.0839
