-2.1377
-2.1359
-2.1382
-2.1450
-2.1727
-2.2167
-2.2455
-2.2495
-2.2318
-2.2267
-2.2539
-2.2932
-2.3260
-2.3814
-2.4566
-2.6019
-2.8261
-2.8900
-2.9270
-2.7538
-2.4884
-2.1213
-1.7337
-1.3761
-0.9837
-0.5471
-0.1405
0.2291
0.6258
1.0433
1.4258
1.7752
2.1825
2.4292
2.1883
2.4625
2.8354
3.1368
3.4372
3.7554
3.9959
3.9935
3.9955
4.0102
3.8312
3.5940
3.6173
3.8351
4.1135
4.2159
4.3758
4.6512
4.8514
4.9761
5.0581
5.3586
5.7521
6.0155
6.0733
6.0104
5.9348
5.7236
4.5283
3.8098
3.5577
3.4253
3.1465
2.9969
2.7590
2.4336
2.1779
2.1223
2.0604
1.8893
1.7054
1.6225
-1.1952
-1.6713
-2.1693
-2.0133
-1.8804
-1.8120
-2.0366
-1.5944
-1.7519
-1.8769
-2.0177
-2.0808
-2.1926
-2.1398
-2.3828
-2.5326
-2.5116
-2.4805
-2.2375
-2.3123
-2.2394
-2.2312
-2.1099
-1.8279
-1.7433
-1.1541
-0.6701
-0.5128
-0.4474
-0.3624
-0.3522
-0.2028
-0.6792
-0.8853
-1.2102
-0.9218
-0.5563
-0.0541
0.3884
0.5204
0.6966
0.7172
0.8542
1.0785
1.2029
1.3589
1.5351
1.6536
1.7934
1.9795
2.2031
2.4676
2.6423
2.7522
2.8249
2.9811
3.2544
3.5090
3.7179
3.6533
2.6480
4.0570
4.2053
4.5079
4.5409
4.4178
3.7696
2.8863
2.7355
2.4816
2.2090
1.7878
1.5537
1.4631
1.2703
1.0790
0.9134
0.6748
0.3246
-0.0265
-0.2154
-0.3442
-0.5453
-0.6874
-0.9662
-1.2330
-1.5916
-1.8545
-2.1057
-2.3527
-2.6491
-2.9497
-3.2289
-3.3765
-3.4238
-3.4240
-3.3884
-3.2778
-3.1003
-2.9085
-2.8536
-2.6662
-2.3309
-2.0086
-1.8126
-1.6598
-1.5665
-1.5600
-1.6406
-1.8406
-2.1164
-2.4129
-2.5623
-2.5397
-2.4883
-2.4239
-2.3965
-2.3557
-2.3212
-2.2376
-2.1750
-2.2038
-2.1158
-2.0098
-2.0096
-2.0354
-2.0577
-2.0574
-2.0480
-2.1082
-2.1939
-2.2374
-2.2630
-2.2588
-2.2080
-2.1529
-2.1913
-2.1610
-2.0563
-1.9065
-1.6503
-1.3533
-1.1334
-0.7681
-0.4792
-0.3915
-0.3302
-0.0817
0.1208
0.0390
-0.0058
0.1631
0.1976
-0.1832
-0.1225
-0.3477
-0.9984
-0.4425
-0.3510
-0.1357
0.0692
-0.3833
-1.1907
-0.9728
-0.7208
-0.3019
0.1470
0.6266
1.2125
1.5364
1.6814
1.6727
1.6339
1.5949
1.6332
1.7345
1.8034
1.8448
1.2895
-0.0456
-0.6067
-0.5510
-0.8212
-1.3828
-1.5423
-1.6169
-1.4076
-1.0487
-1.0876
-1.0905
-0.7093
-0.2887
-0.6412
-0.9225
-1.0305
-1.2245
-1.4113
-1.3698
-1.3328
-1.2235
-1.2225
-1.1624
-1.0946
-1.1242
-1.2840
-1.4444
-1.5793
-1.6173
-1.5849
-1.5802
-1.4950
-1.4750
-1.5123
-1.3396
-1.2320
-1.3720
-1.2562
-1.2216
-1.0835
-0.9092
-0.8586
-0.7428
-0.5468
-0.0982
0.1781
-0.5898
0.3000
0.2255
-0.2350
-0.1204
-0.1603
-0.1782
0.0076
0.3672
0.7967
1.1923
1.6952
2.0346
2.2850
2.6298
2.8378
3.1247
3.3048
3.4729
3.7441
3.6650
4.1645
4.6052
4.7232
4.8813
4.9963
5.0836
5.0843
5.0883
4.9208
3.6586
3.2359
1.6436
2.8021
2.8073
2.2508
2.7820
3.1246
2.7395
2.0098
0.6694
0.1571
-0.3488
-0.8962
-1.3444
-1.7782
-2.0937
-2.3516
-2.5375
-2.6808
-2.8390
-3.0366
-3.2837
-3.5540
-3.8638
-4.1317
-4.2914
-4.4391
-4.5738
-4.6924
-4.7990
-4.8879
-4.9465
-4.9774
-4.9754
-4.9781
-4.9913
-5.0082
-5.0368
-5.0735
-5.1087
-5.1384
-5.1524
-5.1477
-5.1246
-5.0806
