1.3952
1.2810
1.1482
0.9731
0.9266
0.8812
0.8016
0.5369
0.4455
0.1420
-0.0079
0.0238
-0.1085
-0.1433
-0.3673
-0.5571
-0.7395
-1.0126
-1.0290
-0.9618
-0.9581
-1.0118
-0.8107
-0.7786
-0.8884
-0.8059
-0.6994
-0.5787
-0.3383
-0.0515
0.2164
0.8853
1.3311
2.4100
1.7709
0.9869
1.0516
0.9289
0.5476
0.1575
0.0458
-0.3147
-0.8428
-0.7197
-1.4130
-2.1401
-2.4731
-1.8457
-1.4427
-1.1980
-0.4594
0.0242
0.0212
-0.0370
0.0002
0.5520
1.6191
1.9914
1.9744
1.1597
0.4262
-0.8438
-4.3763
-5.2288
-6.6875
-5.5729
-5.4784
-4.8947
-5.1388
-4.5795
-3.7002
-2.1125
-0.1521
0.0988
-2.0017
-2.2166
4.9422
-4.1376
-5.3556
-7.5078
-8.9809
-12.5226
-6.8583
-2.7299
-4.5379
-6.3136
-8.7911
-10.3251
-10.3590
-9.2441
-6.5115
-6.9360
-6.4589
-4.6023
-6.1460
-5.4237
-5.3767
-4.3366
-2.1614
-2.8844
-3.0462
-2.3233
-0.5409
1.2670
2.2283
2.7156
3.5348
4.7281
5.4226
6.9167
7.3575
8.2655
8.7322
10.1902
11.4714
12.0102
11.6362
11.7751
12.0968
12.7857
13.1379
13.2768
13.5847
13.7087
13.6826
13.7424
13.6656
13.7683
14.0203
14.1401
13.6343
13.6116
12.8794
12.5057
11.8913
11.9798
11.5627
10.1315
9.5248
8.9835
9.7615
8.4329
5.1317
3.5923
4.0190
2.6932
2.3674
1.3604
1.4470
1.2484
0.6576
0.9279
0.5092
-0.0300
-0.3555
-0.4788
-0.5522
-0.5762
-0.4198
-0.3656
-0.3712
-0.4625
-0.5217
-0.5402
-0.4862
-0.6072
-0.8343
-1.4600
-1.9610
-2.2866
-2.0266
-2.1453
-1.9607
-1.7401
-1.2187
-1.3899
-0.8775
-0.8994
-0.7526
-0.7104
-0.4710
-0.2755
-0.2558
-0.1282
-0.1419
-0.2404
-0.3924
-0.4702
-0.6411
-0.6539
-0.5476
-0.5761
-0.6183
-0.5961
-0.5302
-0.4977
-0.4618
-0.5394
-0.6875
-0.6966
-0.6676
-0.7064
-0.7310
-0.8103
-0.8968
-1.0016
-1.1168
-1.2870
-1.4176
-1.4568
-1.5423
-1.6825
-1.6930
-1.6756
-1.8233
-2.0628
-2.2893
-2.2397
-1.7965
-1.2993
-1.4168
-2.0225
-2.0704
-2.0643
-1.8953
-2.3059
-2.9276
-3.1047
-3.9868
-4.9880
-5.0890
-4.1153
-5.3982
-5.1483
-2.5854
-2.6985
-0.5799
-0.7584
-5.5296
-3.2025
3.8843
2.6340
0.5260
0.5826
0.1439
-0.6625
1.4189
0.3500
-0.8757
-2.1847
-2.5687
-2.2867
-0.1144
2.2552
2.5236
3.0735
3.1464
1.0047
-0.2642
-0.1583
0.1098
-0.2996
-1.4621
-1.3193
-2.0717
-2.3952
-2.8603
-3.3370
-2.7833
-2.9831
-2.7882
-3.2598
-3.5401
-3.7776
-3.6764
-3.9869
-4.3365
-4.2975
-4.2443
-4.4010
-4.7531
-4.5824
-4.1570
-3.8616
-3.2024
-2.0856
-1.4775
-1.1567
-0.3176
0.4056
1.5311
2.3908
3.4761
4.3392
4.9147
5.5818
6.0687
7.0331
7.3391
8.1202
8.6300
9.3759
9.3931
9.0364
7.7987
6.3484
5.3796
4.4051
3.7623
3.4660
3.7829
4.2575
5.5120
6.3311
6.8217
7.9757
8.3973
9.1019
10.1387
10.2017
10.0552
10.5317
10.2252
10.0926
9.3914
9.7998
10.3406
10.5589
10.9531
11.7188
11.7190
17.0629
17.6718
14.8611
14.8193
13.9783
13.2977
11.9185
11.1305
11.2850
8.3504
7.6762
8.0719
7.4377
6.8357
6.3387
5.8420
5.3198
4.9137
4.9391
4.5952
4.3796
4.3560
4.3076
4.3094
4.1800
4.2221
4.1679
4.1224
4.1099
3.9964
3.8225
3.6827
3.4081
3.2610
2.9100
2.5509
2.3196
1.9554
1.6561
1.4232
1.1400
0.9594
0.8084
0.5620
0.3357
0.1538
