2.9074
3.1885
3.4939
3.7885
4.0863
4.3777
4.6686
4.9741
5.1109
5.3439
5.5342
5.7489
5.7424
5.9770
6.2034
6.2512
5.9848
5.8159
5.2691
4.7702
4.3755
4.3781
4.4173
4.2582
4.3547
4.3605
4.2905
4.2673
4.3928
4.5202
4.5946
4.6477
4.7712
5.0886
4.8731
4.1009
3.7098
3.5914
3.7671
3.9469
4.0373
4.1008
4.0115
3.7721
3.7805
3.8444
4.4251
4.5853
4.4884
4.4035
4.7241
5.0759
5.0788
5.2635
5.6098
6.1944
6.3326
6.9993
7.3043
6.7273
7.1074
6.9729
6.5359
6.7084
8.1785
8.2393
8.6941
9.2631
11.0969
11.5299
12.5782
13.8236
13.4843
11.7666
11.3319
12.4419
-11.7239
-11.0148
-11.0546
-9.1262
-8.0848
-4.4020
-2.5542
-6.3491
-8.3498
-6.2547
-4.7552
-3.6947
-3.7161
-2.5584
-2.8534
-2.9738
-0.4688
-1.5513
-2.1662
-1.2524
-1.4377
-1.5353
-4.7425
-2.3657
-1.2104
0.1936
1.5904
3.2962
4.0047
4.5770
6.1371
7.7118
8.6692
8.6060
7.7222
6.9678
7.0067
7.7686
7.9179
7.5955
7.2758
7.3378
7.2976
7.0158
6.9790
6.9589
6.8364
6.7768
6.4091
5.8965
5.2950
4.6236
4.2445
4.3635
3.8586
3.4674
3.2614
2.5149
2.8922
0.9990
-1.9182
-1.6858
-2.3440
-3.9037
-4.2211
-4.9808
-5.9763
-7.4390
-7.3741
-6.8837
-7.4008
-6.9320
-6.3060
-6.5020
-6.7844
-5.7815
-5.6048
-5.9389
-5.7880
-4.1874
-4.1991
-4.9909
-4.5884
-5.0883
-5.2514
-5.5112
-5.0489
-4.6573
-4.5087
-4.2347
-3.4795
-2.8950
-2.0682
-1.8033
-1.5315
-1.3693
-1.2758
-1.4472
-1.7162
-1.7671
-1.3690
-1.3267
-1.4332
-1.4602
-1.3002
-1.2591
-1.3348
-1.3531
-1.2232
-0.8939
-0.4894
-0.0484
0.1191
0.1285
0.1835
0.0552
0.0465
0.1250
0.1136
0.1322
0.2042
0.2703
0.2248
0.1302
0.1693
0.2248
0.2323
0.1728
0.2387
0.4248
0.6884
0.8887
1.0315
1.2214
1.3035
1.1849
0.9415
1.1033
1.5626
2.0899
2.2332
1.7444
1.9440
1.8746
1.1300
1.0770
1.4071
0.1007
-0.7497
-0.2751
0.2915
0.1078
-0.5725
0.3532
0.5494
1.8405
4.0764
4.0650
1.2330
1.3802
8.3108
7.4128
8.5370
3.7556
0.1005
0.0512
0.9523
2.7759
4.3319
4.3259
3.3433
3.0421
2.3772
1.9886
1.4654
1.3462
0.3664
1.2032
0.4236
-1.2172
-0.8174
0.0613
1.5414
2.7651
2.0420
3.1182
3.7416
3.4782
5.0606
5.9164
6.1112
5.9193
5.9271
6.4761
6.9177
6.8311
6.3053
5.7135
4.7097
4.9191
5.1667
5.6381
6.0099
6.7575
7.0935
7.2890
7.3607
7.5968
7.9066
7.6883
7.7681
8.3718
8.2713
8.7363
8.7399
8.6632
8.9449
8.3617
8.2784
8.1166
7.8020
7.8203
7.4494
6.4733
5.5397
7.4075
5.9187
5.1703
4.5145
4.1040
4.1942
3.2370
3.4787
4.8823
5.8927
6.2729
6.9364
7.4815
7.8678
7.6094
7.7288
7.0915
6.4172
6.5165
7.2564
8.0478
8.2566
8.7104
9.3717
8.5421
9.7034
9.7354
9.8072
10.4509
11.8571
6.7798
5.8048
9.0856
8.8947
9.9954
8.9258
8.7339
7.7139
4.3348
-4.2136
-9.4206
-9.4471
-9.8311
-9.1610
-8.9659
-8.3138
-7.5560
-7.6619
-7.7454
-7.8493
-7.6489
-7.4755
-7.4648
-7.2341
-7.1923
-7.2734
-7.3147
-7.2301
-7.1369
-7.1577
-7.2581
-6.9024
-6.8190
-6.8613
-7.2942
-7.4699
-7.5256
-7.6310
-7.2447
-7.1095
-7.1641
-7.0094
-6.9397
-7.1148
-7.0527
-7.0823
