5.6850
5.4410
5.0010
4.7360
4.0450
3.7450
3.7850
3.8620
4.1310
4.2420
4.0870
3.7200
3.8060
4.4890
5.4640
6.9860
7.4190
7.8640
7.9720
8.1410
7.9440
7.4280
7.2740
7.4100
7.4110
7.4030
7.5040
7.4350
7.4140
7.4910
7.5070
7.4490
7.3230
7.2120
7.1360
7.0940
7.1110
7.1970
7.2340
7.2500
7.2310
7.1410
6.9970
6.8970
6.8320
6.8910
6.8460
6.6730
6.6340
6.4730
6.5940
6.3880
7.0080
6.8610
6.8330
6.8030
6.7000
6.6140
6.6180
6.5860
6.3410
6.1370
6.0870
6.0530
5.9450
5.8960
5.8780
5.8830
5.9880
6.1810
6.2740
6.3050
6.2960
6.3590
6.3770
6.4490
6.5770
6.6740
6.7330
6.7830
6.7600
6.7430
6.7990
6.8530
6.8500
6.7900
6.7240
6.7220
6.7850
6.8590
6.9340
7.0020
7.0480
7.0130
6.9760
6.9830
7.0310
7.1140
7.1850
7.2810
7.3510
7.3770
7.3870
7.3900
7.3290
7.1610
6.9620
6.7900
6.8020
6.7710
6.6430
6.5830
6.4980
6.4290
6.4400
6.3130
6.3560
6.4010
6.3480
6.2440
6.2450
6.2650
6.2470
6.1910
5.9390
5.7220
5.6050
5.5870
5.4760
5.3000
5.1730
5.0620
4.9270
4.8410
4.7950
4.8360
4.7160
4.7200
4.6290
4.5040
4.4620
4.4850
4.4220
4.3190
4.3110
4.3190
4.2830
4.1430
4.0160
3.9590
3.9570
3.9770
3.9240
3.8470
3.7630
3.6410
3.5330
3.4270
3.2970
3.2420
3.2380
3.1550
3.0900
3.0030
2.9260
2.9380
2.9600
3.0030
3.0670
3.1410
3.2130
3.2590
3.3150
3.3550
3.3850
3.4280
3.4880
3.5320
3.5460
3.5310
3.4980
3.4700
3.4790
3.5100
3.5480
3.5670
3.5910
3.6460
3.6650
3.6400
3.7010
3.7770
3.8680
3.9620
4.0280
4.0820
4.1400
4.1980
4.2610
4.3250
4.4110
4.4920
4.5320
4.5540
4.5790
4.5900
4.5710
4.5670
4.5890
4.6410
4.7040
4.7680
4.7870
4.7520
4.7710
4.7730
4.8040
4.8710
4.9160
4.9510
4.9920
5.0460
5.1310
5.1750
5.2130
5.2190
5.2490
5.3340
5.4560
5.6270
5.8260
5.9960
6.1450
6.2260
6.2510
6.2330
6.1930
6.1280
6.0780
6.0190
5.9590
5.9190
5.9070
5.9260
5.9440
5.9500
5.9650
5.9890
5.9860
5.9790
5.9510
5.9110
5.8800
5.8520
5.8200
5.8180
5.8560
5.9170
6.0020
6.1030
6.1890
6.2630
6.3270
6.3780
6.4160
6.4030
6.4000
6.3730
6.2670
6.1600
6.0640
5.9700
5.8820
5.8580
5.9240
5.9960
6.0150
5.9870
5.9710
5.9280
5.8360
5.8460
5.9000
5.9290
5.9810
6.0410
5.9540
5.8810
5.9750
5.8680
5.8030
5.7990
5.8390
5.8160
5.9610
6.1850
6.0720
5.7320
6.0650
6.5040
6.5000
6.5440
5.9880
5.7980
6.1110
6.4760
6.4990
6.1210
6.0130
5.8140
5.7560
5.6670
5.5560
5.5060
5.6370
5.6050
5.5540
5.6870
5.9190
6.0610
6.1320
6.1640
6.2030
6.2850
6.3740
6.4940
6.5630
6.6360
6.7610
6.8370
6.9300
7.0120
7.1260
7.3250
7.3940
7.4710
7.4740
7.3090
7.2490
7.2420
7.3620
7.1750
7.0740
7.0070
6.8810
6.6520
6.6410
6.6140
6.5330
6.4780
6.4610
6.6730
6.8980
7.3290
7.2960
7.2670
7.0410
7.1730
7.1700
7.0630
6.8750
6.6920
6.5280
6.4900
6.4990
6.2940
6.1250
5.9480
5.8270
5.6300
5.6110
5.7190
5.8310
5.5500
5.3500
5.3200
5.2280
