1087.9000
1025.3000
1090.8000
1138.5000
1125.9000
1132.8000
1129.6000
1101.9000
1072.2000
1076.3000
1088.7000
1086.5000
1076.7000
1075.5000
1079.7000
1111.3000
1127.0000
1136.2000
1157.7000
1150.9000
1152.5000
1177.1000
1187.6000
1210.9000
1216.9000
1227.4000
1229.8000
1225.1000
1229.4000
1231.9000
1241.7000
1255.6000
1270.5000
1278.3000
1285.0000
1290.1000
1304.1000
1306.6000
1308.9000
1303.1000
1293.2000
1290.5000
1298.2000
1298.4000
1296.8000
1284.5000
1275.8000
1277.3000
1281.5000
1293.9000
1282.5000
1293.4000
1227.1000
1206.8000
1203.8000
1174.8000
1173.0000
1174.0000
1190.2000
1211.8000
1229.3000
1235.0000
1231.7000
1244.9000
1261.8000
1274.4000
1276.5000
1268.8000
1267.9000
1253.8000
1259.6000
1269.1000
1270.9000
1269.6000
1275.4000
1286.0000
1304.2000
1319.6000
1330.7000
1342.8000
1363.0000
1383.1000
1398.6000
1406.4000
1407.8000
1410.4000
1416.4000
1388.3000
1367.3000
1362.3000
1363.4000
1373.8000
1374.1000
1374.7000
1367.6000
1358.9000
1360.6000
1363.0000
1363.7000
1366.1000
1358.0000
1348.5000
1341.8000
1336.9000
1333.1000
1332.1000
1335.8000
1337.8000
1338.2000
1343.7000
1348.1000
1376.6000
1406.9000
1422.1000
1434.9000
1434.9000
1443.9000
1456.7000
1467.7000
1477.1000
1475.1000
1474.7000
1482.1000
1485.1000
1496.5000
1514.7000
1520.6000
1521.6000
1523.5000
1534.5000
1542.7000
1550.6000
1562.8000
1566.1000
1565.8000
1551.6000
1544.5000
1541.2000
1540.5000
1544.1000
1539.5000
1531.7000
1525.6000
1522.7000
1523.5000
1522.1000
1520.2000
1521.9000
1513.7000
1505.5000
1499.1000
1494.4000
1490.9000
1485.5000
1478.7000
1474.4000
1471.7000
1469.3000
1464.4000
1486.1000
1505.4000
1514.5000
1520.1000
1519.2000
1524.9000
1532.7000
1549.1000
1562.0000
1568.4000
1577.3000
1586.9000
1582.3000
1588.3000
1599.8000
1612.7000
1622.4000
1627.7000
1634.5000
1639.3000
1649.2000
1659.9000
1667.4000
1674.3000
1641.1000
1610.8000
1603.2000
1600.6000
1614.7000
1615.3000
1608.5000
1584.7000
1564.3000
1557.6000
1551.8000
1543.7000
1554.4000
1550.2000
1540.1000
1532.7000
1523.4000
1519.8000
1516.6000
1519.4000
1516.5000
1514.2000
1518.0000
1524.9000
1564.6000
1602.4000
1616.4000
1624.8000
1622.2000
1635.1000
1655.3000
1683.7000
1705.0000
1710.0000
1717.6000
1731.0000
1728.8000
1739.7000
1751.4000
1755.9000
1763.0000
1765.2000
1769.7000
1767.4000
1766.5000
1765.3000
1756.7000
1747.2000
1710.1000
1675.5000
1662.4000
1654.7000
1658.9000
1651.1000
1639.5000
1621.3000
1608.0000
1607.6000
1604.6000
1597.8000
1598.5000
1586.2000
1573.5000
1562.1000
1550.2000
1542.4000
1530.5000
1522.3000
1512.3000
1503.8000
1499.8000
1494.2000
1513.9000
1527.9000
1533.1000
1537.5000
1532.5000
1535.6000
1542.8000
1554.0000
1562.4000
1563.9000
1569.9000
1574.1000
1557.2000
1556.4000
1565.0000
1572.9000
1586.4000
1590.2000
1589.1000
1576.8000
1569.1000
1568.5000
1568.7000
1569.2000
1538.3000
1511.0000
1494.8000
1484.8000
1490.1000
1479.1000
1459.6000
1433.1000
1414.6000
1398.1000
1399.3000
1395.2000
1405.7000
1398.3000
1390.9000
1379.8000
1361.1000
1361.6000
1375.5000
1362.0000
1334.2000
1332.0000
1320.1000
1339.8000
1363.8000
1366.4000
1355.1000
1351.3000
1346.2000
1345.3000
1351.1000
1359.1000
1363.3000
1359.7000
1347.1000
1329.1000
1311.9000
1309.2000
1304.0000
1293.0000
1285.9000
1278.4000
1275.0000
1267.8000
1259.5000
1252.7000
1242.2000
1236.8000
1199.2000
1155.7000
1133.0000
1116.7000
1108.3000
1087.7000
1052.7000
1018.9000
986.1200
967.5300
961.1700
948.7800
954.4400
939.5600
932.1500
920.2300
916.5700
914.8200
920.0600
915.7500
900.5200
897.0600
901.7100
895.9700
890.8300
903.8500
888.1200
888.8900
882.6300
891.7600
875.5300
887.0300
902.5900
901.9300
892.4900
883.3100
862.3600
828.7500
824.7500
820.8900
817.0700
818.0000
816.1900
792.9100
767.4300
751.9100
751.5000
750.6200
716.3800
682.9200
