8.2205
7.8329
7.1347
6.7150
5.6190
5.1421
5.2061
5.3286
5.7549
5.9316
5.6852
5.1019
5.2391
6.3233
7.8701
10.2845
10.9715
11.6785
11.8496
12.1183
11.8054
10.9862
10.7421
10.9586
10.9595
10.9467
11.1074
10.9983
10.9636
11.0864
11.1113
11.0204
10.8195
10.6440
10.5235
10.4567
10.4840
10.6200
10.6794
10.7044
10.6742
10.5318
10.3027
10.1439
10.0411
10.1337
10.0635
9.7883
9.7263
9.4708
9.6627
9.3362
10.3198
10.0872
10.0431
9.9955
9.8318
9.6954
9.7008
9.6500
9.2616
8.9377
8.8593
8.8047
8.6335
8.5560
8.5267
8.5347
8.7015
9.0082
9.1547
9.2043
9.1903
9.2895
9.3191
9.4332
9.6354
9.7907
9.8829
9.9638
9.9270
9.8988
9.9891
10.0745
10.0699
9.9747
9.8687
9.8658
9.9657
10.0842
10.2024
10.3110
10.3833
10.3278
10.2691
10.2811
10.3563
10.4889
10.6010
10.7532
10.8642
10.9062
10.9207
10.9264
10.8288
10.5621
10.2466
9.9745
9.9924
9.9447
9.7401
9.6462
9.5107
9.4011
9.4180
9.2171
9.2857
9.3568
9.2725
9.1075
9.1099
9.1405
9.1129
9.0231
8.6232
8.2802
8.0945
8.0655
7.8886
7.6095
7.4087
7.2320
7.0177
6.8821
6.8084
6.8730
6.6829
6.6887
6.5449
6.3460
6.2805
6.3173
6.2165
6.0539
6.0405
6.0527
5.9958
5.7735
5.5717
5.4816
5.4794
5.5109
5.4261
5.3035
5.1716
4.9774
4.8055
4.6377
4.4320
4.3436
4.3380
4.2066
4.1024
3.9650
3.8429
3.8621
3.8961
3.9655
4.0669
4.1835
4.2980
4.3713
4.4598
4.5227
4.5704
4.6396
4.7338
4.8037
4.8273
4.8026
4.7498
4.7067
4.7205
4.7696
4.8297
4.8601
4.8973
4.9847
5.0157
4.9751
5.0721
5.1928
5.3372
5.4863
5.5918
5.6772
5.7695
5.8618
5.9608
6.0633
6.1992
6.3274
6.3906
6.4258
6.4652
6.4831
6.4532
6.4466
6.4812
6.5639
6.6644
6.7663
6.7955
6.7410
6.7707
6.7742
6.8230
6.9296
7.0006
7.0553
7.1211
7.2071
7.3415
7.4110
7.4720
7.4811
7.5282
7.6641
7.8575
8.1279
8.4438
8.7146
8.9503
9.0799
9.1183
9.0898
9.0267
8.9230
8.8448
8.7507
8.6555
8.5928
8.5725
8.6039
8.6317
8.6410
8.6643
8.7030
8.6991
8.6876
8.6431
8.5797
8.5294
8.4862
8.4351
8.4321
8.4919
8.5892
8.7233
8.8840
9.0205
9.1381
9.2399
9.3210
9.3799
9.3596
9.3549
9.3126
9.1446
8.9748
8.8216
8.6736
8.5337
8.4954
8.5992
8.7136
8.7437
8.7006
8.6744
8.6064
8.4610
8.4757
8.5620
8.6072
8.6907
8.7851
8.6479
8.5317
8.6802
8.5118
8.4079
8.4019
8.4649
8.4287
8.6592
9.0139
8.8350
8.2951
8.8233
9.5199
9.5138
9.5835
8.7016
8.4000
8.8960
9.4753
9.5127
8.9128
8.7413
8.4258
8.3333
8.1925
8.0155
7.9370
8.1440
8.0935
8.0123
8.2240
8.5917
8.8177
8.9297
8.9812
9.0419
9.1727
9.3135
9.5052
9.6138
9.7291
9.9277
10.0486
10.1955
10.3259
10.5066
10.8225
10.9330
11.0549
11.0595
10.7982
10.7024
10.6907
10.8821
10.5848
10.4254
10.3189
10.1189
9.7547
9.7384
9.6953
9.5660
9.4793
9.4522
9.7888
10.1461
10.8300
10.7772
10.7313
10.3724
10.5818
10.5764
10.4067
10.1098
9.8193
9.5591
9.4988
9.5120
9.1866
8.9185
8.6385
8.4467
8.1328
8.1039
8.2741
8.4517
8.0060
7.6892
7.6408
7.4953
