-10.8392
-11.0614
-11.1988
-11.2855
-11.2885
-11.3119
-11.4356
-11.6565
-11.9238
-12.2331
-12.7112
-13.0516
-13.0137
-12.8667
-12.8286
-12.7746
-12.6816
-12.5655
-12.4604
-12.2902
-12.3959
-12.2902
-12.3360
-12.3401
-12.3543
-12.3796
-12.4121
-12.4248
-12.4174
-12.3925
-12.3659
-12.3580
-12.4004
-12.4744
-12.5647
-12.6693
-12.7766
-12.8659
-12.9620
-13.0737
-13.1882
-13.3023
-13.4025
-13.4745
-13.5236
-13.5609
-13.6103
-13.6677
-13.7150
-13.7556
-13.7740
-13.7844
-13.7966
-13.7690
-13.7248
-13.6977
-13.6955
-13.6958
-13.6784
-13.6717
-13.6743
-13.6818
-13.7029
-13.7340
-13.7795
-13.8239
-13.8660
-13.8895
-13.9043
-13.9411
-13.9992
-14.0619
-14.1114
-14.1274
-14.1325
-14.1250
-14.1095
-14.0909
-14.0835
-14.0834
-14.0947
-14.1087
-14.1124
-14.1096
-14.1133
-14.1318
-14.1530
-14.1684
-14.1752
-14.1719
-14.1618
-14.1550
-14.1475
-14.1294
-14.1049
-14.0828
-14.0739
-14.0750
-14.0822
-14.0813
-14.0667
-14.0603
-14.0550
-14.0532
-14.0497
-14.0403
-14.0475
-14.0823
-14.1051
-14.0862
-14.0366
-13.9442
-13.8321
-13.7229
-13.6329
-13.6179
-13.5392
-13.5164
-13.5061
-13.4772
-13.4584
-13.4072
-13.4117
-13.4006
-13.3501
-13.2716
-13.1682
-13.0952
-13.0209
-12.9921
-12.9799
-12.9648
-12.9582
-12.9494
-12.9028
-12.8566
-12.8204
-12.7802
-12.7458
-12.7000
-12.6884
-12.7040
-12.7157
-12.7274
-12.7468
-12.7592
-12.7682
-12.7681
-12.7787
-12.8023
-12.8395
-12.8894
-12.9230
-12.9410
-12.9541
-12.9713
-13.0037
-13.0508
-13.1187
-13.1842
-13.2316
-13.2755
-13.3051
-13.3212
-13.3366
-13.3576
-13.3750
-13.3876
-13.3949
-13.3947
-13.3893
-13.3843
-13.3813
-13.3851
-13.4019
-13.4230
-13.4401
-13.4556
-13.4688
-13.4835
-13.4958
-13.5071
-13.5212
-13.5349
-13.5450
-13.5467
-13.5421
-13.5447
-13.5515
-13.5531
-13.5485
-13.5481
-13.5354
-13.5128
-13.4943
-13.4856
-13.4800
-13.4689
-13.4459
-13.4140
-13.3841
-13.3595
-13.3431
-13.3334
-13.3290
-13.3289
-13.3354
-13.3445
-13.3538
-13.3622
-13.3765
-13.4022
-13.4184
-13.4199
-13.4026
-13.3785
-13.3341
-13.2817
-13.2389
-13.2023
-13.1683
-13.1359
-13.1111
-13.0854
-13.0554
-13.0208
-13.0013
-12.9965
-12.9948
-12.9925
-12.9699
-12.9362
-12.9086
-12.8877
-12.8807
-12.8779
-12.8769
-12.8769
-12.8857
-12.9031
-12.9200
-12.9267
-12.9263
-12.9368
-12.9610
-12.9937
-13.0325
-13.0644
-13.1041
-13.1460
-13.1868
-13.2290
-13.2708
-13.3084
-13.3445
-13.3829
-13.4243
-13.4505
-13.4682
-13.4820
-13.4976
-13.5144
-13.5303
-13.5414
-13.5497
-13.5562
-13.5590
-13.5645
-13.5687
-13.5770
-13.5834
-13.5897
-13.5998
-13.6094
-13.6130
-13.6098
-13.6049
-13.6036
-13.5967
-13.5856
-13.5776
-13.5656
-13.5508
-13.5367
-13.5248
-13.5096
-13.4902
-13.4714
-13.4483
-13.4237
-13.4052
-13.3819
-13.3602
-13.3606
-13.3684
-13.3716
-13.3578
-13.3585
-13.3527
-13.3347
-13.3263
-13.3161
-13.2982
-13.2728
-13.2623
-13.2233
-13.0962
-13.1184
-13.0625
-13.0006
-12.9473
-12.8569
-12.7366
-12.5988
-12.4391
-12.3113
-12.2113
-12.1084
-11.9951
-11.8902
-11.7875
-11.6678
-11.5580
-11.5098
-11.4380
-11.4061
-11.4276
-11.4474
-11.5150
-11.5762
-11.6369
-11.6907
-11.7522
-11.8036
-11.8496
-11.9142
-11.9648
-11.9843
-12.0865
-12.1908
-12.3005
-12.3923
-12.4722
-12.5334
-12.5696
-12.6324
-12.6998
-12.7523
-12.7953
-12.8407
-12.8739
-12.8871
-12.8419
-12.9463
-12.9911
-12.9962
-12.9810
-12.9516
-12.9207
-12.9034
-12.8622
-12.8300
-12.8128
-12.7887
-12.7201
-12.6910
-12.6879
-12.6695
-12.6634
-12.6637
-12.6587
-12.6491
-12.6422
-12.6510
-12.6584
-12.6471
-12.6422
