-1.5821
-1.3289
-0.8982
-0.8153
-0.8872
-0.9935
-0.9602
-1.2600
-1.7083
-1.8795
-2.2334
-2.8406
-3.6922
-4.8287
-6.0177
-8.3327
-9.4885
-10.3531
-10.5447
-10.9266
-10.5192
-9.6529
-9.4555
-9.6502
-9.6107
-9.5903
-9.7317
-9.7025
-9.6980
-9.8080
-9.8237
-9.7725
-9.7731
-9.7924
-9.8104
-9.8834
-9.9804
-10.1324
-10.1946
-10.2246
-10.2464
-10.1571
-9.9185
-9.7549
-9.6590
-9.7716
-9.7351
-9.4443
-9.3943
-9.0994
-9.2558
-8.9317
-10.0548
-9.8531
-9.5861
-9.6198
-9.5665
-9.4492
-9.4469
-9.4354
-9.1311
-8.8798
-8.8442
-8.8047
-8.6263
-8.5257
-8.4384
-8.4161
-8.5709
-8.7911
-8.9048
-8.9196
-8.8837
-8.9642
-9.0094
-9.1626
-9.4434
-9.6610
-9.7615
-9.8235
-9.7766
-9.7506
-9.8782
-9.9690
-9.9225
-9.7637
-9.5964
-9.5110
-9.5311
-9.5863
-9.6875
-9.7383
-9.7666
-9.7088
-9.6507
-9.6018
-9.5146
-9.5117
-9.5472
-9.7233
-9.9699
-10.1480
-10.2560
-10.3095
-10.2433
-9.9530
-9.5262
-9.0689
-8.9316
-8.8032
-8.5754
-8.4397
-8.2104
-7.9351
-7.6993
-7.2750
-7.3297
-7.6581
-7.9805
-8.1641
-8.4057
-8.6282
-8.7992
-8.8254
-8.4593
-8.1533
-8.0179
-7.9938
-7.8077
-7.5236
-7.2548
-6.9291
-6.6956
-6.6831
-6.6718
-6.7812
-6.6200
-6.6372
-6.4970
-6.3065
-6.2377
-6.2641
-6.1464
-6.0032
-5.9921
-6.0022
-5.9430
-5.7259
-5.5130
-5.4069
-5.3987
-5.4364
-5.3749
-5.2722
-5.1479
-4.9572
-4.7837
-4.6040
-4.3804
-4.2871
-4.2701
-4.0939
-3.9495
-3.8012
-3.6820
-3.6904
-3.7105
-3.7615
-3.8516
-3.9875
-4.1417
-4.2351
-4.3438
-4.4218
-4.4706
-4.5242
-4.6234
-4.7059
-4.7340
-4.7081
-4.6544
-4.6057
-4.6268
-4.6900
-4.7597
-4.7910
-4.8300
-4.9098
-4.9040
-4.7935
-4.8794
-5.0210
-5.1976
-5.3677
-5.4753
-5.5432
-5.6132
-5.6948
-5.7977
-5.9085
-6.0494
-6.1760
-6.2477
-6.2918
-6.3400
-6.3683
-6.3536
-6.3709
-6.4308
-6.5350
-6.6513
-6.7638
-6.7952
-6.7360
-6.7523
-6.7347
-6.7596
-6.8504
-6.9138
-6.9573
-7.0116
-7.0904
-7.2256
-7.3073
-7.3810
-7.3974
-7.4468
-7.5848
-7.7821
-8.0557
-8.3673
-8.6295
-8.8546
-8.9743
-9.0045
-8.9665
-8.8912
-8.7789
-8.6996
-8.6092
-8.5267
-8.4803
-8.4735
-8.5220
-8.5685
-8.5922
-8.6224
-8.6584
-8.6474
-8.6239
-8.5681
-8.4958
-8.4398
-8.3933
-8.3409
-8.3255
-8.3822
-8.4730
-8.5992
-8.7530
-8.8749
-8.9673
-9.0442
-9.1006
-9.1389
-9.1032
-9.0843
-9.0211
-8.8356
-8.6369
-8.4908
-8.3608
-8.2167
-8.1728
-8.2764
-8.3877
-8.4066
-8.3485
-8.3148
-8.2265
-8.0624
-8.1206
-8.2237
-8.2623
-8.3621
-8.4823
-8.3619
-8.2394
-8.4497
-8.2347
-8.0531
-8.0449
-8.0920
-7.9899
-8.1651
-8.5171
-8.3750
-7.7796
-8.3615
-9.1145
-8.9678
-9.1242
-8.4089
-8.1412
-8.6515
-9.1909
-9.1510
-8.5898
-8.3669
-7.9935
-7.8408
-7.6155
-7.3679
-7.3223
-7.5839
-7.6269
-7.5950
-7.8685
-8.2626
-8.5456
-8.6901
-8.7729
-8.8880
-9.0713
-9.2440
-9.4647
-9.5911
-9.7138
-9.9222
-10.0477
-10.1949
-10.3169
-10.4687
-10.7445
-10.8474
-10.9502
-10.9651
-10.7070
-10.5689
-10.4960
-10.6236
-10.2927
-9.9950
-9.6886
-9.3973
-8.8530
-8.6049
-8.4721
-8.2417
-8.0416
-8.1583
-8.6376
-8.9976
-9.7779
-10.0196
-10.2073
-9.9248
-10.2363
-10.3496
-10.2910
-10.0565
-9.7610
-9.4627
-9.3797
-9.4228
-9.1114
-8.8226
-8.5265
-8.3475
-8.0316
-7.9534
-8.0945
-8.2726
-7.8228
-7.4887
-7.4007
-7.2175
