8.0668
7.7193
7.0779
6.6653
5.5485
5.0452
5.1168
5.1774
5.4954
5.6259
5.2281
4.2380
3.7169
4.0825
5.0721
6.0281
5.5084
5.4039
5.4057
5.2406
5.3585
5.2458
5.0978
5.1928
5.2675
5.2779
5.3543
5.1791
5.1138
5.1685
5.1920
5.0938
4.6418
4.1716
3.8079
3.4149
3.2104
3.1812
3.1809
3.1690
2.9919
2.7841
2.7873
2.7822
2.7438
2.6848
2.5499
2.5723
2.5195
2.6262
2.7745
2.7185
2.3236
2.1606
2.9949
2.7147
2.2685
2.1710
2.2049
2.0238
1.5494
1.0159
0.5168
0.0323
-0.3535
-0.7197
-1.2234
-1.4180
-1.5023
-1.9660
-2.1245
-2.2716
-2.3542
-2.4367
-2.3826
-2.2436
-1.9135
-1.5880
-1.5443
-1.6658
-1.7211
-1.7067
-1.4841
-1.4540
-1.7165
-2.0409
-2.3022
-2.6223
-2.9110
-3.1294
-3.2004
-3.3885
-3.5251
-3.5217
-3.5096
-3.6753
-4.0898
-4.4210
-4.6078
-4.5922
-4.3164
-3.9955
-3.7520
-3.6194
-3.5126
-3.5350
-3.7742
-4.1526
-4.4804
-4.6260
-4.6187
-4.6711
-4.8004
-5.0412
-5.4241
-5.6594
-5.7009
-5.3763
-4.7212
-4.0365
-3.5119
-3.0171
-2.3705
-1.8787
-1.6732
-1.4440
-1.1109
-1.0727
-1.1266
-1.1401
-1.5021
-2.0713
-2.1018
-1.6430
-1.3570
-1.1199
-0.9145
-0.8286
-0.7898
-0.7073
-0.7315
-0.8180
-0.9310
-0.7821
-0.7632
-0.7802
-0.7938
-0.7399
-0.8061
-0.9018
-0.9369
-0.9030
-0.7436
-0.5760
-0.4944
-0.4481
-0.4571
-0.5586
-0.6742
-0.6983
-0.7642
-0.9673
-1.1094
-1.1278
-1.1005
-1.1388
-1.1880
-1.2557
-1.3059
-1.2656
-1.1485
-1.0829
-1.0107
-0.9501
-0.9499
-1.0283
-1.0164
-0.9644
-0.9449
-0.9478
-0.9469
-0.9696
-0.9359
-0.8682
-0.8191
-0.8163
-0.8093
-0.8612
-1.0526
-1.3318
-1.3847
-1.3246
-1.2130
-1.1347
-1.1354
-1.2259
-1.3338
-1.3892
-1.3850
-1.3612
-1.3545
-1.3758
-1.3439
-1.3052
-1.2661
-1.2150
-1.1294
-0.9850
-0.8067
-0.6152
-0.4188
-0.1873
0.0575
0.2578
0.4976
0.7307
0.9278
1.0446
1.0986
1.1721
1.2440
1.2917
1.2996
1.2356
1.1624
1.1158
1.1041
1.0999
1.0864
1.0815
1.1346
1.2146
1.3057
1.3802
1.4361
1.4916
1.5581
1.5972
1.5962
1.5671
1.4876
1.3855
1.2990
1.1841
1.0425
0.9176
0.8513
0.8797
0.9467
1.0502
1.1359
1.1968
1.2328
1.2525
1.2565
1.3362
1.3610
1.4078
1.4660
1.5203
1.6138
1.7584
1.8918
2.0150
2.1128
2.1756
2.2335
2.3121
2.3570
2.4397
2.3932
2.3083
2.3045
2.3189
2.3339
2.3607
2.4046
2.4501
2.4716
2.5287
2.5663
2.4276
2.3830
2.4121
2.3673
2.2866
2.2055
2.2139
1.9870
2.1542
2.4169
2.4232
2.4847
2.6840
2.8832
2.9512
2.8137
2.8787
2.8171
2.7484
3.1768
2.9313
2.2377
2.0687
2.0716
2.3040
2.5985
2.3776
2.5308
2.6644
2.8223
3.0203
3.1562
3.0628
2.9680
2.7083
2.5519
2.3917
2.3554
2.1737
2.0551
1.9227
1.6609
1.3600
1.1359
0.8764
0.6602
0.5455
0.3310
0.1336
-0.1054
-0.4307
-0.8916
-1.2968
-1.3653
-1.5182
-1.4414
-1.3998
-1.6852
-2.0312
-2.3577
-2.4693
-2.9646
-3.5510
-3.7528
-4.0961
-4.5597
-4.7139
-4.8561
-5.0189
-4.7735
-4.6056
-4.6890
-4.6563
-3.9692
-3.3126
-3.0142
-2.6821
-2.1786
-1.5479
-1.0361
-1.0687
-1.3537
-1.4996
-1.2997
-1.1736
-1.3048
-1.3862
-1.2905
-1.2786
-1.5545
-1.7141
-1.7310
-1.7030
-1.7443
-1.9004
-2.0218
