5.4460
5.6830
6.0300
6.1860
6.4350
6.6870
6.8290
6.9700
7.0280
7.0810
7.0710
7.1300
7.1940
7.2190
7.1560
7.0920
7.0080
6.9400
6.9910
7.0860
7.0400
7.0240
6.5560
6.3430
6.6110
6.5690
6.3170
6.2720
5.8750
5.5360
5.1510
4.4500
4.4060
4.7750
5.5430
4.6450
3.8480
3.9610
5.4820
5.3840
5.3590
5.2150
5.1680
5.3010
5.4730
5.7620
6.0140
6.0040
6.3660
6.7920
6.8150
6.5450
5.9470
6.1170
6.6020
7.2040
7.3580
7.5140
6.9900
6.6180
6.4920
6.3560
6.0830
6.0400
6.3630
6.6820
5.8470
5.6650
5.5480
5.2660
5.8560
6.1020
6.4740
6.4310
5.4120
4.8520
4.8300
5.0320
5.3350
5.3000
5.4200
5.5270
5.4100
6.0880
5.9860
5.3900
5.3650
5.1710
5.1760
5.5370
5.7960
5.9840
5.9490
5.7370
5.8250
6.1220
6.0570
6.2290
6.2140
6.2030
6.1350
6.1710
6.1680
6.1490
6.4460
6.6580
6.7000
7.1160
7.4120
7.3530
7.4640
7.7060
8.1740
8.3660
8.3750
8.4490
8.4150
8.5400
8.4420
8.4100
8.5960
8.7730
8.8930
8.9710
8.6720
7.9590
7.6280
7.9800
8.4420
8.5170
8.3150
8.4810
8.7650
8.7150
8.9140
9.0600
9.2460
9.3310
9.0770
9.0840
9.3210
9.4440
9.5860
9.6850
9.7860
9.8090
9.7430
9.6880
9.6150
9.5760
9.6510
9.5550
9.4070
9.2190
9.1180
8.9650
8.6980
8.3900
8.0450
7.7990
7.6050
7.3010
7.1160
7.0550
6.9030
6.4690
6.2770
6.2510
6.1920
6.2150
6.3910
6.4470
6.3440
6.2520
6.2570
6.2590
6.4050
6.6550
6.7760
6.7810
6.6980
6.5660
6.3690
6.1080
5.8990
5.6840
5.4800
5.3460
5.2360
5.1560
5.1450
5.1710
5.1790
5.2500
5.3560
5.4840
5.5650
5.5640
5.5330
5.4920
5.4700
5.4630
5.4370
5.4130
5.3800
5.3580
5.3870
5.3980
5.3900
5.3400
5.2150
5.0520
4.8890
4.7990
4.6580
4.6200
4.5270
4.4240
4.3690
4.3180
4.2770
4.2360
4.1810
4.1190
4.0420
3.9460
3.8370
3.7200
3.6320
3.5870
3.5930
3.6220
3.6230
3.6370
3.6530
3.6940
3.7530
3.8100
3.8840
3.9710
4.0570
4.1150
4.1280
4.1460
4.1290
4.0750
4.0300
3.9700
3.9140
3.8530
3.7770
3.7280
3.6930
3.6540
3.6150
3.6000
3.6310
3.7360
3.8050
3.9120
4.0100
4.1210
4.2070
4.2560
4.2920
4.3620
4.4730
4.5560
4.5830
4.5850
4.5640
4.5260
4.4620
4.3670
4.2980
4.2500
4.2310
4.2240
4.2220
4.1680
4.1660
4.2580
4.3470
4.4210
4.4800
4.6780
4.7810
4.8140
4.7920
4.6510
4.5950
4.5070
4.4770
4.4100
4.3740
4.3710
4.3410
4.4440
4.5000
4.6010
4.4940
4.7280
4.8110
4.8830
4.9030
4.9470
4.8880
5.1210
5.2080
5.1230
5.2600
5.2800
5.2770
5.3430
5.4660
5.3190
5.2990
5.2360
5.3820
5.3170
5.3840
5.2780
5.1360
5.2340
5.2160
5.2630
5.2780
5.3010
5.4620
5.6080
5.8250
5.5790
6.0760
5.9240
6.0010
6.1660
6.2980
6.2420
6.2860
6.3360
6.5040
6.5600
6.5980
6.5570
6.6490
6.6570
6.6090
6.5460
6.5320
6.5500
6.6000
6.6280
6.6320
6.5880
6.5670
6.5840
6.4990
6.4110
6.3150
6.2690
6.3210
6.4060
6.5130
6.6090
6.7600
6.9360
6.9710
6.5320
6.3510
6.3580
6.5270
5.7080
6.9930
7.6580
6.8840
7.1320
6.1960
