1393.7000
1367.5000
1353.3000
1351.4000
1318.1000
1331.0000
1325.4000
1327.1000
1334.0000
1323.8000
1323.9000
1310.7000
1323.4000
1314.4000
1314.9000
1349.8000
1363.9000
1379.2000
1380.0000
1364.3000
1371.3000
1377.7000
1382.6000
1379.8000
1381.5000
1379.4000
1379.6000
1420.3000
1459.4000
1447.3000
1442.1000
1454.9000
1456.6000
1514.4000
1515.7000
1496.1000
1488.7000
1459.2000
1476.4000
1434.3000
1423.9000
1401.1000
1418.6000
1425.4000
1388.9000
1361.1000
1326.5000
1321.8000
1321.3000
1297.5000
1285.1000
1295.8000
1314.8000
1303.3000
1269.0000
1236.1000
1224.8000
1203.5000
1202.3000
1218.7000
1231.3000
1255.0000
1271.6000
1263.2000
1266.7000
1296.8000
1352.2000
1347.0000
1338.8000
1376.1000
1363.3000
1369.3000
1362.4000
1364.7000
1404.1000
1404.0000
1428.2000
1448.7000
1456.8000
1474.7000
1478.5000
1468.5000
1470.9000
1439.5000
1425.6000
1443.1000
1448.5000
1413.6000
1383.2000
1355.8000
1343.6000
1349.4000
1355.9000
1364.1000
1349.0000
1336.6000
1340.6000
1332.6000
1328.7000
1323.7000
1299.8000
1279.8000
1275.0000
1262.4000
1247.3000
1242.0000
1249.0000
1265.4000
1260.2000
1247.4000
1252.1000
1289.3000
1285.9000
1279.9000
1273.1000
1261.6000
1277.0000
1281.8000
1298.4000
1325.9000
1329.5000
1299.8000
1306.1000
1286.1000
1292.1000
1323.5000
1351.8000
1371.1000
1373.9000
1391.2000
1413.5000
1432.6000
1421.4000
1435.2000
1443.9000
1415.3000
1394.4000
1385.0000
1402.1000
1421.3000
1419.5000
1419.8000
1412.2000
1399.8000
1399.9000
1403.3000
1403.1000
1420.0000
1421.8000
1417.8000
1410.3000
1408.6000
1420.4000
1423.1000
1422.3000
1433.0000
1443.6000
1458.3000
1477.4000
1503.6000
1542.7000
1553.8000
1562.0000
1550.3000
1559.4000
1598.5000
1623.3000
1636.4000
1646.5000
1649.9000
1653.9000
1641.8000
1640.4000
1652.1000
1662.2000
1678.5000
1679.1000
1674.1000
1658.0000
1651.6000
1662.8000
1676.4000
1689.2000
1674.3000
1654.0000
1649.2000
1645.3000
1652.6000
1651.1000
1638.9000
1616.9000
1597.9000
1595.7000
1593.5000
1585.9000
1599.8000
1603.6000
1589.1000
1576.3000
1560.8000
1555.6000
1549.1000
1549.0000
1546.0000
1536.3000
1535.9000
1540.9000
1576.5000
1620.1000
1636.2000
1645.6000
1646.7000
1663.4000
1685.2000
1712.6000
1736.0000
1742.3000
1747.8000
1755.4000
1739.6000
1737.6000
1745.5000
1750.2000
1754.7000
1751.2000
1750.6000
1746.4000
1745.7000
1746.3000
1741.0000
1733.4000
1703.3000
1668.2000
1650.3000
1639.1000
1639.9000
1628.1000
1611.6000
1587.7000
1565.0000
1553.3000
1543.0000
1528.5000
1530.9000
1527.3000
1511.4000
1498.5000
1486.4000
1482.3000
1473.0000
1470.2000
1465.4000
1458.1000
1457.4000
1458.0000
1479.7000
1504.8000
1511.6000
1514.3000
1506.4000
1509.5000
1520.7000
1535.2000
1551.5000
1555.1000
1557.5000
1566.0000
1543.5000
1533.1000
1537.2000
1540.8000
1548.7000
1547.9000
1549.4000
1540.5000
1536.6000
1542.1000
1542.8000
1542.5000
1516.2000
1484.5000
1470.8000
1464.2000
1467.5000
1462.2000
1442.5000
1418.0000
1397.0000
1388.7000
1391.0000
1380.4000
1400.7000
1407.2000
1400.4000
1394.5000
1387.7000
1398.4000
1399.5000
1404.1000
1407.5000
1414.8000
1403.5000
1412.7000
1431.3000
1465.9000
1487.1000
1499.0000
1491.3000
1500.9000
1520.4000
1527.1000
1549.7000
1558.8000
1553.5000
1558.8000
1544.2000
1540.7000
1539.8000
1542.9000
1539.6000
1533.3000
1534.8000
1530.6000
1527.9000
1533.6000
1535.3000
1534.8000
1508.0000
1472.0000
1451.5000
1439.5000
1448.6000
1422.3000
1417.9000
1394.9000
1370.4000
1359.9000
1362.6000
1349.7000
1367.7000
1359.7000
1353.2000
1341.5000
1339.1000
1331.7000
1334.6000
1339.1000
1344.4000
1344.7000
1343.0000
1345.0000
1370.6000
1403.0000
1423.2000
1436.0000
1437.2000
1448.8000
1473.0000
1501.5000
1523.5000
1535.3000
1539.7000
1543.1000
1515.9000
1491.2000
1478.2000
1463.7000
1498.0000
1503.5000
1505.9000
1486.4000
1551.8000
1492.5000
1454.5000
1525.9000
1489.2000
1509.1000
