7.8413
8.2183
8.7685
9.0155
9.4106
9.8112
10.0357
10.2596
10.3515
10.4355
10.4201
10.5141
10.6158
10.6548
10.5548
10.4538
10.3205
10.2120
10.2924
10.4445
10.3705
10.3459
9.6035
9.2644
9.6899
9.6239
9.2243
9.1518
8.5226
7.9840
7.3732
6.2609
6.1915
6.7771
7.9959
6.5704
5.3054
5.4857
7.8985
7.7425
7.7032
7.4747
7.4010
7.6121
7.8843
8.3437
8.7425
8.7264
9.3009
9.9781
10.0141
9.5847
8.6368
8.9062
9.6759
10.6313
10.8752
11.1228
10.2911
9.7005
9.5015
9.2861
8.8522
8.7834
9.2961
9.8023
8.4778
8.1896
8.0026
7.5563
8.4918
8.8829
9.4724
9.4042
7.7881
6.8987
6.8644
7.1848
7.6652
7.6094
7.8002
7.9700
7.7847
8.8605
8.6987
7.7530
7.7133
7.4056
7.4124
7.9863
8.3968
8.6954
8.6389
8.3036
8.4433
8.9143
8.8110
9.0846
9.0598
9.0425
8.9345
8.9923
8.9873
8.9574
9.4280
9.7649
9.8321
10.4911
10.9610
10.8677
11.0430
11.4280
12.1709
12.4748
12.4894
12.6071
12.5528
12.7511
12.5955
12.5442
12.8406
13.1208
13.3112
13.4353
12.9598
11.8284
11.3033
11.8618
12.5948
12.7153
12.3936
12.6574
13.1079
13.0288
13.3449
13.5766
13.8714
14.0054
13.6024
13.6149
13.9898
14.1858
14.4104
14.5686
14.7283
14.7641
14.6601
14.5730
14.4576
14.3949
14.5140
14.3616
14.1270
13.8278
13.6678
13.4256
13.0022
12.5127
11.9654
11.5748
11.2670
10.7856
10.4919
10.3943
10.1527
9.4653
9.1600
9.1191
9.0248
9.0623
9.3416
9.4294
9.2670
9.1199
9.1287
9.1321
9.3640
9.7597
9.9521
9.9606
9.8283
9.6186
9.3057
8.8915
8.5610
8.2191
7.8961
7.6828
7.5090
7.3807
7.3637
7.4051
7.4180
7.5302
7.6981
7.9019
8.0298
8.0290
7.9793
7.9143
7.8788
7.8692
7.8273
7.7888
7.7364
7.7021
7.7483
7.7649
7.7519
7.6734
7.4745
7.2168
6.9570
6.8154
6.5914
6.5312
6.3833
6.2193
6.1324
6.0514
5.9867
5.9218
5.8338
5.7351
5.6140
5.4614
5.2882
5.1034
4.9632
4.8914
4.9004
4.9468
4.9488
4.9706
4.9960
5.0620
5.1548
5.2457
5.3634
5.5010
5.6380
5.7292
5.7506
5.7793
5.7510
5.6662
5.5947
5.4987
5.4101
5.3133
5.1938
5.1159
5.0605
4.9981
4.9360
4.9121
4.9612
5.1286
5.2368
5.4072
5.5621
5.7382
5.8749
5.9527
6.0109
6.1216
6.2972
6.4291
6.4722
6.4747
6.4426
6.3818
6.2808
6.1293
6.0200
5.9434
5.9132
5.9032
5.8990
5.8130
5.8102
5.9557
6.0978
6.2152
6.3094
6.6230
6.7869
6.8383
6.8034
6.5807
6.4915
6.3509
6.3038
6.1971
6.1408
6.1355
6.0884
6.2515
6.3411
6.5001
6.3311
6.7023
6.8344
6.9485
6.9803
7.0497
6.9560
7.3263
7.4640
7.3289
7.5461
7.5773
7.5734
7.6787
7.8727
7.6393
7.6077
7.5086
7.7405
7.6375
7.7433
7.5742
7.3499
7.5051
7.4770
7.5510
7.5751
7.6115
7.8666
8.0982
8.4431
8.0523
8.8417
8.6002
8.7214
8.9847
9.1934
9.1052
9.1744
9.2534
9.5200
9.6095
9.6697
9.6040
9.7505
9.7633
9.6862
9.5868
9.5651
9.5926
9.6723
9.7167
9.7242
9.6530
9.6210
9.6480
9.5126
9.3723
9.2204
9.1478
9.2294
9.3642
9.5346
9.6874
9.9259
10.2061
10.2612
9.5650
9.2768
9.2885
9.5571
8.2574
10.2960
11.3507
10.1237
10.5175
9.0308
