-14.2766
-14.2501
-14.1971
-14.1840
-14.2487
-14.3276
-14.4460
-14.5740
-14.6966
-14.8507
-14.9780
-15.1114
-15.2401
-15.3802
-15.4813
-15.5587
-15.6114
-15.6550
-15.7184
-15.7395
-15.5882
-15.3224
-15.1031
-14.7806
-14.4117
-14.0818
-13.6978
-13.2890
-12.8488
-12.3697
-11.9390
-11.4746
-11.0844
-10.7359
-10.5080
-10.3735
-9.8506
-9.8193
-10.1562
-9.9511
-9.7947
-9.7095
-9.7850
-9.8088
-9.6652
-9.6027
-9.5718
-9.2825
-9.0089
-8.8603
-8.7868
-8.8114
-9.0236
-9.2003
-9.2716
-9.4513
-9.6554
-9.8201
-9.9661
-10.1169
-10.4071
-10.8254
-11.1534
-11.4764
-11.8495
-12.2970
-12.6836
-13.0245
-13.3186
-13.5735
-13.6622
-13.6858
-13.7125
-13.8343
-14.0761
-14.2375
-14.3809
-14.4358
-14.4537
-14.5592
-14.5721
-14.5689
-14.5892
-14.5627
-14.5625
-14.6461
-14.7115
-14.7990
-14.8811
-14.9206
-14.8809
-14.7620
-14.7814
-14.8075
-14.8585
-14.9013
-14.8917
-15.0248
-15.0986
-15.1186
-15.1131
-15.1223
-15.1897
-15.1657
-15.3640
-15.6382
-16.0139
-16.4817
-16.3431
-16.1565
-16.1932
-16.1600
-15.9416
-15.7067
-15.5440
-15.3892
-15.2281
-15.1425
-15.0500
-15.0983
-15.1284
-14.9157
-14.9754
-14.9953
-15.0413
-15.1473
-15.3516
-15.5852
-15.8074
-16.0136
-16.2286
-16.3594
-16.3523
-16.2930
-16.2632
-16.1792
-16.0409
-15.8993
-15.8064
-15.7715
-15.7793
-15.8409
-15.9286
-16.0033
-16.0850
-16.1668
-16.2287
-16.3098
-16.3688
-16.4251
-16.4614
-16.5624
-16.5812
-16.5496
-16.5723
-16.6294
-16.6962
-16.7549
-16.8091
-16.8498
-16.8983
-16.8699
-16.9369
-16.9841
-17.0745
-17.1998
-17.3153
-17.4202
-17.4724
-17.4430
-17.3988
-17.3991
-17.4072
-17.4052
-17.3882
-17.3628
-17.3575
-17.3653
-17.3661
-17.3518
-17.3236
-17.2962
-17.2807
-17.2716
-17.2648
-17.2642
-17.2524
-17.2457
-17.2611
-17.2862
-17.3043
-17.3062
-17.2947
-17.2869
-17.2910
-17.3021
-17.3166
-17.3259
-17.3179
-17.3111
-17.3031
-17.3040
-17.3001
-17.2989
-17.2915
-17.2901
-17.2936
-17.3037
-17.3109
-17.3107
-17.3122
-17.3220
-17.3324
-17.3138
-17.2934
-17.2546
-17.2090
-17.1564
-17.0885
-17.0162
-16.9520
-16.8900
-16.8196
-16.7507
-16.6842
-16.6152
-16.5401
-16.4592
-16.3696
-16.2827
-16.2140
-16.1682
-16.1340
-16.1134
-16.1088
-16.1193
-16.1405
-16.1720
-16.2126
-16.2704
-16.3315
-16.3810
-16.4116
-16.4283
-16.4412
-16.4433
-16.4320
-16.4349
-16.4633
-16.5003
-16.5369
-16.5785
-16.6480
-16.7423
-16.8001
-16.8389
-16.8835
-16.8899
-16.8923
-16.8939
-16.8741
-16.8666
-16.8753
-16.8902
-16.9016
-16.9079
-16.8942
-16.8655
-16.8414
-16.8277
-16.8121
-16.8135
-16.8518
-16.8922
-16.9135
-16.9251
-16.9258
-16.9137
-16.9130
-16.9249
-16.9300
-16.9302
-16.9169
-16.8972
-16.8804
-16.8408
-16.8279
-16.8256
-16.7961
-16.7855
-16.7201
-16.6727
-16.6368
-16.6171
-16.5975
-16.5813
-16.5921
-16.6075
-16.5708
-16.5748
-16.6017
-16.5515
-16.5778
-16.5590
-16.5779
-16.6119
-16.6092
-16.5872
-16.6064
-16.5849
-16.5408
-16.5203
-16.4649
-16.3552
-16.2589
-16.1018
-15.9318
-15.7117
-15.4933
-15.1785
-14.9311
-14.7236
-14.5378
-14.3641
-14.1884
-14.0834
-13.9980
-13.9218
-13.7911
-13.7395
-13.7667
-13.7143
-13.5747
-13.6906
-13.7557
-13.7013
-13.7912
-13.7193
-13.9461
-13.7792
-13.8102
-14.0049
-13.9107
-14.0168
-14.1884
-14.2699
-14.4155
-14.6046
-14.7456
-14.8756
-14.9987
-15.1365
-15.2294
-15.3301
-15.3819
-15.4061
-15.3967
-15.5035
-15.5874
-15.6373
-15.6550
-15.6523
-15.6356
-15.6053
-15.5945
-15.5959
-15.6035
-15.6876
-15.7194
-15.7214
-15.6983
-15.8022
-15.5047
-15.3385
-15.3585
-15.3866
-15.5336
