-3.0596
-3.5003
-3.9295
-4.0790
-4.3785
-4.6045
-4.6711
-4.7742
-4.8813
-4.8448
-4.7433
-4.8698
-4.9229
-4.8522
-4.7567
-4.6339
-4.4961
-4.4959
-4.6859
-4.8385
-4.5405
-4.2136
-3.8012
-3.5078
-3.0965
-2.8095
-2.6724
-1.4179
0.1953
-0.2201
-0.7187
-0.5754
-0.8574
0.8566
1.4307
0.9478
0.9265
-1.4960
-1.8375
-2.1157
-1.7432
-2.7805
-2.1323
-2.3641
-3.7138
-4.8978
-5.4262
-4.8146
-4.5439
-4.4519
-4.9805
-5.3173
-4.4879
-4.7386
-5.6015
-5.7807
-5.8692
-6.2953
-5.8046
-5.1604
-4.8132
-4.5706
-3.9455
-4.1344
-4.9706
-4.5416
-4.0722
-4.3000
-4.4007
-3.9497
-5.1406
-5.3276
-5.9695
-6.2671
-5.2933
-5.3296
-5.4329
-5.4620
-5.7300
-5.7597
-5.8287
-6.0898
-6.0511
-6.8953
-6.8363
-6.2337
-6.2488
-6.4857
-6.6164
-7.5192
-8.0067
-8.2341
-8.3789
-8.0726
-8.3217
-8.8660
-8.7303
-9.0536
-9.0396
-9.0309
-8.9303
-8.9885
-8.9867
-8.9262
-9.2143
-9.2590
-8.6129
-7.4122
-6.9325
-7.6739
-7.7380
-7.9961
-8.6895
-8.6322
-8.9065
-9.4734
-10.0320
-10.8244
-10.7878
-11.1921
-11.9770
-12.1493
-12.4814
-12.5194
-11.5746
-9.3645
-7.5717
-8.2873
-9.2875
-9.0386
-8.2420
-7.5706
-9.4296
-8.9859
-8.8805
-9.0632
-9.0334
-9.6838
-9.2288
-8.8031
-8.7602
-8.5450
-8.4145
-8.4017
-8.3144
-8.1038
-8.0272
-7.8391
-7.8762
-8.0184
-8.3224
-8.1275
-7.8039
-7.4619
-7.1993
-6.9043
-6.6150
-6.3318
-6.1473
-5.9016
-5.7148
-5.2726
-4.8179
-4.3169
-3.7720
-3.2314
-3.0704
-3.0933
-3.4084
-3.8890
-4.3002
-4.3846
-4.3183
-4.2184
-4.0508
-4.0168
-4.2214
-4.4636
-4.6870
-4.7376
-4.6415
-4.4987
-4.4065
-4.3468
-4.2258
-4.0805
-3.9182
-3.6524
-3.3710
-3.1143
-2.9809
-2.9684
-3.0024
-2.9771
-2.9124
-2.9108
-3.0163
-3.1596
-3.3611
-3.5769
-3.7146
-3.8024
-3.8567
-3.8809
-3.9301
-3.9367
-3.8893
-3.8785
-3.9971
-4.1160
-4.1197
-4.0149
-3.8777
-3.8776
-3.7086
-3.6877
-3.6453
-3.6652
-3.7627
-3.9060
-4.0685
-4.2169
-4.3132
-4.3594
-4.3522
-4.2857
-4.1832
-4.0614
-3.9761
-3.9364
-3.9622
-4.0135
-4.0539
-4.0893
-4.1120
-4.1438
-4.2092
-4.2836
-4.3948
-4.5091
-4.6044
-4.6698
-4.6918
-4.7196
-4.7186
-4.7145
-4.7287
-4.7360
-4.7632
-4.7756
-4.7467
-4.7274
-4.7132
-4.6744
-4.6556
-4.7144
-4.8372
-5.0648
-5.2148
-5.4051
-5.5601
-5.7220
-5.8399
-5.8914
-5.9285
-6.0133
-6.1446
-6.2434
-6.2746
-6.2690
-6.2417
-6.1861
-6.0581
-5.8590
-5.7131
-5.5817
-5.5078
-5.4966
-5.4554
-5.2928
-5.1455
-5.0820
-5.0612
-5.0886
-5.0626
-5.2587
-5.3117
-5.2951
-5.2706
-5.0390
-5.1404
-5.1411
-5.2899
-5.3743
-5.4494
-5.4765
-5.3191
-5.4333
-5.6023
-5.7919
-5.5953
-6.1448
-6.2699
-6.5038
-6.6071
-6.7374
-6.6361
-7.0316
-7.1223
-7.0172
-7.2558
-7.2564
-7.1966
-7.1987
-7.3027
-7.0271
-6.9706
-6.7816
-7.0062
-6.8381
-6.9152
-6.8008
-6.6948
-6.8228
-6.9118
-7.0972
-7.2003
-7.2725
-7.5636
-7.8022
-8.2091
-7.8749
-8.6451
-8.4682
-8.5878
-8.8322
-9.0650
-8.9206
-9.0032
-9.0312
-9.2562
-9.3774
-9.3808
-9.2451
-9.4100
-9.3964
-9.2731
-9.2853
-9.2804
-9.3394
-9.4374
-9.4599
-9.4211
-9.3551
-9.3027
-9.2999
-9.1600
-9.0672
-8.9816
-8.9714
-9.0813
-9.2129
-9.3915
-9.5497
-9.7713
-10.0383
-10.1051
-9.5006
-9.2604
-9.2859
-9.5532
-7.8048
-10.1565
-11.3466
-10.1192
-10.4393
-8.8931
