7.2198
7.4356
7.8387
8.0399
8.3300
8.6636
8.8824
9.0811
9.1283
9.2427
9.2780
9.3184
9.4053
9.4858
9.4222
9.3706
9.2897
9.1691
9.1638
9.2561
9.3237
9.4489
8.8192
8.5747
9.1818
9.2046
8.8288
9.0413
8.5204
7.9810
7.3381
6.2344
6.1318
6.7227
7.8669
6.5017
5.2239
5.2778
7.6818
7.4478
7.5034
6.9383
7.0872
7.2357
6.9549
6.7549
6.8548
7.2780
8.1154
8.9299
8.6878
7.9746
7.3792
7.5409
7.8896
8.9223
9.1554
9.1698
8.4979
8.2140
8.1922
8.0834
7.9243
7.7496
7.8557
8.6867
7.4358
6.9699
6.6839
6.4419
6.7590
7.1080
7.3547
7.0116
5.7127
4.3804
4.1957
4.6676
5.0914
4.9729
5.1836
5.1415
4.8975
5.5645
5.3789
4.6097
4.5220
3.5747
3.3417
2.6913
2.5298
2.7947
2.1037
1.9447
1.4278
0.9266
1.1901
0.7496
0.6043
0.4582
0.2726
0.2607
-0.1029
-0.7471
-1.9960
-3.1022
-4.7422
-7.4244
-8.4903
-7.6954
-7.8785
-8.1647
-8.5220
-9.0059
-8.7555
-8.3182
-7.5454
-6.7396
-6.5016
-5.6650
-4.6296
-4.9547
-4.6263
-4.8756
-5.8298
-7.2261
-8.3925
-8.4867
-8.5071
-8.9433
-9.2558
-10.1438
-9.1050
-9.4341
-9.9611
-10.1085
-10.5268
-10.1180
-9.9927
-10.3861
-10.9075
-11.3235
-11.6985
-11.9019
-12.1570
-12.3413
-12.2671
-12.2850
-12.1239
-11.9548
-11.8909
-11.8405
-11.7758
-11.6416
-11.6180
-11.5142
-11.1937
-10.7924
-10.2656
-9.9573
-9.7101
-9.4089
-9.3203
-9.4555
-9.4259
-8.8967
-8.6301
-8.5785
-8.3564
-8.1854
-8.2930
-8.3480
-8.1994
-8.0856
-8.1807
-8.2012
-8.3585
-8.6792
-8.7793
-8.7617
-8.6633
-8.5017
-8.1963
-7.7565
-7.4454
-7.1346
-6.8554
-6.7592
-6.7099
-6.6915
-6.7334
-6.7841
-6.7833
-6.9167
-7.1259
-7.3463
-7.4418
-7.3812
-7.2368
-7.0599
-6.9482
-6.8895
-6.8112
-6.7531
-6.6638
-6.6200
-6.7015
-6.7269
-6.6419
-6.4761
-6.2366
-5.9969
-5.7761
-5.6048
-5.4492
-5.3905
-5.2401
-5.0245
-4.8423
-4.6220
-4.3919
-4.1575
-3.9280
-3.7264
-3.5463
-3.3851
-3.2351
-3.0902
-2.9704
-2.9035
-2.8835
-2.8918
-2.8384
-2.8256
-2.8376
-2.9073
-2.9757
-3.0279
-3.0743
-3.1510
-3.2537
-3.3191
-3.3251
-3.3356
-3.2877
-3.1432
-2.9899
-2.7939
-2.5653
-2.3293
-2.1081
-1.9556
-1.8424
-1.7695
-1.6398
-1.3797
-1.1023
-0.8068
-0.4788
-0.1505
0.1497
0.4300
0.6398
0.8521
0.9919
1.1468
1.3777
1.5341
1.5873
1.6191
1.5966
1.5682
1.6578
1.8002
1.8974
2.0418
2.1516
2.1529
2.2443
2.4037
2.6985
3.1054
3.4012
3.5685
3.7655
4.0262
4.2248
4.3272
4.3020
4.2325
3.9643
3.7287
3.4286
3.0857
2.8307
2.7662
2.9626
3.0920
2.9705
2.9504
2.9623
2.6764
2.7200
2.4461
2.2520
2.0749
2.0853
2.0570
2.2325
2.1146
2.0727
2.1820
2.3591
2.6721
2.9410
2.9966
3.0477
3.2232
3.2905
3.4019
3.4841
3.3343
3.0334
3.1266
2.8517
2.5780
2.3532
2.2465
2.1622
2.1692
1.9740
1.6811
1.8542
1.5011
1.5206
1.6483
1.5309
1.8239
1.7640
2.0157
2.2256
2.0990
2.3457
2.6009
2.5542
2.6516
2.7985
2.3854
2.3164
2.1894
2.1186
2.2194
2.4086
2.3797
2.4541
2.5683
2.5661
2.3720
2.0848
1.7882
1.6468
1.6764
1.6458
1.6278
1.7448
1.8436
1.7827
1.1080
0.5515
0.2225
-0.2754
-2.6961
-1.6887
-0.3032
-0.3018
-1.2801
-1.5711
