6.1480
6.1540
6.3320
6.4470
6.5460
6.6130
6.7380
6.8230
6.8160
6.8430
6.8560
6.9530
6.9770
7.0350
7.0030
6.9330
6.8020
6.7330
6.5620
6.0870
5.7840
5.7910
5.8140
5.9010
5.8010
5.6950
5.5250
5.4640
5.4100
5.3240
5.3050
5.4310
5.7850
6.1990
6.0040
5.5810
5.2140
5.9890
7.3240
8.3330
7.8220
7.9770
7.9010
7.9390
8.1200
8.0000
8.0110
8.1330
8.3450
8.1750
7.8070
8.0720
8.7020
8.6720
8.4530
8.3490
8.0930
7.8950
7.9550
8.0390
7.9440
7.9110
7.8760
7.5430
6.9730
6.5270
6.3020
6.1420
6.1200
6.1130
6.1270
6.0380
6.0450
5.7140
5.1080
4.4950
4.0530
3.6610
3.4010
3.1000
2.9340
2.9580
2.8630
2.7430
2.6500
2.5100
2.5260
2.5730
2.6530
2.8140
3.2340
3.6360
3.9360
4.5150
4.9860
5.2480
5.4080
5.3750
5.3200
5.2910
5.2630
5.2770
5.2610
5.2300
5.3150
5.2010
5.1680
5.3850
5.3170
5.1180
5.0420
5.1780
5.2560
5.0670
4.8660
4.6270
4.3400
3.7610
3.4290
3.3860
3.5910
3.6150
3.6730
3.6460
3.6230
3.5510
3.5100
3.5420
3.5980
3.6590
3.7180
3.7460
3.7050
3.6170
3.5220
3.4580
3.4900
3.5480
3.5500
3.5320
3.4950
3.4850
3.4690
3.3910
3.2690
3.1570
3.0580
2.9700
2.8960
2.8060
2.6800
2.5620
2.4760
2.3760
2.2730
2.1370
1.9850
1.8790
1.8400
1.8570
1.8380
1.7630
1.6720
1.6380
1.6780
1.8310
2.4820
2.7220
2.6730
2.6110
2.9160
3.5500
3.8450
3.8910
3.7270
3.7430
4.1160
4.4740
4.6820
4.9160
5.3260
6.0790
6.3180
6.4920
6.6520
6.6630
6.5090
6.3960
6.2890
6.2090
6.1160
6.0330
5.9570
5.8910
5.8070
5.7010
5.6150
5.5300
5.4410
5.3470
5.2300
5.0790
5.0160
4.9830
4.9850
5.0310
5.0640
5.1050
5.1130
5.0990
5.0340
4.7730
4.5110
4.2620
3.6770
3.0480
2.7170
2.4980
2.5040
2.4840
2.3300
2.1460
1.8710
1.5720
1.2560
1.1220
1.2160
1.4680
1.7490
1.9860
2.2160
2.3960
2.5450
2.7160
2.8940
3.0660
3.2690
3.4820
3.6910
3.9080
4.1220
4.2910
4.4370
4.5690
4.6940
4.7980
4.9160
5.0270
5.1550
5.2710
5.3880
5.5220
5.6380
5.7830
5.7840
5.6160
5.5870
5.4640
5.4170
5.3820
5.3210
5.3540
5.2370
5.2390
5.2930
5.3160
5.3030
5.2880
5.2570
5.2280
5.1990
5.1570
5.0880
5.0100
4.9340
4.8690
4.8130
4.7770
4.7390
4.6930
4.6570
4.6040
4.5660
4.5410
4.5250
4.4880
4.4390
4.3710
4.3010
4.2420
4.1910
4.1550
4.1010
4.0580
4.0170
3.9810
3.9540
3.9200
3.8770
3.8400
3.8040
3.7630
3.7080
3.6750
3.6400
3.6140
3.5940
3.5840
3.5370
3.4510
3.3350
3.4280
3.4830
3.5110
3.5740
3.6680
3.7820
3.9030
4.0070
4.1260
4.2680
4.3980
4.5420
4.6870
4.8400
4.9770
5.0700
5.0830
5.0930
5.0790
5.0490
5.0290
5.0420
5.0580
5.0930
5.1430
5.1680
5.1630
5.1250
5.1060
5.0670
4.9920
4.9100
4.8520
4.8010
4.7690
4.7280
4.6810
4.6740
4.6020
4.5510
4.5800
4.6000
4.5730
4.5980
4.5960
4.5920
4.6050
4.6000
4.6120
4.6210
4.6640
4.7580
4.8370
4.9290
5.0100
5.0870
5.1060
5.1130
5.0520
4.9390
4.8970
4.9300
4.9570
4.9300
4.8970
4.8930
