1125.8000
1119.3000
1102.0000
1107.7000
1127.4000
1093.7000
1098.8000
1048.2000
1045.5000
1042.7000
1051.2000
1058.5000
1025.2000
1008.5000
985.5700
999.1200
1018.4000
1018.0000
1035.6000
1008.9000
1004.7000
1003.8000
1006.0000
1010.7000
1013.4000
1010.1000
1009.9000
1013.1000
1028.6000
1030.7000
1039.0000
1041.9000
1048.4000
1060.0000
1072.7000
1079.7000
1085.0000
1106.8000
1128.0000
1131.6000
1137.7000
1149.1000
1163.1000
1180.9000
1187.0000
1180.6000
1179.1000
1207.7000
1175.8000
1182.9000
1240.7000
1224.3000
1204.1000
1210.4000
1221.2000
1231.0000
1256.1000
1306.7000
1284.3000
1308.9000
1304.7000
1311.1000
1341.7000
1372.8000
1346.9000
1361.2000
1366.3000
1376.1000
1382.7000
1384.0000
1376.3000
1381.1000
1403.7000
1412.6000
1419.5000
1430.3000
1433.8000
1436.3000
1435.9000
1442.4000
1450.0000
1460.2000
1477.9000
1496.4000
1507.7000
1515.2000
1526.7000
1502.5000
1473.8000
1462.7000
1461.6000
1467.8000
1463.4000
1451.8000
1430.2000
1415.4000
1417.8000
1420.1000
1426.3000
1428.0000
1417.1000
1406.7000
1399.9000
1405.3000
1415.0000
1412.6000
1410.0000
1406.8000
1406.5000
1414.1000
1421.3000
1456.4000
1488.5000
1495.9000
1501.6000
1501.6000
1507.7000
1518.8000
1539.1000
1549.4000
1553.8000
1557.3000
1565.6000
1568.9000
1584.6000
1592.8000
1598.1000
1601.4000
1606.5000
1614.6000
1620.3000
1631.2000
1639.0000
1643.0000
1648.2000
1629.0000
1616.0000
1612.0000
1610.0000
1613.9000
1609.2000
1599.5000
1584.0000
1570.9000
1566.3000
1559.5000
1554.3000
1543.9000
1531.4000
1520.4000
1515.2000
1514.4000
1513.7000
1508.3000
1502.0000
1497.2000
1498.5000
1498.8000
1499.1000
1521.9000
1538.2000
1543.6000
1549.2000
1546.8000
1554.6000
1568.8000
1595.2000
1611.5000
1618.3000
1628.7000
1642.7000
1648.7000
1659.9000
1672.9000
1685.1000
1697.0000
1712.6000
1724.3000
1730.8000
1743.1000
1755.3000
1772.5000
1775.4000
1745.2000
1715.6000
1707.0000
1704.1000
1710.7000
1705.5000
1694.1000
1674.9000
1662.5000
1662.8000
1663.4000
1660.7000
1681.3000
1687.7000
1685.3000
1685.4000
1683.0000
1687.4000
1690.7000
1699.4000
1700.0000
1697.4000
1700.0000
1699.5000
1732.9000
1765.1000
1779.4000
1786.4000
1784.2000
1789.3000
1806.1000
1830.7000
1845.6000
1845.8000
1846.5000
1850.5000
1839.5000
1839.0000
1845.2000
1847.9000
1851.3000
1849.7000
1849.8000
1846.3000
1849.2000
1852.3000
1850.7000
1851.6000
1828.1000
1803.6000
1795.2000
1787.9000
1788.4000
1779.0000
1768.9000
1749.3000
1735.6000
1731.3000
1726.4000
1719.6000
1720.8000
1712.4000
1703.2000
1697.8000
1694.1000
1691.5000
1684.3000
1680.1000
1672.8000
1668.9000
1665.2000
1663.2000
1694.7000
1722.8000
1733.3000
1743.9000
1747.1000
1760.5000
1776.1000
1799.7000
1814.9000
1820.9000
1825.8000
1833.9000
1824.0000
1831.0000
1844.4000
1857.5000
1872.3000
1881.6000
1891.7000
1896.5000
1905.1000
1915.6000
1922.6000
1933.2000
1899.6000
1867.5000
1856.9000
1855.0000
1867.2000
1862.7000
1852.2000
1830.1000
1814.7000
1814.6000
1813.7000
1811.3000
1828.8000
1829.7000
1822.8000
1817.8000
1812.7000
1813.4000
1815.0000
1821.7000
1820.7000
1815.9000
1816.9000
1818.7000
1848.7000
1879.5000
1888.9000
1893.5000
1888.8000
1895.7000
1907.9000
1926.8000
1939.7000
1941.9000
1944.7000
1950.0000
1936.4000
1935.3000
1937.1000
1938.3000
1940.0000
1937.7000
1937.3000
1931.8000
1932.8000
1935.0000
1934.6000
1937.1000
1919.7000
1895.4000
1885.8000
1876.9000
1875.7000
1865.2000
1849.6000
1828.6000
1810.7000
1802.9000
1795.0000
1786.3000
1789.8000
1781.2000
1773.4000
1768.0000
1760.3000
1756.0000
1749.3000
1745.1000
1737.3000
1726.4000
1719.1000
1710.4000
1724.7000
1738.1000
1745.5000
1750.6000
1750.5000
1758.8000
1767.2000
1781.6000
1793.3000
1795.2000
1796.9000
1795.5000
1779.3000
1773.9000
1775.0000
1775.9000
1781.3000
1783.1000
1789.3000
1792.3000
1797.5000
1801.6000
1802.3000
1806.4000
1773.0000
1737.9000
