8.9555
8.9646
9.2466
9.4301
9.5869
9.6927
9.8916
10.0268
10.0159
10.0575
10.0784
10.2329
10.2707
10.3623
10.3120
10.2014
9.9936
9.8831
9.6122
8.8582
8.3785
8.3892
8.4254
8.5630
8.4044
8.2372
7.9676
7.8705
7.7851
7.6483
7.6183
7.8172
8.3798
9.0358
8.7266
8.0550
7.4739
8.7037
10.8220
12.4224
11.6124
11.8581
11.7364
11.7981
12.0849
11.8938
11.9117
12.1047
12.4418
12.1723
11.5880
12.0086
13.0075
12.9603
12.6127
12.4474
12.0423
11.7274
11.8227
11.9558
11.8060
11.7527
11.6971
11.1683
10.2640
9.5575
9.1996
8.9455
8.9117
8.8993
8.9219
8.7806
8.7918
8.2670
7.3053
6.3327
5.6312
5.0086
4.5960
4.1195
3.8553
3.8932
3.7425
3.5527
3.4050
3.1833
3.2073
3.2830
3.4093
3.6654
4.3311
4.9692
5.4459
6.3648
7.1115
7.5265
7.7816
7.7281
7.6415
7.5956
7.5515
7.5727
7.5473
7.4983
7.6341
7.4522
7.3999
7.7451
7.6375
7.3204
7.2008
7.4169
7.5399
7.2395
6.9219
6.5418
6.0861
5.1681
4.6405
4.5722
4.8983
4.9359
5.0279
4.9857
4.9486
4.8343
4.7696
4.8209
4.9085
5.0054
5.1001
5.1447
5.0791
4.9386
4.7879
4.6874
4.7370
4.8293
4.8330
4.8049
4.7461
4.7294
4.7050
4.5813
4.3864
4.2092
4.0528
3.9128
3.7947
3.6522
3.4529
3.2644
3.1287
2.9707
2.8068
2.5911
2.3488
2.1816
2.1196
2.1463
2.1165
1.9979
1.8534
1.7986
1.8622
2.1056
3.1386
3.5197
3.4413
3.3434
3.8273
4.8324
5.3006
5.3734
5.1130
5.1386
5.7314
6.2987
6.6287
7.0010
7.6513
8.8467
9.2255
9.5016
9.7557
9.7721
9.5276
9.3491
9.1789
9.0515
8.9052
8.7734
8.6528
8.5481
8.4140
8.2464
8.1102
7.9747
7.8338
7.6836
7.4982
7.2590
7.1589
7.1073
7.1098
7.1827
7.2352
7.3003
7.3133
7.2912
7.1872
6.7743
6.3582
5.9624
5.0344
4.0365
3.5111
3.1632
3.1731
3.1421
2.8975
2.6052
2.1693
1.6936
1.1927
0.9795
1.1298
1.5292
1.9747
2.3513
2.7168
3.0022
3.2379
3.5090
3.7915
4.0652
4.3873
4.7246
5.0559
5.4013
5.7399
6.0082
6.2399
6.4506
6.6487
6.8129
7.0004
7.1765
7.3791
7.5640
7.7500
7.9619
8.1462
8.3756
8.3774
8.1115
8.0645
7.8707
7.7948
7.7397
7.6424
7.6962
7.5097
7.5125
7.5980
7.6351
7.6153
7.5915
7.5409
7.4958
7.4495
7.3832
7.2735
7.1495
7.0287
6.9257
6.8375
6.7799
6.7189
6.6471
6.5902
6.5059
6.4454
6.4049
6.3798
6.3212
6.2435
6.1362
6.0244
5.9317
5.8499
5.7923
5.7080
5.6391
5.5737
5.5168
5.4734
5.4205
5.3522
5.2924
5.2357
5.1708
5.0842
5.0310
4.9750
4.9341
4.9035
4.8876
4.8128
4.6761
4.4915
4.6387
4.7260
4.7714
4.8712
5.0197
5.2006
5.3925
5.5574
5.7474
5.9721
6.1779
6.4073
6.6371
6.8795
7.0971
7.2452
7.2654
7.2813
7.2587
7.2120
7.1803
7.2009
7.2256
7.2811
7.3605
7.4007
7.3921
7.3326
7.3025
7.2394
7.1218
6.9905
6.8986
6.8173
6.7669
6.7014
6.6269
6.6171
6.5027
6.4210
6.4681
6.4986
6.4564
6.4958
6.4929
6.4870
6.5076
6.4988
6.5176
6.5323
6.6001
6.7499
6.8759
7.0218
7.1495
7.2718
7.3024
7.3127
7.2168
7.0375
6.9699
7.0223
7.0654
7.0225
6.9696
6.9642
