-8.6332
-8.5946
-8.5213
-8.4819
-8.4904
-8.5132
-8.5412
-8.5344
-8.5108
-8.5155
-8.5381
-8.5517
-8.5569
-8.5627
-8.5825
-8.5999
-8.5376
-8.2752
-8.1432
-7.9604
-7.7578
-7.4597
-7.1200
-6.8779
-6.6837
-6.4234
-6.0965
-5.8090
-5.6409
-5.5321
-5.3893
-5.3132
-5.2448
-5.2745
-5.4276
-5.5053
-5.5936
-6.8159
-8.0040
-9.1116
-9.3038
-9.6380
-10.0020
-10.2813
-10.4644
-10.4977
-10.5618
-10.5775
-10.7309
-11.1153
-11.1101
-11.1874
-11.2772
-11.3484
-11.4016
-11.4714
-11.5774
-11.6392
-11.7743
-11.9197
-12.2481
-12.4168
-12.4642
-12.6320
-12.7295
-12.7957
-12.8375
-12.7853
-12.7521
-12.7798
-12.8464
-12.8798
-12.9358
-13.1030
-13.2276
-13.2825
-13.2783
-13.2602
-13.2228
-13.1637
-13.0833
-13.0060
-12.9474
-12.9347
-12.9213
-12.8973
-12.8784
-12.8708
-12.9110
-13.0497
-13.2171
-13.0910
-13.2437
-13.9116
-13.8389
-13.5427
-13.5583
-13.4490
-13.5678
-13.6012
-13.8389
-13.7403
-13.6002
-13.7535
-13.8801
-13.8304
-13.7934
-13.9699
-13.4135
-13.3477
-13.5040
-13.1906
-13.0456
-13.3178
-13.3638
-13.4480
-13.3693
-13.1753
-12.7845
-12.3065
-11.7886
-11.3065
-10.8302
-10.3925
-9.9487
-9.5661
-9.1892
-8.8201
-8.4927
-8.2285
-8.0122
-7.8414
-7.7004
-7.5790
-7.4688
-7.3805
-7.3373
-7.3286
-7.2969
-7.2248
-7.1473
-7.0970
-7.0701
-7.0476
-7.0401
-7.0519
-7.0742
-7.1247
-7.2340
-7.3669
-7.4771
-7.5345
-7.5618
-7.5790
-7.5721
-7.5667
-7.5635
-7.4990
-7.4208
-7.3584
-7.2825
-7.1958
-7.0857
-6.9749
-6.9162
-7.0801
-7.3704
-7.1137
-6.9307
-6.8672
-7.1391
-7.8051
-7.7248
-7.7157
-7.6372
-7.7331
-8.3735
-8.4577
-8.1954
-8.2339
-8.4808
-9.9745
-10.0832
-9.9291
-9.8002
-9.6917
-9.6291
-9.4909
-9.3365
-9.2637
-9.2848
-9.3527
-9.4030
-9.4106
-9.4055
-9.4417
-9.5329
-9.6589
-9.8266
-10.0539
-10.3171
-10.5403
-10.6603
-10.8028
-10.8895
-10.9147
-10.8771
-10.7848
-10.6585
-10.5060
-10.4491
-10.8214
-10.8518
-10.9119
-11.2141
-11.1886
-10.8349
-10.3756
-9.7613
-9.2423
-8.7785
-8.3143
-7.8913
-7.5621
-7.2765
-7.0708
-6.8895
-6.7298
-6.6183
-6.5718
-6.6083
-6.6866
-6.7305
-6.7639
-6.8216
-6.9115
-7.0231
-7.1360
-7.2643
-7.4412
-7.6273
-7.7566
-7.8459
-7.9388
-8.0336
-8.1034
-8.1695
-8.2439
-8.2627
-8.2495
-8.2820
-8.2811
-8.3125
-8.2632
-8.2528
-8.4977
-8.6508
-8.9141
-9.0926
-9.3055
-9.5240
-9.7504
-10.0791
-10.2746
-10.4247
-10.5971
-10.7693
-10.9088
-11.0251
-11.1266
-11.2098
-11.2785
-11.3468
-11.4114
-11.4810
-11.5412
-11.5951
-11.6473
-11.6912
-11.7150
-11.7289
-11.7481
-11.7568
-11.7646
-11.7765
-11.7920
-11.8032
-11.8075
-11.8110
-11.7991
-11.7842
-11.7750
-11.7685
-11.7681
-11.7729
-11.7733
-11.7784
-11.7862
-11.7902
-11.7854
-11.7744
-11.7672
-11.7712
-11.7668
-11.7547
-11.7301
-11.6958
-11.6670
-11.6628
-11.6269
-11.5023
-11.3053
-11.1392
-10.9920
-10.8324
-10.6915
-10.5857
-10.4967
-10.3855
-10.2613
-10.1366
-10.0250
-9.9116
-9.7860
-9.6632
-9.5708
-9.5030
-9.4715
-9.4892
-9.5172
-9.5575
-9.6014
-9.6364
-9.6545
-9.6745
-9.7153
-9.7773
-9.8483
-9.8918
-9.9422
-10.0043
-10.0878
-10.1720
-10.2633
-10.3555
-10.4459
-10.5350
-10.6197
-10.7014
-10.8022
-10.8666
-10.9292
-10.9938
-11.0345
-11.0880
-11.1097
-11.1470
-11.1779
-11.2139
-11.2509
-11.2769
-11.2987
-11.3193
-11.3321
-11.3405
-11.3545
-11.3679
-11.3773
-11.3815
-11.3901
-11.4071
-11.4199
-11.4257
-11.4252
-11.4294
-11.4371
-11.4401
