-2.9865
-2.9840
-2.8700
-2.7008
-2.6116
-2.4894
-2.4823
-2.2684
-2.0991
-1.8420
-1.7130
-1.5403
-1.4426
-1.3321
-1.2026
-0.8566
0.0119
1.1671
2.1703
2.5885
2.9511
3.4874
3.9206
4.5926
5.1473
5.6787
6.0912
6.6884
7.1235
7.3581
7.5689
7.7958
8.0142
8.2177
7.6951
6.8817
5.8914
3.8301
3.8401
3.4491
3.2217
2.8615
2.6153
3.0939
2.6317
2.1125
1.9906
2.6101
1.4378
0.9753
1.3395
0.4022
0.4048
0.4091
0.3099
0.4260
0.4522
1.3350
0.2751
0.8651
0.1936
-0.4638
0.2625
0.7830
-0.0802
-0.2000
-0.2244
-0.3131
-0.4831
-0.7041
-0.8796
-0.8147
-0.7766
-1.2049
-1.4051
-1.3507
-1.3334
-1.2997
-1.0577
-0.8116
-0.4109
0.0889
0.3124
0.5369
0.6766
0.7452
0.9152
1.1389
1.4942
2.1642
3.0003
3.5451
4.2973
5.6260
6.0027
6.0850
6.1183
5.8984
6.0464
6.0861
6.2862
6.4729
6.4526
6.4194
6.5307
6.2283
5.9183
6.1273
5.6111
5.1926
5.0931
4.9031
4.8090
4.6506
4.4154
4.1411
3.8777
3.4178
3.1651
3.1411
3.2188
3.1259
2.9718
2.7034
2.3496
1.9792
1.5117
1.0404
0.5298
0.1431
-0.0998
-0.2952
-0.4598
-0.6247
-0.7597
-0.9017
-1.0658
-1.1767
-1.2136
-1.2197
-1.2915
-1.3696
-1.4837
-1.5981
-1.8613
-2.2442
-2.5474
-2.7199
-2.9124
-3.0544
-3.0806
-3.0206
-2.9634
-2.8750
-2.7486
-2.5662
-2.3453
-2.1731
-1.9784
-1.7055
-1.4600
-1.3007
-1.3624
-1.5329
-1.6418
-1.2906
-0.3231
0.0170
-0.0559
-0.2646
-0.4792
-0.3300
0.0525
0.0176
-0.1300
0.0372
0.7687
1.2480
1.5174
1.9485
2.5628
4.2862
5.0501
5.3944
5.6504
5.8370
5.8716
5.8397
5.7392
5.6948
5.6367
5.5749
5.4919
5.4428
5.4288
5.4019
5.4024
5.3996
5.3872
5.3876
5.3670
5.3036
5.3423
5.4174
5.5374
5.6949
5.8229
5.9578
6.0648
6.1285
6.1061
5.8172
5.5149
5.2214
4.4397
3.5597
3.0975
2.7865
2.7871
2.7640
2.5437
2.2706
1.8277
1.2929
0.5887
-0.0882
-0.7561
-1.3880
-1.9131
-2.3139
-2.6862
-2.9873
-3.2372
-3.5051
-3.7793
-4.0470
-4.3685
-4.7137
-5.0523
-5.4009
-5.7395
-6.0063
-6.2363
-6.4483
-6.6480
-6.8114
-6.9947
-7.1597
-7.3356
-7.4743
-7.6066
-7.7427
-7.8327
-7.9463
-7.8310
-7.4673
-7.2709
-6.9749
-6.7985
-6.6656
-6.5201
-6.5368
-6.3432
-6.2427
-6.2357
-6.1853
-6.1123
-6.0232
-5.9280
-5.8507
-5.7824
-5.7239
-5.6355
-5.5448
-5.4600
-5.3778
-5.2952
-5.2226
-5.1633
-5.1213
-5.0848
-5.0266
-4.9705
-4.9251
-4.9144
-4.8661
-4.7997
-4.7213
-4.6390
-4.5648
-4.5025
-4.4809
-4.4560
-4.4448
-4.4236
-4.4054
-4.4022
-4.3811
-4.3523
-4.3460
-4.3606
-4.3719
-4.3439
-4.3428
-4.3390
-4.3491
-4.3574
-4.3734
-4.3147
-4.2137
-4.0438
-4.1745
-4.2451
-4.2975
-4.4278
-4.6089
-4.8159
-5.0298
-5.2167
-5.4408
-5.7005
-5.9443
-6.2069
-6.4521
-6.7033
-6.9362
-7.0956
-7.1325
-7.1712
-7.1701
-7.1421
-7.1284
-7.1629
-7.1983
-7.2640
-7.3525
-7.3983
-7.3918
-7.3326
-7.3023
-7.2386
-7.1190
-6.9854
-6.8917
-6.8098
-6.7603
-6.6980
-6.6254
-6.6167
-6.5024
-6.4209
-6.4668
-6.4957
-6.4533
-6.4938
-6.4918
-6.4866
-6.5072
-6.4973
-6.5131
-6.5220
-6.5810
-6.7170
-6.8254
-6.9504
-7.0540
-7.1527
-7.1636
-7.1606
-7.0499
-6.8675
-6.7940
-6.8219
-6.8227
-6.7437
-6.6631
-6.6401
