8.4429
8.4534
8.7899
9.0350
9.2244
9.3675
9.5751
9.7668
9.7935
9.8874
9.9318
10.1164
10.1689
10.2763
10.2416
10.1654
9.9936
9.8140
9.3640
8.4715
7.8415
7.6300
7.4576
7.2272
6.6438
5.9669
5.1361
4.1485
3.1404
2.0867
0.8661
-0.5784
-2.4481
-3.7570
-4.1157
-4.1862
-4.5990
-7.8156
-10.1177
-11.9340
-11.1566
-11.5076
-11.4413
-11.3852
-11.7948
-11.7047
-11.7441
-11.8200
-12.3585
-12.1331
-11.5104
-12.0018
-13.0012
-12.9538
-12.6089
-12.4401
-12.0338
-11.6512
-11.8195
-11.9244
-11.8044
-11.7435
-11.6941
-11.1408
-10.2636
-9.5555
-9.1969
-8.9400
-8.8986
-8.8714
-8.8784
-8.7427
-8.7574
-8.1787
-7.1689
-6.1870
-5.4711
-4.8370
-4.4726
-4.0387
-3.8334
-3.8922
-3.7294
-3.5119
-3.3371
-3.0948
-3.0739
-3.0792
-3.0644
-2.9583
-3.1235
-3.4821
-3.3453
-2.9765
-3.8134
-4.4295
-4.8082
-4.9932
-4.6727
-4.5444
-4.1844
-3.9303
-3.9149
-3.8751
-3.9534
-4.0920
-4.4422
-4.7373
-5.1814
-5.1600
-5.0904
-5.5651
-5.8072
-5.5482
-5.3307
-5.0643
-4.6909
-3.8766
-3.3935
-3.3224
-3.6923
-3.8199
-4.0556
-4.1891
-4.3552
-4.4106
-4.5237
-4.7073
-4.8798
-5.0034
-5.0991
-5.1363
-5.0582
-4.8989
-4.7273
-4.5998
-4.6156
-4.6837
-4.6781
-4.6475
-4.5670
-4.5267
-4.4650
-4.2936
-3.9720
-3.5610
-3.1521
-2.8128
-2.4326
-2.0022
-1.5597
-1.2380
-1.0034
-0.7480
-0.5685
-0.3584
-0.1271
0.1923
0.7608
1.3030
1.5323
1.5165
1.2566
0.9409
0.8788
1.6637
3.1219
3.5196
3.4409
3.3329
3.7971
4.8211
5.3004
5.3733
5.1114
5.1384
5.6796
6.1738
6.4527
6.7244
7.2093
7.7390
7.7205
7.8218
7.9529
7.8373
7.5033
7.3009
7.1634
7.0356
6.8942
6.7745
6.6866
6.5913
6.4284
6.2308
6.0490
5.8686
5.6873
5.4783
5.2362
4.9562
4.7654
4.6006
4.4594
4.3771
4.2946
4.2188
4.0870
3.9500
3.7910
3.4715
3.1643
2.8788
2.3738
1.9032
1.6533
1.4971
1.5167
1.4944
1.3874
1.2773
1.1684
1.0940
1.0373
0.9755
0.8395
0.6417
0.4893
0.4177
0.4063
0.2983
0.0644
-0.1658
-0.3046
-0.3843
-0.4058
-0.3218
-0.1901
-0.0712
0.0601
0.1515
0.2115
0.1732
0.1027
0.1439
0.2820
0.4916
0.8000
1.1616
1.4838
1.8552
2.2379
2.6472
2.9760
3.1680
3.4885
3.6466
3.8130
3.9334
3.9867
4.0622
4.0199
4.1794
4.3412
4.4762
4.5423
4.6207
4.6610
4.6858
4.6968
4.6636
4.5983
4.5133
4.4263
4.3640
4.3258
4.3233
4.2993
4.2375
4.1924
4.1305
4.1034
4.0947
4.0683
4.0347
3.9929
3.9195
3.8435
3.7878
3.7348
3.6706
3.5673
3.4703
3.3908
3.3207
3.2525
3.1920
3.1151
3.0202
2.8980
2.7610
2.6419
2.5400
2.4338
2.3304
2.2489
2.1822
2.1322
2.0273
1.9547
2.0228
2.0771
2.0732
2.0305
1.9888
1.9629
1.9443
1.9159
1.8521
1.7805
1.6827
1.5901
1.5561
1.5470
1.5025
1.4646
1.3834
1.2616
1.1309
1.0022
0.8624
0.7390
0.6279
0.4991
0.3431
0.1881
0.0732
-0.0032
-0.0543
-0.1098
-0.2003
-0.2676
-0.3069
-0.3193
-0.2985
-0.2151
-0.1432
-0.0758
-0.0548
0.0369
0.1325
0.1952
0.2016
0.1573
0.1205
0.0722
0.0722
0.1368
0.2416
0.3673
0.5009
0.6654
0.8318
0.9986
1.1650
1.3105
1.4169
1.4834
1.5428
1.5372
1.5556
1.6657
1.8362
1.9591
2.0441
2.0997
