4.8590
4.7530
4.6420
4.5930
4.5140
4.4430
4.4090
4.4750
4.5830
4.7210
4.9250
5.0690
5.2940
5.5370
5.7250
5.9180
6.0340
6.1180
6.2000
6.1550
6.1510
6.0250
5.9030
5.7790
5.6500
5.4940
5.2360
5.1740
4.9560
4.9680
4.7650
5.1900
5.4520
5.3310
5.3500
5.0830
4.9630
5.0660
5.7870
6.3120
6.2080
6.4740
6.6480
6.8080
6.9660
6.8850
6.8450
6.8570
6.8290
7.2050
7.1350
7.0360
6.9710
7.0960
7.0790
6.9340
6.5860
6.3400
6.3220
6.3030
6.3500
6.4100
6.3160
6.1850
6.1980
6.3370
6.5380
6.7120
6.7610
6.7480
6.6160
6.5390
6.6610
6.8510
7.0110
7.1080
7.1240
7.0290
7.0060
6.9860
7.0010
7.0190
7.0770
7.1440
7.1460
7.0890
7.0730
7.0260
7.0740
7.1110
7.1190
6.9960
6.8250
6.7810
6.7620
6.6410
6.4650
6.3200
6.1310
5.9570
5.8190
5.7340
5.7560
5.6870
5.4950
5.5260
5.4790
5.5580
5.5350
5.5150
5.4180
5.2510
5.1500
5.0050
4.9650
4.8710
4.7570
4.6210
4.4920
4.3550
4.2950
4.2750
4.2400
4.1550
4.0570
4.0280
4.0460
4.0300
3.9360
3.8390
3.8420
3.9110
3.9950
4.0890
4.1630
4.2930
4.4990
4.6520
4.6390
4.5410
4.6070
4.7300
4.6610
4.5750
4.4270
4.3460
4.2380
4.1910
4.2170
4.2930
4.4600
4.5950
4.6630
4.7320
4.7500
4.7080
4.6270
4.4980
4.4070
4.3740
4.3300
4.2530
4.1780
4.1250
4.0570
4.0320
4.0420
3.9850
3.8960
3.7980
3.7160
3.6650
3.6640
3.6660
3.6340
3.5890
3.5650
3.5590
3.5510
3.5360
3.5140
3.4700
3.4110
3.3480
3.2840
3.2120
3.1410
3.0820
3.0420
2.9960
2.9950
2.9760
2.9040
2.9260
2.9170
2.7790
2.6430
2.7240
2.9720
2.8880
2.7710
3.0850
3.1390
2.9410
3.0540
3.1040
3.0330
2.9940
2.9550
3.0380
3.0470
2.9450
2.9630
3.0630
3.0900
3.1440
3.2500
3.3990
3.5260
3.6410
3.6940
3.6790
3.7760
3.8590
3.9560
4.0820
4.1800
4.3260
4.4200
4.5180
4.6030
4.6810
4.7700
4.9120
4.9840
5.0320
5.1060
5.0990
5.1140
5.1500
5.1580
5.1450
5.2020
5.2440
5.2610
5.2820
5.3290
5.3800
5.4140
5.4450
5.3980
5.3490
5.2920
5.3020
5.2640
5.2580
5.2980
5.3380
5.3500
5.3280
5.2920
5.3090
5.3760
5.3450
5.2500
5.2600
5.2730
5.1630
4.9220
4.7460
4.6350
4.6170
4.4740
4.2370
4.1990
4.1270
4.2360
4.3260
4.6600
4.8630
5.0470
5.0020
5.0480
4.9970
4.7730
4.7100
4.7640
4.6930
4.7420
4.6440
4.6060
4.6270
4.6660
4.7590
4.9470
5.2280
5.4820
5.7380
5.8510
5.9280
5.8020
5.5410
5.3110
5.2770
5.4300
5.3100
5.0220
4.7670
4.3970
4.0330
3.7230
3.5730
3.6860
3.5590
3.6250
4.1140
4.2950
4.4810
4.5410
4.4180
4.3820
4.3690
4.2530
4.0620
3.9890
4.0160
4.1490
4.3900
4.5670
4.8780
5.2560
5.7040
6.0450
6.2920
6.5710
6.8650
7.1820
7.4720
7.7200
7.8520
7.8110
7.7600
7.7230
7.7050
7.6400
7.4560
7.1720
6.9080
6.6240
6.5400
6.5210
6.5280
6.4570
6.1490
6.0180
6.0310
6.1730
6.2250
6.2230
6.1810
6.0750
6.0140
5.8710
5.9030
6.0200
6.1400
6.1390
6.1270
6.2590
6.4090
6.4470
6.3430
6.2670
6.1520
5.9370
5.6980
5.6920
