906.6400
919.5100
900.1300
905.1900
939.5200
923.4000
922.2200
908.5200
895.7600
894.4300
877.6200
876.0700
864.4000
854.6500
849.2700
867.8900
884.9100
876.7300
889.7700
875.0800
866.7700
871.5100
877.8100
883.0800
891.3500
888.3300
904.7100
903.6800
921.3700
922.9900
942.4700
917.3800
910.7000
934.7700
932.4700
937.6500
933.4400
946.2600
949.2700
911.5700
894.1400
880.6300
869.7300
858.5000
847.7000
839.4200
825.8600
816.0500
816.2700
788.7500
785.4700
786.1300
778.7500
754.3100
743.3000
734.6800
737.6300
739.2100
722.3400
709.7000
693.6100
692.0900
683.1500
688.8200
683.1100
670.3900
678.4000
679.0800
689.5400
689.7600
691.9200
688.2800
685.5700
684.1900
675.2400
665.5100
659.3300
660.3100
656.2300
652.3700
649.5300
648.3000
644.4300
641.2500
635.2600
634.3700
629.6500
593.6600
552.8300
533.2200
523.9400
527.5600
521.4800
504.9900
471.2600
450.7300
444.3300
438.3700
432.8000
445.9700
441.5500
433.0500
420.1900
408.2900
410.9800
410.9800
416.9000
413.2200
408.2900
412.1200
416.0100
440.9600
467.0400
476.9200
480.2500
477.1000
481.2200
493.2700
507.3200
517.7600
521.7200
526.7800
536.2600
535.3900
546.5900
557.5600
567.8600
575.9900
583.6500
592.0400
599.7100
610.6600
623.0600
628.2200
636.2700
634.6100
634.4600
643.6200
652.4300
661.1400
663.8700
665.0800
664.1900
667.8400
670.9200
671.4600
673.0700
670.5100
660.7700
658.9600
662.1100
670.5800
674.3400
671.7600
671.0600
668.3800
671.7200
674.6400
680.5700
712.3100
736.6800
753.3700
766.8400
773.1400
789.5900
806.0900
832.5600
851.6800
865.7700
881.9700
894.7900
899.9000
913.4900
926.3300
939.9900
951.3500
965.2500
978.9400
991.6600
1006.6000
1021.0000
1035.1000
1046.5000
1014.4000
986.1900
978.5600
978.9300
993.3700
992.9000
978.8800
953.5400
939.9400
941.1000
942.6500
943.4300
956.5200
958.8300
956.6400
959.6700
963.3900
971.3400
974.9600
987.7400
987.3000
989.2100
993.3300
999.1600
1037.5000
1072.0000
1083.8000
1099.0000
1096.8000
1114.4000
1135.3000
1166.3000
1186.1000
1193.3000
1200.5000
1209.5000
1206.8000
1212.5000
1219.9000
1219.7000
1218.1000
1218.8000
1217.8000
1216.3000
1221.2000
1224.2000
1223.0000
1222.8000
1197.3000
1176.7000
1157.8000
1149.0000
1150.2000
1134.8000
1125.4000
1106.9000
1095.0000
1090.8000
1089.3000
1080.2000
1083.4000
1077.8000
1073.6000
1067.4000
1063.9000
1062.4000
1056.0000
1058.8000
1051.6000
1051.7000
1044.4000
1039.1000
1061.9000
1078.5000
1083.9000
1080.2000
1079.2000
1085.0000
1092.8000
1105.4000
1115.8000
1129.5000
1129.7000
1135.7000
1129.2000
1142.0000
1157.4000
1172.3000
1180.2000
1196.2000
1209.5000
1211.0000
1223.6000
1228.0000
1233.1000
1223.0000
1185.2000
1144.6000
1132.0000
1120.4000
1124.7000
1129.8000
1124.7000
1100.5000
1097.6000
1096.8000
1102.5000
1105.8000
1121.5000
1126.8000
1123.2000
1113.9000
1100.2000
1092.0000
1081.5000
1078.9000
1069.6000
1066.8000
1072.6000
1079.4000
1107.8000
1118.9000
1120.8000
1121.6000
1108.0000
1118.5000
1140.6000
1168.2000
1184.8000
1178.2000
1178.3000
1172.6000
1132.6000
1121.3000
1110.1000
1098.8000
1092.5000
1080.1000
1069.6000
1061.7000
1065.9000
1067.3000
1063.8000
1061.8000
1036.4000
1018.8000
1009.0000
1004.0000
1001.7000
989.7200
974.6500
958.3900
938.6700
923.0000
906.3400
891.5300
888.5100
885.5100
877.4600
866.2200
850.6600
848.1200
850.3600
856.8300
862.7400
865.7200
869.4000
861.1100
872.2200
891.4400
907.5700
915.9800
916.2500
928.6500
938.3300
958.3100
976.1600
991.9500
999.4800
1020.9000
1009.8000
1005.2000
1000.9000
1004.8000
1015.0000
1014.8000
1008.0000
998.3400
1002.0000
1004.2000
1011.6000
1019.4000
989.5300
956.0200
