6.9096
6.7416
6.5651
6.4876
6.3628
6.2492
6.1964
6.3007
6.4720
6.6914
7.0150
7.2428
7.5995
7.9861
8.2844
8.5911
8.7748
8.9082
9.0375
8.9667
8.9604
8.7596
8.5664
8.3705
8.1650
7.9184
7.5082
7.4092
7.0636
7.0832
6.7614
7.4354
7.8512
7.6584
7.6899
7.2647
7.0748
7.2390
8.3830
9.2153
9.0508
9.4728
9.7489
10.0031
10.2534
10.1249
10.0609
10.0810
10.0361
10.6323
10.5222
10.3644
10.2614
10.4596
10.4324
10.2030
9.6511
9.2596
9.2323
9.2021
9.2762
9.3717
9.2218
9.0139
9.0352
9.2553
9.5749
9.8510
9.9289
9.9078
9.6979
9.5763
9.7689
10.0717
10.3254
10.4786
10.5048
10.3531
10.3163
10.2851
10.3095
10.3375
10.4295
10.5363
10.5383
10.4481
10.4229
10.3485
10.4245
10.4832
10.4964
10.3006
10.0304
9.9602
9.9294
9.7382
9.4588
9.2283
8.9280
8.6529
8.4332
8.2980
8.3327
8.2233
7.9186
7.9687
7.8931
8.0195
7.9821
7.9506
7.7977
7.5318
7.3725
7.1415
7.0783
6.9293
6.7483
6.5328
6.3277
6.1103
6.0148
5.9832
5.9280
5.7929
5.6374
5.5907
5.6196
5.5944
5.4450
5.2919
5.2959
5.4058
5.5390
5.6885
5.8056
6.0116
6.3389
6.5820
6.5609
6.4053
6.5108
6.7054
6.5953
6.4591
6.2242
6.0963
5.9242
5.8497
5.8910
6.0120
6.2763
6.4910
6.5987
6.7090
6.7366
6.6702
6.5423
6.3370
6.1934
6.1398
6.0705
5.9488
5.8294
5.7446
5.6379
5.5985
5.6131
5.5238
5.3815
5.2268
5.0960
5.0152
5.0133
5.0172
4.9659
4.8949
4.8566
4.8478
4.8348
4.8105
4.7757
4.7059
4.6127
4.5124
4.4106
4.2960
4.1841
4.0904
4.0269
3.9536
3.9520
3.9217
3.8077
3.8430
3.8280
3.6098
3.3940
3.5226
3.9165
3.7829
3.5968
4.0955
4.1813
3.8673
4.0457
4.1253
4.0131
3.9508
3.8890
4.0197
4.0354
3.8726
3.9015
4.0609
4.1023
4.1892
4.3569
4.5927
4.7945
4.9767
5.0619
5.0369
5.1923
5.3234
5.4767
5.6763
5.8324
6.0636
6.2137
6.3687
6.5045
6.6276
6.7691
6.9943
7.1089
7.1838
7.3012
7.2916
7.3142
7.3711
7.3846
7.3646
7.4547
7.5205
7.5484
7.5809
7.6551
7.7361
7.7901
7.8395
7.7646
7.6880
7.5972
7.6135
7.5528
7.5438
7.6065
7.6702
7.6893
7.6543
7.5978
7.6240
7.7300
7.6811
7.5298
7.5471
7.5664
7.3920
7.0098
6.7306
6.5545
6.5256
6.2984
5.9237
5.8629
5.7487
5.9212
6.0650
6.5941
6.9157
7.2081
7.1373
7.2098
7.1291
6.7730
6.6730
6.7590
6.6469
6.7248
6.5696
6.5092
6.5413
6.6042
6.7521
7.0492
7.4960
7.8985
8.3042
8.4834
8.6059
8.4068
7.9929
7.6277
7.5741
7.8158
7.6252
7.1681
6.7636
6.1769
5.5986
5.1069
4.8696
5.0484
4.8475
4.9527
5.7285
6.0149
6.3109
6.4058
6.2105
6.1531
6.1320
5.9490
5.6459
5.5291
5.5716
5.7840
6.1651
6.4465
6.9397
7.5395
8.2504
8.7923
9.1842
9.6273
10.0937
10.5968
11.0559
11.4503
11.6586
11.5949
11.5134
11.4546
11.4259
11.3232
11.0306
10.5803
10.1613
9.7104
9.5771
9.5472
9.5577
9.4453
8.9563
8.7495
8.7694
8.9955
9.0776
9.0746
9.0074
8.8401
8.7424
8.5166
8.5669
8.7528
8.9424
8.9404
8.9215
9.1316
9.3690
9.4294
9.2653
9.1435
8.9615
8.6211
8.2418
8.2317
