-7.8589
-7.8819
-7.9022
-7.9235
-7.9415
-7.9532
-7.9545
-7.9646
-7.9693
-7.9585
-7.9287
-7.8951
-7.8584
-7.8336
-7.8308
-7.8424
-7.8593
-7.8970
-7.9252
-7.9681
-7.9844
-7.9367
-7.8356
-7.6983
-7.4955
-7.2657
-7.0511
-6.8844
-6.7449
-6.6887
-6.6144
-6.5291
-6.4882
-6.6256
-6.9714
-6.8903
-6.5813
-6.4718
-6.5985
-6.7896
-7.3012
-7.6268
-7.8080
-7.8075
-7.8052
-7.9008
-7.9738
-8.0813
-8.2038
-8.3384
-8.5871
-8.8707
-9.1383
-9.3441
-9.4874
-9.5916
-9.6847
-9.7517
-9.7555
-9.6763
-9.5796
-9.4584
-9.3271
-9.2290
-9.1675
-9.1349
-9.1040
-9.0623
-9.0304
-9.0146
-9.0018
-8.9841
-8.9471
-8.8862
-8.7945
-8.7131
-8.6568
-8.6143
-8.5997
-8.6063
-8.6055
-8.5828
-8.5458
-8.5150
-8.4864
-8.4498
-8.4076
-8.3649
-8.3243
-8.3025
-8.2902
-8.2702
-8.2417
-8.2105
-8.1894
-8.1750
-8.1610
-8.1377
-8.1256
-8.1187
-8.1247
-8.1236
-8.1132
-8.1062
-8.1075
-8.1043
-8.1012
-8.0954
-8.0874
-8.0736
-8.0593
-8.0487
-8.0302
-8.0045
-7.9748
-7.9422
-7.9077
-7.8740
-7.8310
-7.7854
-7.7492
-7.7253
-7.6980
-7.6714
-7.6213
-7.5871
-7.5659
-7.5594
-7.5361
-7.4864
-7.4558
-7.4348
-7.4112
-7.3708
-7.2906
-7.1960
-7.1625
-7.3327
-7.6521
-7.6542
-7.5526
-7.5343
-7.4075
-7.3398
-7.2603
-7.2231
-7.1986
-7.2185
-7.2827
-7.3635
-7.4460
-7.5564
-7.6505
-7.7110
-7.7484
-7.7933
-7.8570
-7.9245
-7.9999
-8.0777
-8.1650
-8.2544
-8.3360
-8.3957
-8.4266
-8.4422
-8.4592
-8.4780
-8.4998
-8.5255
-8.5475
-8.5630
-8.5779
-8.5987
-8.6239
-8.6550
-8.6843
-8.7042
-8.7156
-8.7238
-8.7310
-8.7458
-8.7679
-8.7879
-8.8056
-8.8243
-8.8414
-8.8524
-8.8578
-8.8589
-8.8574
-8.8529
-8.8374
-8.8229
-8.7991
-8.7713
-8.7502
-8.7467
-8.7379
-8.6824
-8.6790
-8.7191
-8.6676
-8.6194
-8.6818
-8.6961
-8.6946
-8.7108
-8.7211
-8.7318
-8.7333
-8.7010
-8.6496
-8.6076
-8.5644
-8.5181
-8.4522
-8.3881
-8.3478
-8.3127
-8.2698
-8.2063
-8.1470
-8.0837
-8.0403
-8.0018
-7.9550
-7.9345
-7.9046
-7.8662
-7.8284
-7.7920
-7.7536
-7.7095
-7.6880
-7.6824
-7.6717
-7.6538
-7.6360
-7.6035
-7.5669
-7.5309
-7.4879
-7.4685
-7.4635
-7.4703
-7.4993
-7.5466
-7.6002
-7.6523
-7.7012
-7.7409
-7.7709
-7.8045
-7.8370
-7.8638
-7.9224
-8.0600
-8.0470
-8.1382
-8.1881
-8.2326
-8.2451
-8.2566
-8.2636
-8.2692
-8.2841
-8.3133
-8.3519
-8.3971
-8.4486
-8.5056
-8.5574
-8.6009
-8.6404
-8.6800
-8.7189
-8.7530
-8.7808
-8.8088
-8.8291
-8.8451
-8.8492
-8.8502
-8.8680
-8.8920
-8.9269
-8.9638
-8.9957
-9.0195
-9.0188
-8.9987
-8.9699
-8.9437
-8.9145
-8.8816
-8.8493
-8.8185
-8.8133
-8.8212
-8.8516
-8.8799
-8.8919
-8.8956
-8.9417
-9.0122
-9.0962
-8.9681
-8.8526
-8.6362
-8.3894
-8.0922
-7.7948
-7.5108
-7.2327
-6.8907
-6.4794
-6.0477
-5.6433
-5.3312
-5.0342
-4.6535
-4.2779
-4.0178
-3.8900
-3.8803
-3.9803
-4.0627
-4.2225
-4.4471
-4.7482
-4.9961
-5.1576
-5.2851
-5.4685
-5.5533
-5.6229
-5.7264
-5.7766
-5.8661
-5.9066
-5.8975
-5.8452
-5.7847
-5.7650
-5.7842
-5.7946
-5.8105
-5.8029
-5.7436
-5.7858
-5.8734
-5.9384
-6.0791
-6.2850
-6.5303
-6.8085
-7.0760
-7.3360
-7.5718
-7.7600
-7.9444
-8.0815
-8.2027
-8.2892
-8.3404
-8.3740
-8.3817
-8.3598
-8.3291
-8.3049
-8.3069
-8.3187
-8.3434
-8.3652
-8.3488
-8.3075
