-5.3748
-5.2631
-5.1392
-5.0262
-5.0484
-5.1074
-5.2901
-5.5282
-5.8791
-6.2652
-6.6945
-6.9863
-7.3387
-7.6855
-7.9266
-8.1097
-8.1551
-8.1587
-8.1288
-8.0060
-7.9416
-7.7525
-7.5309
-7.2913
-6.9976
-6.7421
-6.3824
-6.3147
-5.9446
-6.0470
-5.6485
-6.2267
-6.5144
-5.2013
-4.6560
-5.3066
-5.4631
-4.6926
-5.2601
-6.5694
-6.9995
-7.5344
-8.2570
-8.7897
-9.1107
-9.0266
-8.9958
-8.9849
-9.0023
-9.8000
-9.6030
-9.5790
-9.5590
-9.9110
-9.9495
-9.7678
-9.3304
-9.0283
-9.1113
-9.1312
-9.2534
-9.3647
-9.2190
-9.0139
-9.0288
-9.2230
-9.5531
-9.8432
-9.9288
-9.9055
-9.6949
-9.5757
-9.7646
-10.0560
-10.2923
-10.4494
-10.4834
-10.3375
-10.3070
-10.2790
-10.3002
-10.3257
-10.4263
-10.5361
-10.5381
-10.4474
-10.4147
-10.3362
-10.4154
-10.4782
-10.4943
-10.2987
-10.0272
-9.9594
-9.9279
-9.7320
-9.4484
-9.2230
-8.9240
-8.6390
-8.3974
-8.2418
-8.2706
-8.1577
-7.8298
-7.8350
-7.7708
-7.8867
-7.7870
-7.6565
-7.4469
-7.1660
-6.9747
-6.6998
-6.5526
-6.3338
-6.0872
-5.8454
-5.6338
-5.4249
-5.3094
-5.1967
-5.0136
-4.7412
-4.4627
-4.2444
-4.2077
-4.2152
-4.1636
-4.0456
-3.9975
-4.0491
-4.0444
-3.9256
-3.8403
-3.7818
-3.8401
-4.3031
-4.7098
-4.3935
-4.1873
-4.2149
-4.0206
-3.8207
-3.5393
-3.5604
-3.4952
-3.3974
-3.4550
-3.5637
-3.6491
-3.6522
-3.5538
-3.4045
-3.2710
-3.2917
-3.2519
-3.3088
-3.3760
-3.4335
-3.3288
-3.1344
-3.0848
-3.2105
-3.3475
-3.5115
-3.6426
-3.6918
-3.6848
-3.6871
-3.7041
-3.7074
-3.7308
-3.7248
-3.6671
-3.5961
-3.5485
-3.5473
-3.5112
-3.4654
-3.4276
-3.3837
-3.3605
-3.2636
-3.1941
-3.1553
-3.1513
-3.1418
-3.1394
-3.1576
-3.2119
-3.2124
-3.1332
-3.2023
-3.2788
-3.1836
-3.0250
-3.2250
-3.7289
-3.7107
-3.5719
-4.0940
-4.1711
-3.8156
-4.0002
-4.0935
-3.9774
-3.9216
-3.8813
-4.0091
-4.0215
-3.8520
-3.8877
-4.0418
-4.0784
-4.1676
-4.3451
-4.5813
-4.7814
-4.9539
-5.0365
-5.0299
-5.1865
-5.3170
-5.4656
-5.6597
-5.8218
-6.0573
-6.2113
-6.3683
-6.5044
-6.6257
-6.7631
-6.9942
-7.1086
-7.1834
-7.2935
-7.2814
-7.3063
-7.3617
-7.3759
-7.3600
-7.4457
-7.5086
-7.5362
-7.5697
-7.6434
-7.7283
-7.7809
-7.8270
-7.7498
-7.6697
-7.5673
-7.5668
-7.4910
-7.4696
-7.5308
-7.5909
-7.5855
-7.5295
-7.4601
-7.4680
-7.5549
-7.4887
-7.3138
-7.3117
-7.2675
-7.0229
-6.5472
-6.1854
-5.9261
-5.7955
-5.5529
-5.2200
-5.0920
-4.9517
-5.0262
-5.1212
-5.4851
-5.6481
-5.8176
-5.7841
-5.8695
-5.8677
-5.6772
-5.5591
-5.5939
-5.4631
-5.4026
-5.2127
-5.1027
-5.0860
-5.0660
-5.0847
-5.2029
-5.4220
-5.5882
-5.7652
-5.8014
-5.7693
-5.5754
-5.3370
-5.1014
-5.0414
-5.1508
-4.9206
-4.5387
-4.1732
-3.7784
-3.4638
-3.2868
-3.1799
-3.3229
-3.3099
-3.4994
-3.9896
-4.1704
-4.3249
-4.3628
-4.3149
-4.2279
-4.0648
-3.8501
-3.6948
-3.7852
-4.0479
-4.4688
-4.9022
-5.3770
-6.0368
-6.8319
-7.6769
-8.2749
-8.6951
-9.1745
-9.6206
-10.0408
-10.4358
-10.7098
-10.8231
-10.6905
-10.5081
-10.3524
-10.2411
-10.0443
-9.6226
-9.0948
-8.5859
-8.0513
-7.6082
-7.4067
-7.2039
-6.8048
-6.1441
-5.8996
-5.7504
-5.7277
-5.7674
-5.7494
-5.7372
-5.6200
-5.5120
-5.2354
-5.1229
-5.0625
-5.1450
-5.0364
-4.7501
-4.5828
-4.5927
-4.5900
-4.6254
-4.6731
-4.5757
-4.3837
-4.1974
-4.2133
