4.3422
4.2129
4.0852
4.1019
3.8728
3.6009
3.2265
3.0230
2.7060
2.3498
2.0960
1.9102
1.9736
2.1704
2.4081
2.8352
3.2390
3.5767
3.9495
4.0381
4.1496
4.0778
4.0827
4.1114
4.2073
4.1527
3.9545
3.8757
3.8154
3.6886
3.7163
4.0638
4.3822
5.6211
6.1202
4.9615
4.4953
5.5121
6.5273
6.4626
5.7379
5.7418
5.1829
4.7752
4.7041
4.5864
4.5052
4.5716
4.4363
4.1240
4.3011
3.9578
3.7313
3.3428
3.1373
2.9481
2.4675
2.0569
1.4897
1.1403
0.6492
0.3607
0.2284
-0.0094
-0.3393
-0.7723
-0.6456
-0.3914
0.0409
0.2131
0.2447
-0.1096
-0.2896
-0.5624
-0.8258
-0.7811
-0.6695
-0.5680
-0.4379
-0.3530
-0.4376
-0.4944
-0.2614
0.0689
0.0570
-0.1258
-0.4135
-0.5033
-0.4353
-0.3240
-0.2073
-0.1979
-0.2537
-0.1227
-0.1717
-0.3471
-0.4443
-0.3154
-0.2680
-0.4886
-0.7755
-0.9641
-1.0147
-1.0362
-1.1830
-1.4538
-1.3843
-1.4531
-1.7544
-2.1424
-2.3125
-2.3186
-2.3891
-2.4726
-2.6770
-2.8104
-2.9130
-2.9169
-2.8810
-2.8118
-2.8263
-2.9654
-3.1631
-3.3285
-3.4445
-3.6388
-3.7249
-3.6783
-3.5089
-3.4114
-3.4737
-3.5815
-3.7847
-4.1169
-4.3539
-4.6731
-5.0433
-4.9805
-4.5676
-4.6610
-4.9857
-5.2151
-5.2281
-5.2079
-5.1200
-4.9486
-4.7832
-4.7620
-4.7715
-4.8420
-5.1065
-5.3660
-5.5600
-5.7810
-5.8892
-5.8014
-5.6768
-5.4046
-5.1923
-5.0900
-5.0764
-5.0560
-4.9464
-4.7637
-4.5366
-4.3604
-4.2706
-4.1089
-3.9221
-3.7047
-3.4998
-3.3775
-3.3487
-3.3613
-3.3486
-3.3208
-3.3158
-3.3042
-3.3236
-3.3365
-3.3254
-3.2704
-3.1597
-3.1161
-3.0416
-2.9154
-2.7525
-2.6193
-2.5219
-2.3792
-2.3026
-2.2495
-2.1636
-2.1245
-1.9756
-1.7016
-1.5392
-1.4170
-1.1974
-0.7357
-0.4226
-0.1117
0.2923
0.6307
0.6053
0.5110
0.5340
0.4790
0.2444
0.2912
0.3344
0.3992
0.3279
0.3927
0.4425
0.4254
0.3206
0.3233
0.3545
0.4757
0.5067
0.2663
0.2444
0.2610
0.3479
0.4342
0.3521
0.2757
0.1711
0.0703
-0.0327
-0.1573
-0.2855
-0.0417
0.0622
0.0711
0.3333
0.3850
0.3395
0.3707
0.3577
0.2600
0.3666
0.4228
0.4300
0.4119
0.4237
0.3463
0.3798
0.4423
0.4794
0.5307
0.6736
0.8422
0.9646
1.0554
1.0702
1.0999
1.2587
1.3765
1.4400
1.5345
1.6356
1.7084
1.7907
1.8705
2.1056
2.3066
2.5041
2.6537
2.8004
2.9993
2.9725
2.8003
2.9062
2.9203
3.1302
3.2494
3.6601
3.9907
4.2558
4.1815
4.1869
4.0490
3.6935
3.6911
3.7937
3.7863
4.0044
3.9984
4.0412
4.1135
4.2368
4.4425
4.7561
5.1761
5.5819
5.9768
6.1897
6.3857
6.2921
5.9501
5.6707
5.6525
5.8784
5.8250
5.5481
5.3227
4.8865
4.3985
3.9086
3.6881
3.8006
3.5415
3.5048
4.1108
4.3343
4.5960
4.6905
4.4669
4.4706
4.5911
4.5352
4.2690
4.0303
3.8285
3.6720
3.7385
3.5561
3.4229
3.1889
3.0221
2.9715
2.9574
2.9180
3.0540
3.3874
3.6506
4.0508
4.3340
4.4895
4.7051
4.9026
5.0667
5.2276
5.3925
5.4061
5.4346
5.4285
5.8169
6.0241
6.2812
6.5505
6.5165
6.4613
6.6209
6.9363
7.0100
7.0209
6.9439
6.8236
6.7858
6.7175
6.8665
7.1401
7.3141
7.3869
7.5518
7.8984
8.1661
8.2368
8.0282
7.8592
7.7053
7.4234
7.0929
7.0717
