3.9550
3.9410
3.9430
3.9580
4.0330
4.0820
4.1920
4.3390
4.4730
4.6290
4.8000
4.9260
5.0580
5.1640
5.2400
5.2690
5.2420
5.2150
5.0330
4.9740
4.9770
4.9910
4.9980
4.9680
4.9510
4.9040
4.8800
4.8680
4.8890
4.9160
4.9390
4.9960
5.0660
5.1230
5.1540
5.1780
5.2030
5.2280
5.2300
5.2430
5.2230
5.1850
5.1260
5.0640
5.0400
5.0590
5.1080
5.1520
5.2100
5.2900
5.3690
5.4350
5.5410
5.6460
5.7050
5.7300
5.7590
5.7830
5.8840
6.0720
6.1850
6.2140
6.1400
6.0680
6.0960
6.2250
6.3170
6.3170
6.2680
6.2620
6.3200
6.3600
6.4250
6.4080
6.3240
6.2420
6.0940
6.0820
6.1840
6.2200
6.1380
6.0840
6.0200
6.0460
6.0340
5.9520
5.8170
5.7130
5.7300
5.7310
5.7590
5.7710
5.7600
5.7440
5.7950
5.9120
5.8960
5.7490
5.5770
5.4120
5.2730
5.2200
5.2250
5.2790
5.3780
5.5560
5.7270
5.9270
6.0580
6.1450
6.1700
6.0680
5.7380
5.3890
4.9110
4.2130
3.6830
3.6690
3.6430
3.5780
3.4500
3.3660
3.3000
3.1900
3.0540
2.9820
2.9440
2.8800
2.7940
2.7500
2.7490
2.7990
2.9080
2.9930
3.0500
3.1130
3.2330
3.3910
3.5680
3.8080
4.0630
4.3080
4.5950
4.8600
5.0860
5.3980
5.7490
6.0470
6.3470
6.5730
6.5520
6.4430
6.4840
6.3450
6.1430
6.0580
6.0500
5.9760
6.0060
5.8990
5.8770
5.7470
5.6140
5.5830
5.4630
5.4710
5.3530
5.3500
5.3500
5.3690
5.3840
5.4130
5.4580
5.4550
5.5460
5.5230
5.4300
5.3290
5.4030
5.4700
5.4990
5.5040
5.5270
5.5410
5.5620
5.5520
5.5150
5.4340
5.3930
5.3620
5.1360
4.7760
4.6490
4.7580
4.8950
4.9790
5.0200
4.9950
4.9130
4.8060
4.7710
4.7560
4.8120
4.9140
5.1520
5.5060
5.6910
5.7260
5.4750
5.2340
4.9660
4.6140
4.2870
4.1870
4.1470
4.1510
4.1730
4.1220
4.3100
4.4330
4.3130
4.7590
5.1950
5.3500
5.3540
5.6480
5.7250
6.1610
6.2870
6.1760
6.2010
6.2790
6.3070
6.2340
6.3520
6.0750
6.1920
6.1900
5.7210
6.0100
6.1750
5.7880
5.1640
5.4420
5.0010
4.8620
4.8950
4.9730
4.8560
4.6860
4.5330
4.2800
4.1930
3.9380
3.8030
3.6540
3.6440
3.5900
3.4250
3.1490
2.8520
2.6530
2.5030
2.3560
2.2120
2.1250
1.9740
1.8640
1.7790
1.6720
1.6250
1.7050
1.8450
2.0280
2.2280
2.3880
2.4690
2.4800
2.5920
2.7830
2.9520
3.0360
3.1180
3.1910
3.2330
3.2310
3.1710
3.0280
2.8290
2.7100
2.5870
2.4580
2.3550
2.2470
2.1900
2.1640
2.1410
2.1520
2.1540
2.1170
2.0420
1.9300
1.7830
1.6280
1.5230
1.4700
1.4100
1.3200
1.1680
1.0080
0.9600
0.9500
0.9970
0.9970
0.9220
0.8120
0.6640
0.6460
0.8430
1.0680
1.2490
1.4160
1.6030
1.7870
1.9750
2.1560
2.3610
2.6160
2.7840
2.8730
2.9590
3.0650
3.1610
3.2450
3.3180
3.4470
3.6620
3.9210
4.1450
4.3770
4.6240
4.8690
4.8980
4.9150
5.0650
5.2770
5.4600
5.5630
5.6560
5.7000
5.7380
5.8680
6.0950
6.1370
5.9880
5.9200
5.8200
5.7520
5.8500
6.0280
6.1680
6.1760
6.1410
6.0320
6.0660
6.0890
6.0510
6.1360
6.2810
6.4240
6.3880
6.3380
6.3510
6.4240
6.5870
6.6220
6.6190
