1017.6000
1040.5000
1027.8000
1023.8000
1039.7000
1036.6000
1039.1000
1021.6000
1023.8000
1032.7000
1025.5000
1040.5000
1026.0000
1030.3000
1025.3000
1044.2000
1066.3000
1061.5000
1068.8000
1057.5000
1048.2000
1051.6000
1059.5000
1057.5000
1054.4000
1047.0000
1042.4000
1029.5000
1025.2000
1022.5000
1017.5000
1008.5000
998.8900
991.6600
980.4800
973.8000
964.3800
952.9100
944.2200
930.7900
917.0100
908.1800
898.2000
890.3100
881.5600
870.4900
857.5600
848.9100
841.2700
830.6000
822.8600
812.8100
799.1700
789.6400
781.7400
776.4600
772.3600
765.6800
758.3400
755.5900
755.4900
759.0200
764.7900
767.2300
765.5500
767.9000
774.3800
776.9300
783.8900
789.5300
791.0200
792.8700
801.9700
808.0300
813.3600
828.9700
840.8800
844.4400
844.6700
839.7800
847.6800
852.8600
861.1700
863.0600
866.1600
872.1300
878.3400
844.6400
814.4400
807.5200
805.9100
814.9600
805.8600
785.7900
751.1400
726.7000
719.2300
711.4600
708.6000
718.7200
716.4400
712.1500
705.5000
706.6300
709.1800
708.2700
709.4200
703.2600
699.7200
698.4100
695.4800
720.3400
742.3500
750.5100
752.6700
750.2600
754.4700
760.0100
773.7700
777.6100
772.4600
769.9600
766.8600
759.4500
761.7200
761.0600
757.8700
752.2600
746.2500
744.6200
742.5000
743.1600
739.7800
731.8000
730.2000
706.1300
685.0200
674.0200
662.5200
657.4400
643.7300
628.5400
610.2900
596.6500
590.5100
580.8600
571.6200
555.9100
532.2300
511.1900
511.7700
507.8300
507.2400
498.8500
493.3000
498.3100
495.8100
484.7800
495.6200
534.2900
543.2700
549.9000
567.3600
575.8300
590.4000
610.9100
624.9500
632.5300
654.7700
672.8700
682.2100
686.4800
699.9600
715.0200
723.3800
728.7000
730.0700
733.9700
748.6300
754.1200
759.8600
758.4700
770.6900
726.8300
680.8000
660.5900
646.2200
651.8500
647.2100
628.2500
594.0200
565.4700
553.2500
541.6400
527.4000
527.9700
514.0500
501.7000
492.4400
485.5100
484.1900
485.4700
490.2600
480.5200
474.5800
467.4300
461.4900
484.4500
503.6800
513.8000
505.4700
514.3700
513.6800
530.0100
554.4100
568.3400
549.5400
550.2200
545.8900
541.4800
536.3700
550.9600
543.8700
545.0200
555.0900
540.2800
540.1500
530.4500
517.6600
531.6200
546.8100
515.3200
483.0700
478.6300
468.2400
489.1300
480.2900
461.8700
461.5300
430.9200
410.1300
402.3800
432.6200
407.1900
410.1200
419.0300
408.7600
393.9800
393.3400
399.3800
391.3100
377.7100
370.7200
370.7100
367.8500
387.1900
397.3700
397.2100
402.2400
416.8900
427.9800
445.5800
459.2900
469.2800
468.7400
470.0500
476.0600
461.2500
457.0300
463.4900
467.9500
476.5700
480.2700
481.8400
475.8300
475.2200
476.7700
481.7300
490.2300
473.7700
455.8100
452.9600
452.5300
462.6700
460.6800
451.6300
439.2900
434.7400
437.8300
440.3500
441.5800
456.1100
460.0600
455.1900
454.4600
453.8500
454.6300
455.4100
461.5000
463.2400
465.7100
470.1800
473.3600
505.6400
534.1600
542.5800
545.7800
542.7300
552.8600
566.0500
588.6600
601.4400
602.9400
605.3100
605.1100
584.1300
575.6300
570.0200
567.2500
562.7400
552.2000
544.1600
532.0300
527.7200
524.6300
518.9200
515.5800
496.2700
474.4800
463.3100
452.2400
446.8200
434.2100
416.3500
395.7000
378.9600
370.5700
362.5100
354.8100
364.6600
366.7000
365.4300
358.9000
348.2800
346.7000
343.4600
342.5400
336.5000
326.5100
320.3400
311.9000
304.5800
298.8900
292.6900
286.8800
282.8500
282.5300
281.8000
283.9200
282.5700
287.2900
291.6600
301.0300
290.4500
288.6900
292.0500
296.3500
304.8100
302.4000
297.2700
289.3400
285.0800
288.6200
291.8600
290.9700
259.3200
229.6500
