5.4750
5.4534
5.4566
5.4798
5.6000
5.6775
5.8510
6.0852
6.2968
6.5446
6.8160
7.0163
7.2258
7.3933
7.5151
7.5604
7.5185
7.4755
7.1861
7.0919
7.0977
7.1199
7.1299
7.0836
7.0565
6.9819
6.9435
6.9237
6.9577
6.9997
7.0372
7.1269
7.2390
7.3289
7.3778
7.4161
7.4555
7.4954
7.4991
7.5200
7.4872
7.4267
7.3337
7.2355
7.1978
7.2274
7.3044
7.3754
7.4673
7.5940
7.7187
7.8234
7.9922
8.1581
8.2523
8.2921
8.3387
8.3759
8.5367
8.8341
9.0149
9.0604
8.9433
8.8280
8.8723
9.0769
9.2236
9.2232
9.1452
9.1366
9.2284
9.2913
9.3954
9.3676
9.2346
9.1039
8.8690
8.8502
9.0126
9.0695
8.9393
8.8542
8.7520
8.7929
8.7745
8.6448
8.4306
8.2659
8.2920
8.2931
8.3379
8.3577
8.3404
8.3141
8.3947
8.5802
8.5552
8.3219
8.0488
7.7881
7.5674
7.4835
7.4903
7.5771
7.7335
8.0165
8.2881
8.6041
8.8119
8.9508
8.9897
8.8282
8.3049
7.7509
6.9927
5.8852
5.0432
5.0224
4.9802
4.8774
4.6741
4.5408
4.4356
4.2616
4.0465
3.9314
3.8714
3.7697
3.6335
3.5640
3.5621
3.6409
3.8136
3.9488
4.0400
4.1392
4.3297
4.5812
4.8618
5.2422
5.6464
6.0354
6.4908
6.9124
7.2700
7.7656
8.3227
8.7952
9.2705
9.6304
9.5959
9.4232
9.4890
9.2686
8.9467
8.8120
8.8001
8.6818
8.7294
8.5598
8.5249
8.3187
8.1082
8.0592
7.8685
7.8804
7.6932
7.6895
7.6886
7.7192
7.7432
7.7890
7.8600
7.8560
8.0008
7.9641
7.8166
7.6566
7.7728
7.8803
7.9256
7.9337
7.9700
7.9915
8.0262
8.0095
7.9512
7.8232
7.7581
7.7083
7.3502
6.7791
6.5762
6.7496
6.9670
7.1003
7.1657
7.1261
6.9963
6.8262
6.7708
6.7469
6.8352
6.9977
7.3757
7.9368
8.2304
8.2865
7.8872
7.5056
7.0792
6.5212
6.0021
5.8439
5.7800
5.7869
5.8210
5.7406
6.0384
6.2345
6.0431
6.7518
7.4432
7.6884
7.6951
8.1621
8.2837
8.9767
9.1754
9.0001
9.0391
9.1626
9.2078
9.0924
9.2795
8.8392
9.0247
9.0218
8.2777
8.7365
8.9986
8.3835
7.3936
7.8358
7.1357
6.9147
6.9670
7.0909
6.9058
6.6352
6.3933
5.9915
5.8538
5.4478
5.2343
4.9978
4.9820
4.8957
4.6352
4.1961
3.7255
3.4102
3.1719
2.9382
2.7103
2.5714
2.3323
2.1578
2.0225
1.8524
1.7790
1.9050
2.1282
2.4172
2.7346
2.9896
3.1176
3.1358
3.3127
3.6166
3.8840
4.0172
4.1475
4.2627
4.3300
4.3275
4.2309
4.0052
3.6894
3.5000
3.3053
3.0995
2.9364
2.7657
2.6741
2.6343
2.5966
2.6144
2.6175
2.5583
2.4405
2.2629
2.0291
1.7836
1.6161
1.5323
1.4368
1.2944
1.0529
0.7989
0.7230
0.7074
0.7820
0.7818
0.6635
0.4881
0.2529
0.2249
0.5369
0.8943
1.1810
1.4463
1.7442
2.0358
2.3334
2.6206
2.9460
3.3515
3.6167
3.7593
3.8952
4.0633
4.2160
4.3492
4.4655
4.6700
5.0099
5.4209
5.7769
6.1447
6.5368
6.9252
6.9714
6.9982
7.2371
7.5727
7.8641
8.0267
8.1741
8.2450
8.3049
8.5114
8.8716
8.9374
8.7010
8.5936
8.4343
8.3275
8.4822
8.7651
8.9871
9.0003
8.9447
8.7721
8.8253
8.8618
8.8013
8.9363
9.1660
9.3937
9.3358
9.2571
9.2777
9.3941
9.6523
9.7080
9.7031
