-7.8433
-7.8302
-7.8115
-7.7741
-7.7443
-7.7106
-7.6656
-7.6114
-7.5740
-7.5514
-7.5357
-7.5199
-7.5100
-7.5031
-7.5060
-7.5169
-7.5374
-7.5408
-7.5349
-7.4771
-7.4030
-7.2809
-7.1292
-6.9291
-6.6922
-6.4095
-6.0980
-5.8161
-5.5739
-5.3453
-5.1114
-4.8970
-4.6944
-4.5017
-4.2967
-4.0813
-3.8580
-3.6347
-3.4153
-3.1948
-2.9556
-2.7203
-2.5179
-2.3698
-2.2528
-2.1424
-2.0552
-1.9941
-1.9448
-1.9113
-1.8990
-1.9067
-1.9382
-2.0072
-2.0874
-2.1744
-2.2732
-2.3696
-2.4647
-2.5681
-2.7455
-2.9768
-3.2425
-3.4867
-3.7399
-4.0199
-4.3489
-4.6455
-4.9299
-5.1944
-5.4354
-5.6062
-5.7177
-5.8308
-5.9439
-6.0718
-6.2017
-6.2894
-6.3305
-6.3564
-6.4036
-6.4378
-6.4580
-6.4574
-6.4732
-6.5031
-6.5279
-6.5550
-6.5531
-6.5459
-6.5343
-6.5121
-6.5257
-6.5497
-6.5233
-6.4501
-6.4483
-6.4570
-6.4538
-6.4341
-6.4035
-6.3665
-6.3201
-6.2744
-6.2139
-6.1425
-6.0807
-6.0304
-5.9899
-5.9594
-5.9515
-5.9848
-6.0282
-6.0420
-5.9700
-5.8646
-5.6917
-5.4812
-5.1898
-4.7742
-4.3255
-3.8526
-3.4148
-2.9980
-2.6131
-2.2708
-1.9857
-1.6979
-1.4360
-1.2515
-1.1617
-1.1353
-1.1198
-1.0502
-0.9034
-0.6990
-0.5002
-0.3130
-0.1292
0.0156
0.1870
0.3249
0.4516
0.5416
0.5879
0.4924
0.4975
0.4843
0.5299
0.5583
0.4881
0.3189
0.2316
0.1870
0.0216
-0.1430
-0.2556
-0.4327
-0.6617
-0.8838
-1.1506
-1.5442
-1.9230
-2.3118
-2.6830
-3.0511
-3.3821
-3.6373
-3.8452
-4.1171
-4.3299
-4.4537
-4.6280
-4.7476
-4.8376
-4.9465
-4.9845
-4.9862
-4.9779
-4.9522
-4.9253
-4.9132
-4.9159
-4.8784
-4.8276
-4.7936
-4.7634
-4.7392
-4.6989
-4.6463
-4.5780
-4.4883
-4.4270
-4.4121
-4.4075
-4.4038
-4.4108
-4.4193
-4.4226
-4.4355
-4.4613
-4.4826
-4.5019
-4.5072
-4.5366
-4.5772
-4.6187
-4.6870
-4.7539
-4.7786
-4.7825
-4.7883
-4.7217
-4.6291
-4.5513
-4.4862
-4.3619
-4.2331
-4.2047
-4.1485
-3.9045
-4.1691
-4.2916
-3.8863
-4.1508
-3.8870
-3.9048
-3.8034
-3.6420
-3.6786
-3.7852
-3.6868
-3.6110
-3.5461
-3.4788
-3.4291
-3.4211
-3.5825
-3.8339
-3.9335
-3.8730
-3.9220
-4.0371
-4.1002
-4.1239
-4.1838
-4.1691
-4.1434
-4.1879
-4.2269
-4.1894
-4.1899
-4.2671
-4.4395
-4.5167
-4.5303
-4.5467
-4.6386
-4.7700
-4.9585
-5.0485
-5.0861
-5.1375
-5.1772
-5.1692
-5.1469
-5.1193
-5.0998
-5.1155
-5.1699
-5.2349
-5.2961
-5.3497
-5.4096
-5.4488
-5.4197
-5.3736
-5.3675
-5.3890
-5.4204
-5.4719
-5.5577
-5.6596
-5.7771
-5.9077
-6.0533
-6.1953
-6.2749
-6.2596
-6.2400
-6.2364
-6.2410
-6.2435
-6.2457
-6.2515
-6.2605
-6.2724
-6.2800
-6.2889
-6.3034
-6.3186
-6.3319
-6.3430
-6.3652
-6.3746
-6.3783
-6.3849
-6.3973
-6.4595
-6.4056
-6.3326
-6.0916
-5.7051
-5.3631
-5.0627
-4.7914
-4.5742
-4.3931
-4.2178
-4.0377
-3.8654
-3.7340
-3.6669
-3.6699
-3.7512
-3.8762
-4.0320
-4.2196
-4.3685
-4.4537
-4.4876
-4.4844
-4.4660
-4.4548
-4.4705
-4.5601
-4.7641
-5.0162
-5.2240
-5.3438
-5.4056
-5.4622
-5.3756
-5.2619
-5.2817
-5.3267
-5.3424
-5.2364
-5.1924
-5.1622
-5.0806
-5.0327
-4.9119
-4.8577
-4.7962
-4.7737
-4.7816
-4.9059
-5.1448
-5.4962
-5.7807
-5.9558
-6.0155
-6.0483
-6.0664
-6.0635
-6.0759
-6.1095
-6.1327
-6.1362
-6.2742
-6.4014
-6.3990
-6.4025
-6.3739
-6.3150
-6.3074
