-3.8418
-3.9554
-3.9990
-4.2099
-4.3737
-4.4675
-4.5428
-4.7225
-4.9958
-5.2661
-5.5868
-5.8136
-6.0347
-6.2256
-6.4010
-6.4178
-6.3308
-6.1909
-5.9135
-5.8207
-5.7912
-5.8121
-5.7902
-5.7287
-5.7290
-5.6537
-5.6062
-5.6508
-5.7110
-5.7326
-5.7608
-5.8784
-5.9460
-5.9710
-5.9282
-5.8267
-5.7160
-5.5954
-5.4331
-5.2705
-5.0236
-4.7457
-4.5477
-4.4206
-4.3655
-4.3439
-4.3989
-4.4377
-4.5001
-4.6003
-4.7060
-4.8344
-5.0443
-5.2773
-5.4317
-5.5694
-5.6676
-5.7641
-5.8545
-5.9020
-5.9922
-6.0245
-5.9621
-5.8175
-5.7744
-5.7077
-5.6602
-5.6615
-5.5788
-5.4032
-5.3218
-5.2394
-5.1954
-4.9931
-4.8800
-4.7753
-4.6032
-4.4278
-4.4239
-4.3959
-4.2970
-4.3216
-4.2377
-4.2594
-4.2268
-4.0874
-3.9365
-3.7951
-3.7493
-3.6578
-3.5776
-3.5261
-3.5478
-3.5194
-3.5507
-3.6277
-3.6838
-3.6455
-3.5580
-3.4613
-3.4037
-3.5086
-3.5641
-3.5608
-3.5036
-3.5571
-3.6515
-3.7806
-3.9327
-4.0757
-4.1869
-4.1764
-3.8651
-3.3617
-2.6809
-2.1067
-1.6393
-1.5347
-1.5109
-1.5069
-1.4706
-1.5092
-1.5687
-1.6267
-1.7184
-1.9019
-2.1226
-2.2464
-2.3572
-2.5708
-2.8084
-3.0517
-3.3275
-3.5585
-3.7077
-3.8107
-3.9704
-4.1747
-4.3763
-4.7288
-5.0915
-5.4488
-5.8834
-6.2897
-6.6136
-7.1317
-7.6468
-8.0126
-8.3332
-8.4575
-8.1173
-7.9205
-7.7687
-7.4109
-7.0353
-6.6083
-6.4232
-6.4753
-6.3864
-6.1395
-6.0399
-5.7410
-5.5229
-5.4112
-5.2362
-5.1374
-5.0407
-5.0295
-4.8317
-4.7856
-4.6908
-4.5072
-4.3364
-4.2140
-4.1377
-3.9496
-3.8483
-3.6677
-3.4868
-3.5526
-3.5769
-3.6302
-3.4825
-3.4305
-3.4335
-3.3816
-3.4336
-3.3599
-3.2730
-3.2853
-3.1582
-2.9344
-2.9685
-3.1633
-3.3580
-3.5497
-3.7170
-3.7810
-3.7290
-3.6851
-3.7921
-3.9182
-4.1197
-4.4138
-4.7732
-5.2369
-5.4217
-5.4922
-5.3686
-5.0373
-4.9908
-4.5485
-4.4622
-4.5503
-4.6901
-4.8416
-5.0979
-5.1561
-5.6346
-5.8093
-5.5265
-6.4709
-7.2699
-7.3877
-7.4556
-7.8812
-7.9146
-8.6772
-8.8733
-8.6485
-8.6383
-8.7732
-8.8260
-8.7321
-8.8987
-8.4685
-8.6307
-8.6473
-7.9796
-8.4421
-8.5151
-8.0534
-6.9896
-7.5308
-6.8743
-6.6174
-6.6904
-6.8396
-6.6277
-6.2843
-6.0854
-5.7166
-5.5917
-5.2793
-5.1544
-4.9456
-4.9568
-4.8951
-4.6295
-4.1678
-3.6776
-3.3615
-3.1188
-2.9094
-2.6817
-2.5326
-2.2648
-2.0606
-1.9013
-1.7162
-1.4724
-1.3032
-1.1553
-1.0241
-0.9471
-0.8376
-0.8179
-0.8339
-0.8805
-0.8752
-0.8455
-0.8480
-0.9792
-1.1777
-1.3190
-1.3378
-1.3087
-1.4093
-1.3753
-1.2568
-1.1437
-1.0708
-1.0432
-0.9968
-0.8969
-0.7828
-0.6935
-0.6786
-0.6238
-0.4435
-0.2464
-0.1289
-0.0979
-0.0815
-0.0645
-0.0105
0.0612
0.1350
0.2842
0.4334
0.5598
0.6557
0.7687
0.7774
0.6569
0.4652
0.1926
-0.1249
-0.4869
-0.8590
-1.1538
-1.4222
-1.7174
-1.9976
-2.2636
-2.4978
-2.7498
-3.0772
-3.3110
-3.4592
-3.6113
-3.7816
-3.9310
-4.0551
-4.1784
-4.4435
-4.8825
-5.3658
-5.7579
-6.1425
-6.5316
-6.8863
-6.9283
-6.9487
-7.1559
-7.4364
-7.6585
-7.7357
-7.7621
-7.7099
-7.6223
-7.6121
-7.6559
-7.4139
-6.8488
-6.3248
-5.6992
-5.1192
-4.8241
-4.7016
-4.6202
-4.4091
-3.9902
-3.7017
-3.6393
-3.5009
-3.2667
-2.9958
-2.6965
-2.5527
-2.4025
-2.0993
-1.8905
-1.7888
-1.7346
-1.6539
-1.6975
