3.9008
3.7542
3.7125
3.5078
3.4973
3.5036
3.6875
3.8376
3.8329
3.8859
3.9046
3.9281
3.9742
3.9878
3.9375
3.9964
4.0557
4.1900
4.0831
4.0514
4.1037
4.1126
4.1604
4.1663
4.1199
4.0968
4.0967
4.0009
3.9742
4.0167
4.0417
4.0296
4.1290
4.2498
4.3919
4.5879
4.7866
4.9872
5.1689
5.3639
5.5517
5.7126
5.7534
5.7281
5.7228
5.7764
5.8313
5.8910
5.9590
6.0420
6.1181
6.1510
6.1993
6.2213
6.2126
6.1434
6.1165
6.0771
6.2129
6.5733
6.7351
6.7673
6.6660
6.6401
6.7360
7.0577
7.2826
7.2811
7.2465
7.3677
7.5393
7.6732
7.8282
7.9260
7.8398
7.7510
7.5809
7.6630
7.8521
7.9330
7.8388
7.7279
7.6577
7.6923
7.6894
7.6175
7.4551
7.3432
7.3959
7.4428
7.5313
7.5774
7.5483
7.5325
7.6068
7.7756
7.7215
7.4809
7.2197
6.9767
6.7587
6.6100
6.5880
6.6883
6.8943
7.1841
7.4403
7.7290
7.8857
7.9690
7.9552
7.7778
7.3506
6.9839
6.4584
5.4952
4.7694
4.7822
4.7455
4.6387
4.4368
4.2827
4.1489
3.9390
3.6635
3.4407
3.2377
3.0273
2.7651
2.4685
2.1912
1.9859
1.8633
1.7117
1.6045
1.6159
1.7268
1.8866
2.1179
2.2625
2.4409
2.5953
2.7415
2.8673
3.0188
3.0729
3.2854
3.6269
4.0620
4.6060
5.1177
5.1051
5.4487
5.5665
5.5271
5.8295
6.0154
5.7832
5.9512
5.9647
6.0160
6.0201
5.9364
5.9724
5.8733
5.9755
5.8118
5.8166
5.9808
6.0568
6.1606
6.3524
6.5555
6.6302
6.8479
6.9157
6.8036
6.7210
6.9468
7.0340
7.0726
7.0545
7.1689
7.2178
7.2548
7.2606
7.1716
7.0649
7.0339
6.9731
6.6371
6.1111
5.8681
5.9624
6.1044
6.1493
6.1263
6.0403
5.9198
5.7461
5.6092
5.4926
5.4542
5.4301
5.6230
5.9639
6.1923
6.2049
5.7781
5.5641
5.0206
4.6730
4.0142
3.6669
3.3780
3.1697
2.8100
2.5237
2.1709
2.2631
2.4448
1.9272
1.5969
2.1291
1.9051
2.1230
2.4452
2.2993
2.3352
2.4911
2.6620
2.6426
2.6242
2.5343
2.6312
2.5329
2.6374
2.5722
2.2013
2.2488
2.9100
2.3294
2.4104
2.1652
1.9135
2.0058
1.9437
1.8709
1.9401
2.1291
1.9604
1.7940
1.7322
1.3442
0.9112
0.7206
0.5003
0.0760
-0.2292
-0.4863
-0.5959
-0.5748
-0.5781
-0.4108
-0.3928
-0.4449
-0.5571
-0.6405
-0.6896
-0.6971
-0.9984
-1.3894
-1.7873
-2.1896
-2.5654
-2.8699
-3.0084
-3.0229
-3.1935
-3.5091
-3.7908
-3.9267
-4.0302
-4.0968
-4.1242
-4.1155
-4.0234
-3.7490
-3.4234
-3.2666
-3.1011
-2.9086
-2.7448
-2.5799
-2.5192
-2.5153
-2.5023
-2.5248
-2.5421
-2.5195
-2.4280
-2.2592
-2.0268
-1.7818
-1.6148
-1.5322
-1.4355
-1.2873
-1.0138
-0.6711
-0.4576
-0.2655
-0.1438
-0.0833
-0.0939
-0.1478
-0.1639
-0.1870
-0.2263
-0.2486
-0.2520
-0.2631
-0.3049
-0.3922
-0.5664
-0.7930
-1.0571
-1.3279
-1.4552
-1.4718
-1.4598
-1.4865
-1.5239
-1.5721
-1.5752
-1.4365
-1.1228
-0.7712
-0.4680
-0.1625
0.2609
0.7326
0.7736
0.8301
1.0816
1.4303
1.7867
2.1417
2.5625
2.9219
3.2973
3.8079
4.4825
4.9911
5.3667
5.8178
6.2174
6.5682
6.9768
7.3974
7.7086
7.8464
8.0053
7.9528
8.0400
8.1409
8.1727
8.4192
8.7604
9.0402
9.0214
9.0159
9.0830
9.2223
9.4952
9.5661
9.5535
