0.0000
-0.0007
-0.0009
-0.0015
-0.0030
-0.0029
-0.0020
-0.0008
-0.0007
-0.0015
-0.0013
-0.0007
-0.0006
-0.0003
0.0022
0.0032
0.0063
0.0062
0.0067
0.0035
0.0012
0.0008
0.0022
0.0029
0.0046
0.0079
0.0129
0.0193
0.0264
0.0332
0.0408
0.0483
0.0583
0.0673
0.0759
0.0831
0.0892
0.0940
0.0986
0.1033
0.1047
0.1066
0.1071
0.1061
0.1069
0.1060
0.1050
0.1006
0.0966
0.0919
0.0881
0.0841
0.0784
0.0744
0.0689
0.0640
0.0579
0.0554
0.0527
0.0460
0.0422
0.0322
0.0249
0.0211
0.0167
0.0085
0.0035
0.0028
-0.0029
-0.0045
-0.0063
-0.0051
-0.0008
0.0014
-0.0030
-0.0051
-0.0060
-0.0057
-0.0054
0.0025
0.0046
0.0042
0.0049
0.0047
0.0107
0.0144
0.0124
0.0087
0.0086
0.0088
0.0060
0.0036
0.0010
-0.0004
0.0005
0.0010
0.0006
-0.0005
-0.0011
-0.0013
-0.0054
-0.0069
-0.0092
-0.0104
-0.0152
-0.0169
-0.0136
-0.0096
-0.0040
-0.0012
0.0028
0.0083
0.0142
0.0162
0.0150
0.0192
0.0102
0.0083
0.0098
0.0100
0.0115
0.0118
0.0124
0.0148
0.0188
0.0252
0.0331
0.0371
0.0392
0.0396
0.0332
0.0230
0.0152
0.0094
0.0109
0.0151
0.0218
0.0256
0.0305
0.0312
0.0293
0.0232
0.0238
0.0219
0.0211
0.0200
0.0168
0.0212
0.0152
0.0154
0.0239
0.0317
0.0284
0.0280
0.0258
0.0330
0.0242
0.0273
0.0221
0.0129
0.0061
0.0059
-0.0098
0.0006
-0.0043
-0.0010
0.0023
0.0051
0.0091
0.0033
-0.0040
0.0018
0.0042
0.0069
0.0003
-0.0005
0.0061
0.0093
0.0053
0.0014
0.0025
0.0046
0.0042
0.0053
0.0054
0.0042
0.0034
0.0054
0.0064
0.0039
0.0000
-0.0042
-0.0015
-0.0012
-0.0007
-0.0001
0.0021
0.0025
0.0019
0.0043
0.0062
0.0061
0.0049
0.0033
0.0024
0.0018
0.0010
0.0028
0.0034
0.0044
0.0100
0.0076
0.0064
0.0105
0.0081
-0.0013
-0.0017
0.0121
0.0117
-0.0100
-0.0181
0.0118
0.0178
-0.0125
0.0111
0.0037
0.0156
-0.0033
-0.0217
0.0247
-0.0038
-0.0060
0.0071
0.0033
0.0057
0.0019
-0.0145
-0.0085
-0.0135
-0.0218
-0.0002
0.0042
-0.0040
0.0011
-0.0022
-0.0058
-0.0136
-0.0106
0.0029
-0.0007
-0.0022
-0.0037
-0.0026
0.0059
-0.0016
-0.0002
0.0030
0.0046
0.0076
0.0074
0.0025
0.0014
0.0010
-0.0006
-0.0019
-0.0043
-0.0052
-0.0035
0.0001
0.0020
0.0020
0.0005
0.0003
-0.0006
-0.0030
-0.0065
-0.0048
-0.0028
-0.0016
-0.0025
-0.0011
-0.0013
-0.0010
0.0003
0.0011
0.0018
0.0020
-0.0006
-0.0014
-0.0015
-0.0033
-0.0043
-0.0049
-0.0044
-0.0045
-0.0047
-0.0049
-0.0059
-0.0071
-0.0074
-0.0084
-0.0091
-0.0092
-0.0089
-0.0077
-0.0064
-0.0043
-0.0024
-0.0016
0.0014
0.0075
0.0155
0.0267
0.0466
0.0560
0.0630
0.0610
0.0505
0.0362
0.0192
0.0078
0.0031
0.0001
-0.0018
-0.0027
-0.0048
-0.0076
-0.0036
0.0006
-0.0004
-0.0027
-0.0020
0.0008
0.0041
0.0062
0.0067
0.0030
-0.0005
-0.0002
-0.0028
0.0001
-0.0070
-0.0071
-0.0008
0.0061
0.0075
0.0077
0.0081
0.0087
0.0073
0.0062
0.0061
0.0070
0.0070
0.0031
0.0049
0.0077
0.0084
0.0117
0.0069
0.0027
0.0036
0.0019
-0.0029
-0.0042
-0.0026
-0.0038
-0.0018
-0.0001
-0.0038
-0.0066
-0.0058
-0.0041
-0.0054
-0.0040
-0.0027
-0.0061
