4.1220
4.1390
4.3090
4.3940
4.5100
4.5270
4.5310
4.5730
4.5330
4.5050
4.4560
4.3750
4.3070
4.2860
4.2530
4.1600
4.1150
4.0230
3.9970
3.9260
3.8390
3.7200
3.3910
2.8990
2.5930
2.3720
2.4280
2.4390
2.2960
2.0920
1.9220
1.8010
1.7640
1.8270
1.9010
1.9970
2.0700
2.1420
2.2250
2.3020
2.4280
2.6280
2.9700
3.3580
3.6690
3.9540
4.2000
4.3220
4.3740
4.3510
4.2870
4.2320
4.3210
4.6050
4.9620
5.1320
5.1750
5.1810
5.1970
5.2100
5.1870
5.2020
5.2680
5.2750
5.3380
5.3530
5.4030
5.3950
5.3450
5.3230
5.3260
5.3910
5.3630
5.3380
5.2900
5.2620
5.2380
5.2160
5.2020
5.1660
5.1100
5.0750
5.0470
4.9940
4.9340
4.8710
4.8100
4.7310
4.6500
4.5650
4.4930
4.4290
4.3830
4.3230
4.2650
4.2130
4.1660
4.1190
4.0590
4.0090
3.9680
3.8980
3.8170
3.7620
3.7280
3.7150
3.7010
3.6810
3.6540
3.6340
3.6140
3.6140
3.6380
3.6890
3.7050
3.6950
3.6410
3.5590
3.4650
3.5310
3.6630
3.7380
3.7950
3.8510
3.9370
4.0380
4.1250
4.1770
4.1960
4.2350
4.3150
4.4190
4.5050
4.5570
4.5810
4.5720
4.5780
4.5490
4.4940
4.5100
4.5290
4.4760
4.3920
4.3870
4.4440
4.4670
4.5280
4.5840
4.6040
4.6180
4.6140
4.6350
4.6730
4.6770
4.6330
4.5810
4.5210
4.4420
4.3630
4.2830
4.3120
4.3160
4.3530
4.3780
4.3890
4.3950
4.3800
4.3530
4.3390
4.3290
4.3430
4.3850
4.4500
4.5110
4.5910
4.6820
4.7720
4.8530
4.9600
5.0970
5.1680
5.1450
5.1150
5.0480
4.9890
4.9390
4.8980
4.8840
4.8960
4.9110
4.9450
5.0130
5.0920
5.1500
5.1790
5.2000
5.1960
5.1640
5.1140
5.1040
5.1160
5.1170
5.0910
5.0520
5.0210
5.0080
5.0060
5.0190
5.0160
5.0000
4.9480
4.8700
4.7900
4.7670
4.7590
4.7650
4.7920
4.8290
4.8830
4.9160
4.9540
4.9720
4.9770
4.9550
4.9550
4.9830
5.0430
5.1280
5.2250
5.3390
5.4580
5.5760
5.7280
5.8770
6.0510
6.2230
6.3830
6.5080
6.5810
6.6230
6.6310
6.6210
6.6060
6.5610
6.4890
6.3990
6.2830
6.2200
6.1800
6.1160
6.0500
6.0200
6.0310
6.0570
6.0810
6.0590
6.0280
6.0910
6.1520
6.1500
6.1920
6.2690
6.3340
6.3960
6.4760
6.5690
6.6530
6.7340
6.7850
6.7970
6.7970
6.7990
6.8130
6.8410
6.8680
6.8670
6.8660
6.8600
6.8210
6.7830
6.7660
6.7260
6.7100
6.6970
6.7300
6.8950
7.0700
7.1490
7.1700
7.1470
6.9760
6.8350
7.0110
6.9570
6.9750
6.9560
6.9840
7.0440
6.9210
6.9850
6.9620
6.8600
6.8430
6.7040
6.6060
7.0810
7.1720
7.2330
7.3060
7.3430
7.2200
7.2400
7.6870
8.0460
8.0140
7.9740
7.9180
7.5430
7.6260
7.7220
7.7810
7.6160
7.8180
7.7370
7.8180
7.7750
7.8110
7.8750
8.0310
7.7480
7.7810
8.0310
8.0170
8.0250
8.3420
8.6920
8.5640
8.4050
8.2600
8.3420
8.4290
8.7820
9.1190
9.4090
9.6360
9.7040
9.7720
9.7190
9.6100
9.5460
9.5120
9.3370
9.1190
8.8980
9.0650
8.9260
9.1610
9.0750
8.8270
8.8260
8.9860
9.2000
9.3190
9.4740
9.4770
9.4560
9.5620
9.5370
9.4660
9.4810
9.5450
9.5320
9.6870
9.6420
9.6050
9.6570
9.8960
