1570.9000
1574.6000
1605.4000
1616.6000
1611.7000
1640.4000
1619.7000
1609.2000
1624.0000
1644.5000
1660.5000
1659.6000
1649.5000
1658.3000
1664.3000
1702.4000
1724.6000
1724.7000
1730.7000
1720.5000
1721.9000
1741.9000
1761.8000
1768.2000
1763.8000
1762.1000
1761.8000
1765.7000
1768.4000
1767.9000
1769.4000
1766.0000
1766.2000
1766.6000
1764.2000
1769.2000
1769.6000
1768.4000
1768.3000
1750.3000
1736.6000
1732.7000
1731.1000
1734.6000
1730.2000
1723.9000
1712.9000
1706.8000
1709.8000
1709.3000
1707.4000
1704.2000
1696.8000
1686.5000
1676.5000
1673.1000
1671.0000
1669.7000
1669.0000
1665.6000
1666.1000
1670.4000
1671.5000
1684.6000
1696.6000
1701.0000
1704.4000
1707.9000
1714.0000
1720.8000
1732.6000
1741.7000
1748.5000
1755.5000
1764.5000
1770.1000
1780.5000
1790.8000
1798.5000
1802.5000
1805.4000
1809.0000
1812.5000
1817.8000
1823.3000
1827.7000
1835.5000
1803.4000
1775.5000
1767.3000
1768.4000
1781.0000
1779.4000
1768.6000
1745.1000
1731.3000
1733.3000
1735.6000
1738.1000
1754.8000
1756.9000
1756.2000
1757.7000
1760.3000
1764.0000
1764.6000
1764.9000
1759.7000
1755.7000
1757.4000
1757.7000
1786.3000
1811.2000
1822.2000
1828.1000
1825.3000
1834.7000
1847.7000
1864.5000
1874.2000
1871.9000
1874.0000
1878.4000
1877.1000
1884.2000
1889.2000
1889.9000
1886.9000
1885.9000
1887.1000
1886.5000
1888.5000
1888.5000
1887.1000
1887.7000
1862.8000
1840.6000
1827.9000
1818.1000
1814.0000
1801.7000
1787.8000
1771.6000
1759.0000
1754.5000
1748.9000
1740.8000
1731.5000
1713.5000
1698.9000
1690.9000
1682.6000
1674.3000
1662.2000
1650.6000
1638.1000
1631.1000
1627.8000
1622.7000
1642.7000
1657.3000
1664.3000
1669.8000
1670.7000
1679.3000
1687.8000
1701.6000
1710.0000
1709.2000
1708.7000
1705.0000
1694.0000
1691.1000
1690.7000
1691.0000
1694.8000
1696.3000
1702.1000
1704.0000
1710.4000
1717.3000
1723.4000
1730.3000
1694.3000
1663.2000
1654.1000
1651.0000
1660.2000
1653.7000
1639.0000
1611.2000
1591.6000
1586.8000
1579.1000
1574.9000
1589.2000
1585.5000
1578.6000
1572.6000
1565.4000
1563.2000
1563.2000
1566.6000
1560.7000
1556.3000
1556.7000
1557.5000
1587.3000
1616.6000
1625.3000
1629.4000
1625.9000
1634.1000
1648.6000
1669.3000
1684.4000
1684.1000
1687.6000
1691.0000
1678.9000
1678.5000
1679.3000
1678.9000
1677.1000
1674.6000
1673.3000
1668.1000
1668.2000
1667.8000
1667.6000
1667.8000
1643.0000
1617.9000
1606.5000
1595.3000
1590.3000
1577.6000
1558.5000
1537.4000
1521.1000
1515.9000
1507.2000
1500.8000
1504.7000
1497.0000
1490.3000
1489.9000
1487.8000
1486.0000
1480.1000
1475.2000
1465.2000
1455.7000
1445.3000
1431.2000
1447.0000
1462.8000
1464.5000
1465.1000
1462.4000
1465.3000
1473.8000
1484.4000
1494.3000
1493.8000
1496.0000
1498.6000
1481.4000
1479.2000
1482.9000
1488.3000
1496.7000
1499.2000
1502.3000
1498.6000
1501.5000
1506.9000
1508.6000
1516.3000
1483.3000
1449.3000
1435.0000
1428.9000
1436.9000
1427.8000
1400.7000
1360.6000
1338.6000
1325.5000
1319.9000
1318.0000
1344.6000
1338.8000
1337.0000
1331.1000
1325.4000
1322.3000
1314.9000
1327.5000
1321.2000
1319.8000
1329.5000
1327.1000
1366.9000
1407.3000
1395.9000
1398.4000
1387.8000
1396.1000
1411.9000
1443.9000
1460.6000
1430.0000
1404.9000
1418.8000
1422.8000
1436.3000
1475.5000
1477.8000
1471.6000
1471.1000
1482.5000
1472.6000
1478.4000
1478.8000
1482.5000
1480.8000
1450.6000
1420.1000
1425.1000
1421.9000
1399.6000
1395.5000
1380.6000
1340.2000
1299.0000
1298.3000
1297.0000
1297.1000
1296.0000
1282.8000
1252.6000
1224.9000
1198.7000
1181.0000
1173.3000
1165.6000
1155.5000
1153.0000
1145.2000
1135.0000
1156.5000
1184.6000
1196.1000
1191.1000
1192.8000
1204.2000
1207.0000
1227.1000
1242.3000
1238.4000
1231.1000
1222.7000
1192.4000
1191.5000
1201.0000
1196.5000
1200.6000
1200.5000
1199.9000
1182.4000
1182.2000
1180.7000
1174.3000
1166.8000
1129.8000
1076.7000
