5.7399
5.7681
6.0371
6.1726
6.3558
6.3840
6.3899
6.4557
6.3932
6.3488
6.2702
6.1413
6.0346
6.0006
5.9481
5.8003
5.7295
5.5841
5.5415
5.4289
5.2911
5.1034
4.5810
3.7992
3.3139
2.9638
3.0529
3.0695
2.8427
2.5193
2.2493
2.0572
1.9995
2.0992
2.2161
2.3681
2.4849
2.5990
2.7297
2.8527
3.0518
3.3700
3.9125
4.5288
5.0216
5.4735
5.8640
6.0578
6.1401
6.1039
6.0023
5.9153
6.0562
6.5067
7.0728
7.3439
7.4112
7.4207
7.4464
7.4674
7.4299
7.4539
7.5587
7.5709
7.6698
7.6945
7.7726
7.7603
7.6811
7.6462
7.6510
7.7542
7.7103
7.6695
7.5937
7.5495
7.5120
7.4771
7.4544
7.3975
7.3078
7.2521
7.2083
7.1235
7.0283
6.9290
6.8317
6.7068
6.5784
6.4436
6.3285
6.2284
6.1551
6.0594
5.9679
5.8855
5.8108
5.7358
5.6407
5.5614
5.4959
5.3849
5.2559
5.1698
5.1155
5.0950
5.0729
5.0403
4.9985
4.9661
4.9340
4.9340
4.9728
5.0541
5.0794
5.0635
4.9773
4.8467
4.6987
4.8032
5.0118
5.1312
5.2223
5.3099
5.4475
5.6065
5.7447
5.8274
5.8577
5.9194
6.0473
6.2122
6.3483
6.4303
6.4695
6.4551
6.4634
6.4180
6.3312
6.3567
6.3869
6.3018
6.1697
6.1612
6.2517
6.2878
6.3845
6.4735
6.5053
6.5269
6.5219
6.5546
6.6147
6.6216
6.5522
6.4687
6.3734
6.2487
6.1222
5.9962
6.0417
6.0482
6.1066
6.1467
6.1650
6.1733
6.1495
6.1072
6.0850
6.0689
6.0909
6.1585
6.2603
6.3585
6.4855
6.6296
6.7717
6.9010
7.0704
7.2876
7.4000
7.3644
7.3169
7.2104
7.1165
7.0369
6.9720
6.9491
6.9691
6.9924
7.0457
7.1540
7.2801
7.3713
7.4174
7.4505
7.4455
7.3938
7.3154
7.2992
7.3178
7.3187
7.2781
7.2157
7.1670
7.1463
7.1429
7.1638
7.1588
7.1331
7.0514
6.9272
6.8002
6.7647
6.7517
6.7602
6.8032
6.8623
6.9481
7.0007
7.0605
7.0901
7.0966
7.0629
7.0629
7.1069
7.2026
7.3372
7.4913
7.6716
7.8611
8.0473
8.2893
8.5260
8.8016
9.0745
9.3285
9.5270
9.6425
9.7088
9.7217
9.7058
9.6826
9.6113
9.4972
9.3544
9.1696
9.0704
9.0054
8.9047
8.7998
8.7519
8.7693
8.8106
8.8498
8.8138
8.7650
8.8644
8.9625
8.9588
9.0246
9.1481
9.2507
9.3491
9.4763
9.6233
9.7562
9.8845
9.9662
9.9859
9.9845
9.9889
10.0100
10.0550
10.0972
10.0956
10.0953
10.0849
10.0240
9.9630
9.9364
9.8733
9.8477
9.8264
9.8788
10.1414
10.4177
10.5439
10.5769
10.5414
10.2695
10.0460
10.3253
10.2392
10.2684
10.2383
10.2820
10.3768
10.1824
10.2840
10.2478
10.0855
10.0586
9.8378
9.6816
10.4360
10.5799
10.6764
10.7932
10.8516
10.6562
10.6878
11.3968
11.9674
11.9160
11.8523
11.7639
11.1685
11.3013
11.4530
11.5474
11.2856
11.6061
11.4763
11.6048
11.5379
11.5937
11.6955
11.9430
11.4942
11.5460
11.9438
11.9217
11.9339
12.4364
12.9919
12.7885
12.5363
12.3075
12.4374
12.5746
13.1349
13.6703
14.1296
14.4897
14.5978
14.7063
14.6217
14.4494
14.3471
14.2931
14.0154
13.6694
13.3197
13.5835
13.3628
13.7368
13.6001
13.2057
13.2055
13.4593
13.7984
13.9866
14.2337
14.2375
14.2045
14.3725
14.3336
14.2202
14.2447
14.3462
14.3247
14.5716
14.5000
14.4408
14.5228
14.9021
