-11.5437
-11.5235
-11.4864
-11.4221
-11.3650
-11.3123
-11.2539
-11.1797
-11.1171
-11.0755
-11.0376
-10.9887
-10.9566
-10.9167
-10.8563
-10.7777
-10.7129
-10.6472
-10.5895
-10.5335
-10.4399
-10.4464
-10.7289
-10.8216
-10.5176
-10.0713
-9.4842
-9.0012
-8.5208
-8.1110
-7.7977
-7.5310
-7.2629
-7.0378
-6.8705
-6.7734
-6.7561
-6.7575
-6.7187
-6.6561
-6.6149
-6.6569
-6.8644
-7.1526
-7.2478
-7.1733
-7.1221
-7.2110
-7.4295
-7.6662
-7.9063
-8.0267
-7.9234
-7.5668
-7.0641
-6.8174
-6.6995
-6.7006
-6.7789
-6.8735
-6.9941
-7.2005
-7.4335
-7.8196
-8.0833
-8.3389
-8.5536
-8.7699
-9.0388
-9.3389
-9.5669
-9.6586
-9.8033
-9.9519
-10.0868
-10.1909
-10.2645
-10.3179
-10.3604
-10.3800
-10.3940
-10.4293
-10.4794
-10.5455
-10.6095
-10.6795
-10.7603
-10.8457
-10.9143
-10.9499
-10.9735
-10.9917
-11.0107
-11.0381
-11.0644
-11.0897
-11.1071
-11.1171
-11.1283
-11.1391
-11.1571
-11.1872
-11.2247
-11.2606
-11.2825
-11.2843
-11.2693
-11.2442
-11.2158
-11.1803
-11.1333
-11.0774
-11.0179
-10.9633
-10.9196
-10.8881
-10.8868
-10.8913
-10.8338
-10.7428
-10.6067
-10.4840
-10.4035
-10.3350
-10.2710
-10.2037
-10.1322
-10.0561
-9.9819
-9.9307
-9.9052
-9.9122
-9.9335
-9.9543
-9.9759
-9.9939
-10.0185
-10.0519
-10.0893
-10.1244
-10.1666
-10.2138
-10.2699
-10.3107
-10.3464
-10.3884
-10.4280
-10.4690
-10.5023
-10.5408
-10.5833
-10.6412
-10.7159
-10.7859
-10.8448
-10.8991
-10.9534
-11.0088
-11.0638
-11.1257
-11.1873
-11.2188
-11.2532
-11.2687
-11.2808
-11.2952
-11.3083
-11.3157
-11.3204
-11.3184
-11.3130
-11.3064
-11.3019
-11.3066
-11.3164
-11.3332
-11.3545
-11.3757
-11.3867
-11.4021
-11.4140
-11.4401
-11.4695
-11.4908
-11.5086
-11.5298
-11.5508
-11.5674
-11.5764
-11.5821
-11.5843
-11.5817
-11.5756
-11.5697
-11.5682
-11.5767
-11.5917
-11.6088
-11.6185
-11.6192
-11.6178
-11.6172
-11.6168
-11.6129
-11.6075
-11.6019
-11.5910
-11.5735
-11.5589
-11.5513
-11.5469
-11.5265
-11.4866
-11.4492
-11.4104
-11.3641
-11.3061
-11.2548
-11.2070
-11.1486
-11.0878
-11.0252
-10.9495
-10.8505
-10.7501
-10.6464
-10.5554
-10.4776
-10.4133
-10.3542
-10.3002
-10.2500
-10.1875
-10.1218
-10.0296
-9.9417
-9.8607
-9.7837
-9.7192
-9.6615
-9.6022
-9.5534
-9.5102
-9.4800
-9.4595
-9.4778
-9.5326
-9.5468
-9.5415
-9.5505
-9.5711
-9.6005
-9.6437
-9.6996
-9.7863
-9.9040
-10.0660
-10.0147
-10.1465
-10.2304
-10.2769
-10.3063
-10.3197
-10.3218
-10.3217
-10.3297
-10.3424
-10.3573
-10.3757
-10.3963
-10.4169
-10.4321
-10.4382
-10.4369
-10.4311
-10.4188
-10.4044
-10.3885
-10.3686
-10.3473
-10.3289
-10.3172
-10.3034
-10.2886
-10.2798
-10.2695
-10.2498
-10.2272
-10.2101
-10.2211
-10.2117
-10.1850
-10.1706
-10.1910
-10.1977
-10.2101
-10.2469
-10.2319
-10.2285
-10.2227
-10.2413
-10.2354
-10.2516
-10.2593
-10.2331
-10.2475
-10.1803
-10.1693
-10.1459
-10.0907
-10.0399
-9.9861
-9.9567
-9.9013
-9.8443
-9.7949
-9.7294
-9.6769
-9.6274
-9.5563
-9.5006
-9.4434
-9.4093
-9.4070
-9.4227
-9.4260
-9.4373
-9.4287
-9.4232
-9.4339
-9.4653
-9.4448
-9.5159
-9.5869
-9.6690
-9.7006
-9.7092
-9.7494
-9.8135
-9.8155
-9.8134
-9.7872
-9.7516
-9.7426
-9.7119
-9.6779
-9.6619
-9.6324
-9.6309
-9.6449
-9.6766
-9.7345
-9.7777
-9.8248
-9.7416
-9.7195
-9.6534
-9.5933
-9.6093
-9.6078
-9.5840
-9.5682
-9.5403
-9.4735
-9.4373
-9.4069
-9.3349
-9.2976
-9.2777
-9.2242
-9.1749
-9.1178
-9.0422
-9.0295
-9.0043
-8.9483
-8.8717
