2.2301
2.3207
2.4977
2.5467
2.6644
2.7013
2.6930
2.7918
2.8616
2.9407
2.9998
3.0362
3.1215
3.2095
3.2405
3.1953
3.2233
3.1687
3.1469
3.1543
3.1625
3.1397
2.9257
2.4930
2.2224
1.9834
1.9656
1.9074
1.6554
1.2874
0.8093
0.3352
-0.1997
-0.6840
-1.0516
-1.4126
-1.8017
-2.1416
-2.4172
-2.6412
-2.9044
-3.2383
-3.7863
-4.4271
-4.9018
-5.2948
-5.6573
-5.8849
-6.0221
-6.0192
-5.9192
-5.8268
-5.9151
-6.1657
-6.3037
-6.2841
-6.1977
-6.0973
-6.0681
-6.0009
-5.9573
-6.0171
-6.0949
-6.1435
-6.1847
-6.1195
-6.0886
-5.9946
-5.9118
-5.8673
-5.8221
-5.8484
-5.8483
-5.8599
-5.8531
-5.8717
-5.8820
-5.8758
-5.8560
-5.8438
-5.8210
-5.8296
-5.8535
-5.8346
-5.8271
-5.8126
-5.7866
-5.7282
-5.6334
-5.5197
-5.4219
-5.3330
-5.2862
-5.2175
-5.1790
-5.1478
-5.1047
-5.0656
-5.0097
-4.9708
-4.9441
-4.8701
-4.7536
-4.6582
-4.6084
-4.6194
-4.6314
-4.6255
-4.6083
-4.6106
-4.6179
-4.6548
-4.7335
-4.8514
-4.9004
-4.8975
-4.8260
-4.7163
-4.5949
-4.7126
-4.9180
-5.0386
-5.1359
-5.2393
-5.3972
-5.5654
-5.7099
-5.8017
-5.8407
-5.9116
-6.0457
-6.2120
-6.3460
-6.4260
-6.4632
-6.4471
-6.4516
-6.4008
-6.3133
-6.3346
-6.3614
-6.2783
-6.1533
-6.1449
-6.2251
-6.2557
-6.3497
-6.4348
-6.4709
-6.4984
-6.4967
-6.5307
-6.5946
-6.6071
-6.5423
-6.4609
-6.3656
-6.2391
-6.1113
-5.9867
-6.0347
-6.0452
-6.1060
-6.1451
-6.1525
-6.1406
-6.0931
-6.0282
-5.9868
-5.9563
-5.9671
-6.0291
-6.1350
-6.2439
-6.3879
-6.5504
-6.7066
-6.8432
-7.0087
-7.2105
-7.3028
-7.2449
-7.1669
-7.0321
-6.9081
-6.8002
-6.7088
-6.6706
-6.6882
-6.7133
-6.7789
-6.9010
-7.0328
-7.1317
-7.1849
-7.2260
-7.2359
-7.2122
-7.1616
-7.1615
-7.1818
-7.1761
-7.1267
-7.0599
-7.0115
-6.9936
-6.9923
-7.0094
-7.0091
-6.9945
-6.9181
-6.8008
-6.6824
-6.6607
-6.6598
-6.6751
-6.7223
-6.7891
-6.8748
-6.9318
-7.0001
-7.0317
-7.0427
-7.0144
-7.0154
-7.0615
-7.1611
-7.3032
-7.4642
-7.6459
-7.8378
-8.0264
-8.2654
-8.4953
-8.7583
-9.0172
-9.2543
-9.4360
-9.5324
-9.5807
-9.5760
-9.5346
-9.4869
-9.3971
-9.2702
-9.1315
-8.9581
-8.8513
-8.7661
-8.6461
-8.5227
-8.4586
-8.4584
-8.4833
-8.5103
-8.4726
-8.4421
-8.4911
-8.6104
-8.6090
-8.6710
-8.7890
-8.8934
-9.0019
-9.1611
-9.3428
-9.5077
-9.6584
-9.7561
-9.7878
-9.7876
-9.7898
-9.8077
-9.8436
-9.8687
-9.8425
-9.8235
-9.8044
-9.7232
-9.6764
-9.6695
-9.6166
-9.6065
-9.6131
-9.6840
-9.9775
-10.2689
-10.3960
-10.4906
-10.4606
-10.1735
-9.9465
-10.2380
-10.1457
-10.1570
-10.1080
-10.1717
-10.2716
-10.0899
-10.1857
-10.1471
-9.9791
-9.9690
-9.7544
-9.5631
-10.3275
-10.4526
-10.5060
-10.5650
-10.5802
-10.3871
-10.4513
-11.1857
-11.7220
-11.6325
-11.3939
-11.2488
-10.6729
-10.7395
-10.9272
-11.0957
-10.8800
-11.2288
-11.1492
-11.3047
-11.2635
-11.3582
-11.4301
-11.7046
-11.3331
-11.3930
-11.7116
-11.7661
-11.8700
-12.4114
-12.9191
-12.6886
-12.5024
-12.2950
-12.3961
-12.4985
-13.0882
-13.6252
-14.0733
-14.4277
-14.5163
-14.6050
-14.4644
-14.2172
-14.0150
-13.8322
-13.4807
-13.1256
-12.7734
-12.9927
-12.8053
-13.1270
-13.0053
-12.6145
-12.6512
-12.8355
-13.1332
-13.2105
-13.3236
-13.2066
-13.0676
-13.2755
-13.3423
-13.3303
-13.3731
-13.4686
-13.3345
-13.4980
-13.4307
-13.3878
-13.5751
-14.0119
