5.2890
5.2807
5.4962
5.6227
5.7704
5.7843
5.7947
5.8209
5.7170
5.6267
5.5061
5.3383
5.1645
5.0702
4.9879
4.8409
4.7368
4.5980
4.5613
4.4185
4.2420
4.0233
3.5250
2.8668
2.4583
2.2023
2.3359
2.4049
2.3109
2.1655
2.0987
2.0297
1.9895
1.9846
1.9507
1.9006
1.7113
1.4726
1.2683
1.0778
0.9369
0.9329
0.9857
0.9543
1.0906
1.3871
1.5432
1.4368
1.1977
1.0136
0.9953
1.0194
1.2997
2.0787
3.2075
3.8003
4.0638
4.2297
4.3158
4.4443
4.4400
4.3994
4.4706
4.4246
4.5360
4.6645
4.8313
4.9283
4.9041
4.9030
4.9640
5.0915
5.0245
4.9480
4.8379
4.7453
4.6725
4.6241
4.6125
4.5358
4.4181
4.3137
4.2067
4.0868
3.9296
3.7716
3.6314
3.4884
3.3971
3.3245
3.2639
3.2174
3.1531
3.0811
2.9653
2.8529
2.7762
2.6904
2.5923
2.4939
2.4002
2.2976
2.2423
2.2421
2.2205
2.1494
2.0700
2.0023
1.9361
1.8450
1.7375
1.6363
1.5240
1.4169
1.3366
1.2860
1.2177
1.1170
0.9824
0.9287
0.9648
0.9706
0.9458
0.8627
0.7386
0.6779
0.6307
0.5474
0.4459
0.3052
0.1398
-0.0420
-0.1693
-0.2341
-0.2864
-0.3208
-0.3907
-0.4697
-0.4750
-0.5305
-0.5697
-0.5430
-0.4490
-0.4489
-0.5761
-0.6353
-0.6661
-0.7060
-0.6679
-0.6086
-0.5724
-0.5587
-0.5159
-0.4383
-0.3599
-0.3187
-0.3164
-0.3457
-0.3642
-0.3376
-0.2898
-0.1892
-0.0852
0.1416
0.3925
0.6342
0.8312
0.9795
1.0890
1.1634
1.2221
1.2560
1.2464
1.2015
1.1208
1.0217
0.9373
0.8915
0.9327
1.0573
1.1960
1.3213
1.4738
1.5938
1.7097
1.8097
1.8978
1.9477
1.9587
1.9561
1.9206
1.8858
1.8813
1.8642
1.8424
1.8155
1.7541
1.6285
1.4923
1.4110
1.4041
1.4375
1.4767
1.4913
1.4847
1.4693
1.4593
1.4793
1.4562
1.3995
1.3643
1.3172
1.2606
1.1817
1.1098
1.0692
1.0458
0.9999
1.0064
0.9799
0.9214
0.9083
0.8735
0.8261
0.8180
0.8019
0.7723
0.7055
0.6365
0.6285
0.6049
0.5787
0.6283
0.7236
0.8717
1.0178
1.1741
1.3138
1.4532
1.5720
1.6772
1.8152
1.9365
2.0177
2.0638
2.0300
1.9580
1.9815
2.0618
2.1303
2.1908
2.2469
2.3145
2.3793
2.4278
2.4289
2.3569
2.5456
2.4877
2.4788
2.5015
2.5380
2.5458
2.5240
2.4237
2.3064
2.1880
2.1021
2.0356
1.9790
1.9729
1.9841
2.0021
2.0512
2.1358
2.2463
2.3267
2.3619
2.4369
2.3723
2.2877
2.2367
2.1666
2.0362
1.9524
1.8159
1.7545
1.7598
1.3485
1.3021
1.4008
1.4104
1.3402
1.3802
1.5083
1.6283
1.5024
1.4737
1.3695
1.4182
1.4328
1.4612
1.3395
1.2780
1.5106
1.5008
1.6362
1.8998
2.2076
2.4118
2.3797
2.2360
2.1836
2.4109
2.5838
3.2642
3.4430
3.2901
3.5190
3.4306
3.1981
2.9984
2.9353
2.7204
2.6219
2.5010
2.3247
2.4773
2.3745
1.9179
1.8730
2.3436
1.9198
1.2331
0.7881
1.3737
1.5953
0.9208
0.5539
1.0128
1.3812
1.1065
1.1098
1.2596
1.3388
1.5409
1.7232
2.1387
2.5798
3.0688
3.6006
3.8344
3.8169
3.7756
3.9625
3.8193
4.0474
3.9783
3.9071
3.7858
4.0498
4.2323
4.5943
5.0080
5.3190
5.5683
5.5072
5.2380
4.9514
4.9062
4.9405
5.2336
5.4896
5.4650
5.4131
5.1603
5.0733
