-0.0001
-0.0067
-0.0070
-0.0067
-0.0070
-0.0066
-0.0067
-0.0068
-0.0068
-0.0069
-0.0067
-0.0068
-0.0059
-0.0058
-0.0067
-0.0067
-0.0060
-0.0062
-0.0058
-0.0086
-0.0082
-0.0089
-0.0081
-0.0064
-0.0060
-0.0032
0.0039
0.0083
0.0117
0.0173
0.0256
0.0325
0.0356
0.0299
0.0200
0.0130
-0.0032
-0.0218
-0.0278
-0.0268
-0.0232
-0.0168
-0.0084
0.0019
0.0158
0.0163
0.0032
-0.0118
-0.0190
-0.0185
-0.0179
-0.0137
0.0007
0.0328
0.0502
0.0355
0.0305
0.0271
0.0215
0.0154
0.0098
0.0084
0.0085
0.0051
-0.0001
-0.0030
-0.0041
-0.0045
-0.0032
-0.0013
-0.0016
-0.0039
-0.0029
-0.0019
-0.0015
-0.0020
-0.0016
-0.0018
-0.0026
-0.0047
-0.0050
-0.0040
-0.0034
-0.0015
-0.0012
0.0006
0.0030
0.0043
0.0040
0.0024
0.0002
-0.0009
-0.0013
-0.0010
-0.0009
-0.0001
-0.0003
0.0000
0.0003
0.0007
0.0020
0.0040
0.0059
0.0059
0.0046
0.0032
0.0015
0.0003
-0.0003
-0.0020
-0.0030
-0.0040
-0.0052
-0.0050
-0.0050
-0.0034
0.0007
0.0044
0.0049
0.0051
0.0026
-0.0007
-0.0031
-0.0070
-0.0095
-0.0116
-0.0131
-0.0161
-0.0164
-0.0173
-0.0183
-0.0178
-0.0179
-0.0165
-0.0173
-0.0179
-0.0189
-0.0173
-0.0183
-0.0199
-0.0169
-0.0143
-0.0140
-0.0197
-0.0184
-0.0175
-0.0177
-0.0151
-0.0122
-0.0093
-0.0083
-0.0070
-0.0061
-0.0037
-0.0018
-0.0007
0.0016
0.0027
0.0030
0.0049
0.0070
0.0067
0.0059
0.0051
0.0049
0.0046
0.0040
0.0034
0.0025
0.0021
0.0019
0.0008
0.0012
0.0009
0.0016
0.0015
0.0019
0.0026
0.0036
0.0059
0.0052
0.0059
0.0062
0.0052
0.0041
0.0037
0.0032
0.0018
0.0005
0.0003
-0.0001
0.0002
0.0006
0.0013
0.0023
0.0026
0.0032
0.0033
0.0034
0.0024
0.0018
0.0024
0.0023
0.0020
0.0016
0.0009
0.0011
0.0021
0.0042
0.0067
0.0092
0.0117
0.0077
0.0069
0.0055
0.0040
0.0022
0.0019
0.0003
-0.0020
-0.0026
-0.0036
-0.0054
-0.0059
-0.0047
-0.0037
-0.0023
-0.0006
0.0014
0.0026
0.0025
0.0027
0.0026
0.0032
0.0039
0.0042
0.0044
0.0049
0.0044
0.0027
0.0028
0.0023
0.0019
0.0019
0.0013
0.0011
0.0018
0.0014
0.0007
0.0003
-0.0006
-0.0001
-0.0004
0.0011
0.0025
0.0034
0.0071
0.0071
0.0084
0.0117
0.0136
0.0142
0.0130
0.0132
0.0133
0.0132
0.0128
0.0123
0.0123
0.0122
0.0120
0.0119
0.0119
0.0130
0.0138
0.0138
0.0138
0.0140
0.0135
0.0124
0.0123
0.0108
0.0095
0.0090
0.0092
0.0096
0.0106
0.0064
0.0110
0.0109
0.0132
0.0104
0.0120
0.0134
0.0106
0.0106
0.0086
0.0114
0.0086
0.0172
0.0178
0.0180
0.0112
0.0146
0.0104
0.0123
0.0092
0.0153
0.0065
0.0117
0.0038
0.0054
0.0005
0.0098
0.0031
0.0038
-0.0027
-0.0134
-0.0141
-0.0121
-0.0125
-0.0110
-0.0137
-0.0136
-0.0150
-0.0143
-0.0162
-0.0218
-0.0157
-0.0100
-0.0232
-0.0093
0.0138
-0.0032
-0.0172
-0.0041
0.0061
0.0154
0.0067
0.0078
0.0052
-0.0078
0.0042
0.0099
0.0217
0.0236
0.0212
0.0231
0.0232
0.0244
0.0306
0.0271
0.0227
0.0259
0.0090
0.0082
0.0127
0.0171
0.0260
0.0067
0.0100
-0.0027
0.0102
0.0101
0.0051
0.0042
0.0008
0.0071
0.0127
0.0135
0.0227
0.0250
0.0236
0.0153
0.0123
0.0078
0.0209
