1.3630
1.2820
1.2040
1.2380
1.1910
1.2060
1.2150
1.1800
1.1990
1.2400
1.2720
1.2810
1.3130
1.3160
1.3640
1.4160
1.4870
1.5060
1.5290
1.4460
1.3190
1.3910
1.4820
1.5850
1.7040
1.8340
1.9040
1.9940
2.1020
2.1890
2.2770
2.3760
2.4850
2.5880
2.6720
2.7560
2.8380
2.9620
3.1050
3.2130
3.3300
3.4340
3.5280
3.6280
3.7210
3.8480
4.1040
4.2180
4.2060
4.2840
4.3300
4.3880
4.4670
4.5770
4.7050
4.8260
4.9440
5.0520
5.1530
5.2460
5.3470
5.4350
5.5100
5.6040
5.7220
5.6910
5.4870
5.4130
5.3690
5.3190
5.2870
5.3150
5.3670
5.3110
5.2950
5.3100
5.3580
5.4650
5.5380
5.4730
5.5160
5.5840
5.5570
5.5700
5.5830
5.5840
5.5430
5.5170
5.4960
5.4550
5.4700
5.5030
5.5280
5.5220
5.4910
5.4570
5.4510
5.4760
5.4680
5.4430
5.4030
5.2870
5.2500
5.2710
5.3310
5.4450
5.5580
5.6290
5.6880
5.7370
5.7590
5.7160
5.5470
5.3810
5.0990
4.7360
4.5620
4.5680
4.4920
4.4270
4.4590
4.4780
4.4500
4.3820
4.2750
4.1510
4.0450
3.9670
3.9080
3.8500
3.8290
3.8610
3.9800
4.1670
4.4490
4.6940
4.9450
5.2510
5.5520
5.8830
6.1850
6.4080
6.5630
6.8110
7.0180
7.2030
7.3720
7.4810
7.5860
7.7100
7.8220
7.7190
7.6940
7.7070
7.7030
7.8530
7.8190
7.5940
7.4650
7.3460
7.1500
6.8820
6.4970
6.3400
6.3400
6.1060
6.0300
5.7850
5.5620
5.4610
5.2460
5.0530
5.0360
5.1260
5.0810
4.9920
4.8450
4.7690
4.8500
4.9490
5.0760
5.1790
5.2060
5.2730
5.3720
5.4570
5.7140
5.8570
6.0920
6.3780
6.4940
6.6180
6.3880
6.2800
6.2410
6.3730
6.4120
6.3940
6.3360
6.2100
6.2270
5.9530
5.8940
5.9210
6.2200
6.5640
6.8060
7.1840
7.0770
6.9310
6.9490
6.7910
6.7720
6.3420
6.3040
6.2040
6.0940
5.9390
5.8750
5.7270
5.6870
5.4770
5.5290
5.6280
5.3400
5.1140
5.2900
5.2580
4.8920
4.7110
4.6570
5.1970
5.7810
5.9530
6.0480
5.6180
5.6110
5.0580
5.2180
5.2310
4.8460
4.8190
4.3510
3.6540
3.3340
2.8310
3.0360
3.1530
3.7150
4.1450
4.3080
4.6370
5.2060
5.2450
5.2870
5.3040
5.1020
4.4880
4.9380
5.1870
5.2370
5.3890
5.5800
5.5360
5.3200
5.5380
5.5010
5.5650
5.7950
5.7040
5.6570
5.4290
5.3200
4.9380
4.9440
4.8690
4.7620
4.6320
4.6540
4.7270
4.8900
4.9200
4.9300
4.9750
5.0280
5.2570
5.2580
5.2300
5.2620
5.1820
5.0780
4.9730
4.8650
4.7380
4.5600
4.4680
4.5100
4.4460
4.4230
4.5690
4.4800
4.4210
4.5160
4.5730
4.5980
4.6650
4.6970
4.5910
4.4920
4.4390
4.3770
4.3280
4.3310
4.3120
4.3110
4.2800
4.2480
4.2530
4.2430
4.2530
4.3080
4.3690
4.4140
4.4640
4.5070
4.5610
4.6140
4.7040
4.8220
4.9330
5.0140
5.0610
5.0380
5.0370
5.1200
5.1690
5.2300
5.2980
5.3520
5.4570
5.4970
5.4830
5.4930
5.5030
5.4700
5.4510
5.3780
5.4000
5.4110
5.3620
5.3000
5.2430
5.2040
5.2590
5.2420
5.2350
5.2210
5.1930
5.2150
5.1360
5.0640
5.0790
5.0470
5.0460
5.1000
5.1810
5.2630
5.3130
5.3930
5.5020
5.5410
5.5780
5.6080
5.6180
5.6160
5.5590
5.6080
