883.2100
899.6700
894.0600
895.9800
896.8300
896.9300
912.4700
922.9700
930.0900
930.1600
925.6900
940.7800
934.0700
939.8300
934.9300
951.6200
962.6300
966.7500
975.7600
979.2800
983.7900
995.6100
1004.0000
1012.9000
1012.9000
1011.8000
1017.7000
1019.8000
1029.2000
1028.4000
1030.7000
1034.5000
1037.1000
1041.5000
1042.4000
1046.6000
1045.2000
1043.1000
1043.8000
1024.3000
1009.6000
1000.9000
994.0100
989.3900
979.1300
969.4400
956.7800
947.7000
940.7200
933.8500
928.4500
924.1300
919.5700
909.6800
898.4400
895.7800
887.7000
877.7700
873.0200
863.3900
858.3800
851.1600
854.1300
852.6600
847.2400
852.7100
854.5000
861.8800
873.2700
876.8200
873.5600
883.1500
894.6500
893.8000
901.6600
911.2300
921.0200
930.2100
937.8000
936.3300
942.9500
954.6900
964.3600
968.8400
973.6500
978.9600
978.0900
945.3600
919.3100
907.4800
902.7700
908.1300
901.8300
886.4800
863.6800
851.7800
851.4500
852.1900
853.4200
849.5000
838.6800
830.3600
826.5000
828.6900
830.3500
827.7100
827.4700
823.0800
823.1000
824.3300
823.1900
846.0000
864.2300
868.7200
868.3600
859.2000
859.8700
864.5200
874.2300
876.0300
867.7600
864.4000
861.3700
856.1800
857.8200
855.9500
853.1100
846.1600
842.8700
840.7300
837.5000
835.9900
828.8600
820.9200
812.9400
786.6400
763.3300
746.3500
737.3900
732.2000
727.9500
726.6800
715.3600
703.7000
695.0700
681.1100
675.0500
674.3200
661.9900
651.0300
636.3600
640.0000
633.8900
629.9100
622.1700
606.3200
590.1400
596.6700
588.5200
598.8700
618.0200
655.7500
673.9000
655.8800
643.4900
671.6600
675.7100
668.1700
697.3200
737.5000
748.9500
734.0500
734.1800
734.3300
749.2400
750.7300
764.4000
791.4800
797.4100
794.0800
788.4500
783.8200
797.9000
752.3700
714.4600
686.2900
695.1700
711.5400
696.9100
662.9500
624.8900
602.4400
617.6800
621.9100
605.5300
587.6700
568.2000
562.2800
542.9100
541.9900
523.9100
539.0800
551.8700
554.9900
559.1800
561.8500
568.3700
590.5900
625.8900
649.7400
652.6200
676.1300
674.8900
712.5800
743.1300
762.7500
787.7900
815.4700
822.4100
825.6500
836.1600
877.8400
909.7100
921.3300
943.8500
960.6100
957.9500
953.9900
947.8400
932.5400
940.0200
889.8200
839.3500
822.6600
796.0900
802.5700
774.3800
773.9900
724.8900
693.2100
692.8300
662.5500
680.8700
700.3700
691.8300
693.3000
663.8300
677.3100
641.8100
611.4900
607.4000
618.1000
587.6700
594.4700
584.3900
601.2900
629.9700
685.2400
661.4600
654.0400
666.4900
671.9400
688.9900
724.7700
753.9500
749.9200
757.7100
743.7500
729.4600
751.6500
771.1500
802.1100
815.3000
855.2600
854.9700
861.5800
872.0200
868.9200
867.4900
835.7300
794.6500
773.6700
764.0600
767.0200
761.3700
734.2200
714.0800
701.0100
695.7900
698.3400
704.1000
724.6700
728.9300
732.7000
740.6000
744.7300
742.7100
746.8700
756.1500
743.6900
745.9600
748.2300
746.1900
778.4000
809.6400
822.3900
823.3000
825.1700
839.5300
859.1400
886.3500
909.8300
915.1000
920.7400
923.6700
917.9000
919.6900
923.1000
927.3000
929.7300
925.9900
928.3700
923.5400
924.3900
926.0600
922.5100
926.8200
907.4700
887.2000
880.6100
877.0800
878.4900
881.0000
878.0400
861.3900
859.1300
862.3800
860.2600
861.0000
862.0000
865.6800
869.3700
868.6900
867.1300
872.6800
873.5400
889.0600
884.4800
883.3400
891.4900
895.1600
920.2500
942.7300
943.6900
950.2400
948.6300
954.8200
968.2600
979.0500
1002.6000
1019.6000
1025.1000
1039.3000
1026.2000
1019.0000
1021.2000
1023.5000
1034.6000
1037.0000
1033.8000
1036.6000
1041.0000
1050.9000
1059.9000
1070.1000
1047.5000
1011.1000
