1.3618
1.2342
1.1108
1.1644
1.0889
1.1132
1.1277
1.0723
1.1029
1.1682
1.2181
1.2318
1.2827
1.2887
1.3634
1.4464
1.5586
1.5890
1.6267
1.4937
1.2935
1.4072
1.5519
1.7150
1.9042
2.1092
2.2214
2.3646
2.5357
2.6730
2.8131
2.9697
3.1436
3.3063
3.4396
3.5725
3.7037
3.9004
4.1275
4.2980
4.4843
4.6481
4.7973
4.9563
5.1037
5.3059
5.7122
5.8927
5.8736
5.9975
6.0714
6.1619
6.2878
6.4629
6.6655
6.8580
7.0454
7.2159
7.3769
7.5240
7.6837
7.8246
7.9424
8.0920
8.2794
8.2296
7.9062
7.7893
7.7192
7.6397
7.5888
7.6330
7.7159
7.6268
7.6021
7.6259
7.7011
7.8712
7.9869
7.8847
7.9520
8.0604
8.0182
8.0382
8.0593
8.0598
7.9958
7.9547
7.9215
7.8564
7.8789
7.9314
7.9722
7.9622
7.9122
7.8585
7.8491
7.8885
7.8756
7.8369
7.7727
7.5886
7.5311
7.5634
7.6587
7.8406
8.0188
8.1317
8.2255
8.3030
8.3378
8.2698
8.0014
7.7386
7.2909
6.7153
6.4384
6.4477
6.3284
6.2252
6.2751
6.3058
6.2605
6.1537
5.9840
5.7870
5.6181
5.4940
5.4017
5.3090
5.2764
5.3267
5.5159
5.8121
6.2600
6.6480
7.0459
7.5320
8.0092
8.5342
9.0148
9.3686
9.6132
10.0069
10.3356
10.6296
10.8974
11.0709
11.2370
11.4345
11.6111
11.4485
11.4083
11.4292
11.4229
11.6603
11.6074
11.2500
11.0460
10.8560
10.5456
10.1198
9.5089
9.2602
9.2606
8.8881
8.7681
8.3787
8.0250
7.8646
7.5241
7.2171
7.1910
7.3335
7.2627
7.1206
6.8876
6.7672
6.8963
7.0526
7.2536
7.4177
7.4610
7.5676
7.7248
7.8587
8.2664
8.4929
8.8673
9.3211
9.5044
9.7018
9.3362
9.1652
9.1034
9.3117
9.3747
9.3450
9.2540
9.0543
9.0807
8.6465
8.5523
8.5956
9.0694
9.6162
9.9998
10.5988
10.4295
10.1972
10.2265
9.9764
9.9462
9.2632
9.2024
9.0440
8.8703
8.6244
8.5216
8.2875
8.2232
7.8905
7.9728
8.1305
7.6727
7.3144
7.5945
7.5437
6.9623
6.6754
6.5897
7.4461
8.3723
8.6461
8.7967
8.1143
8.1033
7.2258
7.4802
7.5006
6.8896
6.8461
6.1047
4.9976
4.4899
3.6923
4.0173
4.2033
5.0942
5.7766
6.0353
6.5575
7.4611
7.5233
7.5892
7.6156
7.2958
6.3220
7.0359
7.4306
7.5095
7.7505
8.0541
7.9845
7.6415
7.9870
7.9291
8.0307
8.3957
8.2504
8.1761
7.8152
7.6412
7.0359
7.0450
6.9258
6.7563
6.5501
6.5845
6.7000
6.9588
7.0073
7.0221
7.0934
7.1786
7.5416
7.5428
7.4988
7.5503
7.4229
7.2571
7.0905
6.9198
6.7174
6.4363
6.2897
6.3569
6.2540
6.2178
6.4494
6.3079
6.2150
6.3663
6.4559
6.4959
6.6024
6.6525
6.4848
6.3270
6.2436
6.1445
6.0669
6.0715
6.0417
6.0410
5.9918
5.9402
5.9477
5.9318
5.9478
6.0362
6.1329
6.2042
6.2840
6.3520
6.4365
6.5217
6.6645
6.8511
7.0277
7.1552
7.2310
7.1939
7.1921
7.3239
7.4015
7.4995
7.6065
7.6922
7.8583
7.9228
7.9002
7.9153
7.9320
7.8798
7.8498
7.7338
7.7678
7.7859
7.7076
7.6092
7.5190
7.4576
7.5452
7.5173
7.5062
7.4846
7.4400
7.4742
7.3496
7.2350
7.2589
7.2086
7.2074
7.2927
7.4202
7.5506
7.6307
7.7575
7.9305
7.9918
8.0509
8.0988
8.1141
8.1110
8.0205
8.0990
