-8.9614
-8.9864
-8.9987
-9.0069
-9.0193
-9.0281
-9.0342
-9.0334
-9.0256
-9.0219
-9.0229
-9.0288
-9.0329
-9.0373
-9.0428
-9.0529
-9.0602
-9.0690
-9.0826
-9.2013
-9.1456
-8.8951
-8.6689
-8.4848
-8.3682
-8.2822
-8.1748
-8.0650
-7.9796
-7.9066
-7.8356
-7.7743
-7.7212
-7.6713
-7.6146
-7.5596
-7.5137
-7.5127
-7.5315
-7.5201
-7.5262
-7.5407
-7.5432
-7.5409
-7.5181
-7.5206
-7.6027
-7.5905
-7.5141
-7.4943
-7.4229
-7.3526
-7.3241
-7.3030
-7.2789
-7.2776
-7.2601
-7.2014
-7.1605
-7.0783
-7.0232
-7.0133
-7.0572
-7.0814
-7.0622
-7.1156
-7.1755
-7.2584
-7.3551
-7.4752
-7.6036
-7.7496
-7.8803
-7.9859
-8.0810
-8.1595
-8.2181
-8.2592
-8.2622
-8.2429
-8.2589
-8.3073
-8.3487
-8.3673
-8.3747
-8.3900
-8.4151
-8.4446
-8.4398
-8.4150
-8.3657
-8.3042
-8.2654
-8.2484
-8.2260
-8.1802
-8.1061
-8.0498
-7.9955
-7.9260
-7.8558
-7.8317
-7.7492
-7.6925
-7.6981
-7.7524
-7.8331
-7.8989
-7.9306
-7.9223
-7.9089
-7.9368
-8.0214
-8.0638
-8.0928
-7.9483
-7.7227
-7.3825
-7.0425
-6.6520
-6.2377
-5.7955
-5.3817
-5.0124
-4.6713
-4.3194
-3.9922
-3.6985
-3.4623
-3.2687
-3.1430
-3.1012
-3.1031
-3.1339
-3.2119
-3.1909
-3.1578
-3.1287
-3.1563
-3.2481
-3.4060
-3.5689
-3.7581
-3.9602
-4.2348
-4.5160
-4.7545
-4.9662
-5.1373
-5.3475
-5.5623
-5.8383
-6.1045
-6.2284
-6.2950
-6.3085
-6.3887
-6.4690
-6.4839
-6.5237
-6.6380
-6.6569
-6.6171
-6.6231
-6.6762
-6.7832
-6.8571
-6.9184
-6.9258
-6.9233
-6.9303
-6.9495
-6.9679
-7.0069
-7.0587
-7.0946
-7.1327
-7.1734
-7.1827
-7.1688
-7.1879
-7.2087
-7.2098
-7.2071
-7.2117
-7.2537
-7.2797
-7.2661
-7.3363
-7.4471
-7.5267
-7.6132
-7.6922
-7.7428
-7.7577
-7.7921
-7.8369
-7.8574
-7.8494
-7.8427
-7.8540
-7.8634
-7.8830
-7.8747
-7.9525
-8.1487
-8.3614
-8.4933
-8.5346
-8.5134
-8.6014
-8.7853
-8.9571
-9.1256
-9.2748
-9.4255
-9.5715
-9.6282
-9.6358
-9.5550
-9.3878
-9.2695
-9.2548
-9.4163
-9.5486
-9.6455
-9.7389
-9.8136
-9.7766
-9.6738
-9.8440
-10.1592
-10.0802
-9.6919
-9.2321
-8.8404
-8.5587
-8.4901
-8.3741
-8.2421
-8.2007
-8.2309
-8.2883
-8.3261
-8.3596
-8.3081
-8.2326
-8.2281
-8.2344
-8.2828
-8.2130
-8.1846
-8.1172
-8.1162
-8.1687
-8.2489
-8.3755
-8.4495
-8.4787
-8.4781
-8.4396
-8.3768
-8.3289
-8.3203
-8.3183
-8.3175
-8.3086
-8.2823
-8.2429
-8.2028
-8.1691
-8.1551
-8.1600
-8.1701
-8.1788
-8.1953
-8.2106
-8.2153
-8.2193
-8.2242
-8.2198
-8.2067
-8.1949
-8.1830
-8.1725
-8.1633
-8.1585
-8.1518
-8.1603
-8.1802
-8.2049
-8.2335
-8.2647
-8.2966
-8.3275
-8.3567
-8.3830
-8.4043
-8.4192
-8.4269
-8.4220
-8.4118
-8.4012
-8.3897
-8.3900
-8.4114
-8.4450
-8.4613
-8.4680
-8.4637
-8.4613
-8.4565
-8.4450
-8.4224
-8.3859
-8.3372
-8.2717
-8.1977
-8.1254
-8.0561
-7.9912
-7.9296
-7.8641
-7.7973
-7.7385
-7.6668
-7.6031
-7.5550
-7.5247
-7.5078
-7.5053
-7.5095
-7.5157
-7.5248
-7.5319
-7.5493
-7.5678
-7.5769
-7.5649
-7.5487
-7.5472
-7.5669
-7.6037
-7.6470
-7.6878
-7.7268
-7.7662
-7.8136
-7.8682
-7.9279
-7.9818
-8.0339
-8.0994
-8.1524
-8.2179
-8.2563
-8.2812
-8.2909
-8.2933
-8.2981
-8.3100
-8.3273
-8.3450
-8.3603
-8.3690
-8.3654
-8.3545
-8.3576
-8.3722
-8.3898
-8.4050
-8.4191
-8.4338
-8.4495
-8.4679
-8.4856
-8.4968
