-1.2725
-1.1542
-1.0244
-1.0314
-0.9492
-1.0027
-1.0333
-1.0119
-1.0820
-1.1620
-1.2172
-1.2318
-1.2816
-1.2852
-1.3579
-1.4403
-1.5417
-1.5662
-1.6047
-1.4703
-1.2506
-1.3718
-1.5400
-1.7106
-1.9028
-2.1092
-2.2213
-2.3645
-2.5357
-2.6712
-2.8091
-2.9642
-3.1354
-3.2919
-3.4137
-3.5343
-3.6532
-3.8381
-4.0584
-4.2399
-4.4452
-4.6232
-4.7824
-4.9498
-5.0990
-5.3032
-5.7089
-5.8721
-5.8552
-5.9777
-6.0513
-6.1457
-6.2669
-6.4398
-6.6404
-6.8141
-6.9884
-7.1356
-7.2382
-7.3258
-7.3821
-7.4126
-7.3868
-7.4042
-7.4310
-7.2368
-6.8164
-6.5125
-6.1955
-5.9134
-5.6916
-5.3644
-4.9687
-4.6789
-4.5307
-4.4473
-4.3839
-4.2991
-4.1777
-4.0794
-3.9139
-3.7218
-3.5462
-3.4747
-3.4250
-3.3369
-3.2141
-3.0503
-3.0074
-3.0401
-3.1812
-3.3495
-3.4659
-3.5308
-3.5927
-3.7086
-3.9001
-4.0753
-4.2417
-4.4808
-4.7481
-4.9686
-5.1599
-5.3246
-5.4245
-5.4781
-5.4164
-5.3429
-5.3162
-5.3163
-5.3022
-5.2190
-4.9696
-4.6386
-4.2442
-3.7971
-3.5957
-3.5011
-3.3656
-3.2740
-3.2894
-3.2664
-3.2782
-3.3260
-3.3514
-3.3566
-3.4067
-3.4859
-3.6131
-3.7532
-4.0204
-4.3541
-4.7601
-5.2139
-5.7797
-6.2314
-6.6210
-7.0939
-7.5749
-8.1081
-8.5645
-8.8813
-9.1301
-9.5348
-9.9057
-10.2253
-10.4877
-10.6209
-10.7615
-10.9317
-11.1153
-11.0034
-10.9821
-10.8935
-10.8414
-10.9695
-10.9032
-10.4633
-10.1776
-9.9983
-9.6163
-8.9120
-8.0318
-7.6079
-7.7434
-7.1372
-6.9793
-6.6598
-5.9697
-5.4138
-5.1682
-5.0969
-5.3209
-5.3776
-5.2828
-5.2666
-5.1992
-5.1099
-5.1404
-5.4357
-5.9573
-6.3966
-6.4612
-6.7653
-7.0577
-7.4771
-8.0484
-8.2989
-8.7124
-9.2015
-9.4079
-9.5997
-9.2424
-9.0862
-9.0468
-9.2773
-9.3618
-9.2938
-9.2001
-8.9934
-9.0543
-8.6084
-8.5391
-8.5937
-9.0682
-9.6154
-9.9954
-10.5977
-10.4295
-10.1892
-10.2167
-9.9760
-9.8492
-9.0960
-8.8874
-8.6601
-8.4618
-8.2457
-8.1913
-8.2027
-8.2124
-7.7355
-7.6302
-7.9106
-7.5199
-7.2116
-7.4604
-7.4358
-6.9488
-6.6103
-6.2255
-6.8415
-7.1728
-7.1461
-7.7044
-7.2674
-7.6035
-7.0630
-7.3583
-7.3912
-6.8416
-6.8180
-6.1047
-4.8687
-4.0110
-2.9730
-2.8507
-2.2370
-2.2997
-2.8364
-2.6181
-2.6468
-3.0569
-3.4861
-3.2597
-3.3909
-3.2192
-2.5065
-2.9490
-3.2476
-3.5626
-4.0274
-4.3070
-4.1830
-4.2315
-4.4585
-4.5981
-4.7827
-4.9486
-4.9157
-5.1041
-5.1735
-5.1984
-5.0119
-5.0995
-5.1292
-5.0727
-5.0434
-4.9863
-4.9574
-5.0015
-5.0546
-5.1650
-5.2352
-5.2611
-5.3661
-5.3932
-5.4543
-5.5274
-5.5671
-5.5330
-5.4512
-5.3903
-5.3359
-5.1677
-5.0426
-5.0234
-4.9408
-4.8882
-5.0445
-5.1082
-5.1914
-5.3547
-5.4322
-5.5265
-5.6703
-5.7809
-5.6723
-5.6541
-5.7136
-5.7417
-5.7633
-5.8161
-5.8303
-5.8758
-5.8623
-5.8338
-5.8670
-5.8694
-5.8984
-5.9944
-6.1027
-6.1750
-6.2534
-6.3123
-6.3833
-6.4619
-6.5946
-6.7670
-6.9307
-7.0497
-7.1219
-7.0986
-7.1027
-7.2230
-7.3128
-7.4245
-7.5389
-7.6308
-7.7923
-7.8646
-7.8547
-7.8739
-7.8867
-7.8371
-7.8104
-7.7076
-7.7337
-7.7490
-7.6868
-7.6029
-7.5187
-7.4576
-7.5445
-7.5143
-7.4996
-7.4709
-7.4198
-7.4565
-7.3124
-7.1734
-7.2157
-7.1640
-7.1580
-7.2624
-7.3969
-7.5106
-7.5766
-7.7028
-7.8811
-7.9281
-7.9784
-8.0097
-7.9998
-7.9644
-7.8464
-7.9525
