0.4850
0.4370
0.4296
0.5403
0.5337
0.4837
0.4516
0.3548
0.2133
0.1206
0.0485
-0.0118
-0.0536
-0.0958
-0.1217
-0.1330
-0.2291
-0.2680
-0.2669
-0.2634
-0.3305
-0.3133
-0.1920
-0.1223
-0.0731
-0.0097
0.0167
0.0186
-0.0198
-0.0969
-0.1502
-0.1795
-0.2268
-0.3084
-0.4214
-0.5213
-0.6099
-0.6942
-0.7518
-0.7046
-0.5910
-0.4801
-0.3783
-0.2547
-0.2192
-0.1669
0.1946
0.4919
0.4647
0.4879
0.4938
0.4476
0.5120
0.5464
0.5780
0.7742
0.8944
1.0733
1.4239
1.7159
2.1317
2.5054
2.9184
3.2648
3.6508
3.9186
4.0056
4.2733
4.6045
4.8370
5.0195
5.4301
5.9031
6.0230
6.1045
6.1949
6.3316
6.5934
6.8072
6.7474
6.9221
7.1497
7.1914
7.2485
7.2954
7.3367
7.3214
7.3466
7.3284
7.2444
7.2081
7.1895
7.1794
7.1365
7.0495
6.9284
6.8115
6.7543
6.6357
6.4296
6.1539
5.7358
5.4858
5.3716
5.4065
5.6094
5.9131
6.1301
6.2767
6.3779
6.4347
6.4150
6.2710
6.1943
5.9282
5.5386
5.3408
5.4144
5.3593
5.2948
5.3438
5.3938
5.3336
5.1774
4.9575
4.7141
4.4673
4.2465
4.0155
3.7548
3.4172
3.0684
2.7869
2.5683
2.4048
2.3165
2.4097
2.5311
2.6016
2.6630
2.8137
2.9820
3.0090
3.0373
2.9497
2.9035
2.9598
3.1245
3.2342
3.3535
3.3568
3.1613
3.0891
3.4581
3.5984
3.9537
3.9816
4.1331
4.2932
4.2291
4.3284
4.7945
5.0900
5.2793
5.0792
5.2971
5.3074
5.0843
5.3631
5.7046
5.4682
5.1097
4.8373
4.9861
4.9839
4.7923
4.5176
4.4367
4.5973
4.4935
4.1383
3.7559
3.7310
3.3911
3.1403
2.4192
1.8859
1.8052
1.6503
1.4879
1.3509
1.4037
1.3199
1.2002
1.0132
0.7998
0.4907
0.9766
0.9977
1.0488
0.6924
0.8108
0.4744
0.1788
-0.1445
-0.1201
-0.2944
-0.1497
0.0099
0.4034
0.4481
-0.0971
1.3853
1.7525
2.3869
2.6069
2.6610
2.5279
2.3495
1.1823
-0.4227
-1.5564
-2.3123
-1.8782
-1.5234
-1.2218
-1.4209
-1.2714
-0.4332
0.9304
2.1604
2.9389
4.3181
4.8671
4.2455
3.6093
2.8019
1.5250
1.3453
1.2764
0.8114
0.6192
-0.0133
-1.1274
-2.0178
-2.1896
-2.8305
-3.5586
-4.5456
-5.0322
-5.4378
-5.9996
-6.8062
-6.6669
-6.8535
-6.8190
-6.5472
-5.8039
-6.3880
-6.6833
-6.6106
-6.6219
-6.8057
-6.8011
-6.3629
-6.6267
-6.4597
-6.4512
-6.7822
-6.6261
-6.3872
-5.8577
-5.6004
-4.9381
-4.8607
-4.6539
-4.4626
-4.1794
-4.3003
-4.5071
-4.8384
-4.8532
-4.7573
-4.7863
-4.8839
-5.2990
-5.2733
-5.1461
-5.1435
-4.9098
-4.6958
-4.5343
-4.3392
-4.0806
-3.8367
-3.7594
-3.8956
-3.8341
-3.8428
-4.0185
-3.7008
-3.4169
-3.4435
-3.4886
-3.4138
-3.3822
-3.2919
-3.1428
-2.8393
-2.5174
-2.1880
-1.8953
-1.7424
-1.5845
-1.4028
-1.2386
-1.1190
-0.9764
-0.8580
-0.7647
-0.7086
-0.6076
-0.6009
-0.6194
-0.7095
-0.8261
-0.8812
-0.9625
-1.0704
-1.1636
-1.2240
-1.2512
-1.1672
-1.1303
-1.2114
-1.1418
-1.0581
-1.0122
-0.9697
-1.0166
-0.9583
-0.8464
-0.8087
-0.8471
-0.8189
-0.7854
-0.6366
-0.7270
-0.7563
-0.5660
-0.3091
-0.0665
-0.0059
0.1030
0.2129
0.3148
0.4517
0.5479
0.5145
0.7382
0.9425
0.7910
0.8004
0.8426
0.6638
0.5874
0.7764
0.9070
0.9197
0.8833
1.0067
1.0782
1.1976
1.3573
1.5352
1.6619
1.5336
