1.6390
1.6800
1.6760
1.6600
1.6590
1.7810
1.7950
1.9340
2.1130
2.2200
2.3760
2.4560
2.5430
2.6240
2.6180
2.7150
2.7420
2.7510
2.6780
2.4210
2.5060
2.5310
2.5770
2.6380
2.6880
2.7810
2.8260
2.8180
2.8120
2.8260
2.8390
2.8560
2.8930
2.9590
3.0410
3.1130
3.1850
3.2750
3.3740
3.4450
3.5030
3.5630
3.6150
3.6490
3.6620
3.6800
3.7150
3.7590
3.7860
3.7930
3.8150
3.8410
3.8550
3.8740
3.8770
3.8830
3.8840
3.8540
3.8130
3.7720
3.7290
3.6540
3.5600
3.4960
3.4330
3.3410
3.3100
3.4320
3.4740
3.5650
3.6580
3.7090
3.7550
3.8230
3.8870
3.8770
3.8680
3.8750
3.8810
3.9880
4.1300
4.3020
4.5050
4.6290
4.6900
4.6080
4.4760
4.4760
4.5450
4.6550
4.7220
4.7750
4.8560
4.9490
5.0130
5.0220
5.0420
5.1300
5.3080
5.3900
5.4180
5.3990
5.3530
5.2830
5.2490
5.2590
5.3150
5.3940
5.4840
5.5340
5.5830
5.6560
5.5720
5.3030
5.2080
4.7410
4.2000
3.8300
3.5740
3.6310
3.8080
3.7180
3.6410
3.6900
3.6850
3.6740
3.7340
3.6740
3.6840
3.7030
3.6930
3.7470
3.7880
3.8580
3.9510
4.1230
4.2720
4.3610
4.4920
4.6070
4.6930
4.7610
4.8540
5.0010
5.0750
5.1850
5.2700
5.3360
5.5460
5.7390
5.8410
5.8670
6.0170
6.1230
6.3230
6.4490
6.4690
6.5190
6.5370
6.5030
6.6750
6.8110
6.9480
6.9460
6.9210
7.0180
6.8980
7.0320
7.1370
7.1860
7.2820
7.3020
7.2840
7.3350
7.3810
7.4460
7.5170
7.5130
7.4530
7.5320
7.5980
7.7330
7.8410
7.8270
7.8790
7.9530
8.0730
8.1060
8.1130
8.0520
8.1200
8.1010
8.1570
8.2390
8.1810
8.0850
8.0300
7.9680
7.7320
7.5430
7.5210
7.5050
7.4190
7.2720
7.2620
7.2250
7.1930
7.0550
6.8380
6.8130
6.3040
5.7510
5.4260
5.4310
5.6500
5.5110
5.4330
5.3980
5.4450
5.4930
5.5340
5.5070
5.4250
5.3690
5.3440
5.2670
5.1930
5.2070
5.1980
5.1900
5.2370
5.2490
5.2710
5.4080
5.5720
5.6770
5.7130
5.6770
5.5070
5.3890
5.5050
5.8120
5.5030
5.5350
5.5390
5.5410
5.5180
5.7940
5.5440
5.7490
5.5550
5.7900
6.1850
6.7380
7.3050
6.6250
6.0980
5.8360
5.9010
5.7650
5.6130
5.4530
5.6940
5.7510
5.8840
6.0370
6.2110
6.3350
6.4020
6.7220
6.6430
6.5530
6.5980
6.7570
7.0830
7.2300
7.0170
6.8060
6.5530
6.3650
6.1640
5.9510
5.8630
5.6980
5.5400
5.4630
5.4280
5.3240
5.2020
5.1860
5.1880
5.1610
5.0880
5.1490
5.2940
5.4500
5.6110
5.7740
5.8660
5.9920
5.9730
5.8580
5.7310
5.5280
5.1650
4.9980
4.5670
4.0140
3.7780
3.8060
4.0080
4.0730
4.1930
4.4270
4.5130
4.5930
4.6400
4.6130
4.6400
4.6750
4.6820
4.6980
4.7230
4.7430
4.7960
4.8860
5.0020
5.1180
5.2110
5.2680
5.2890
5.2990
5.2880
5.3140
5.3430
5.3630
5.4340
5.4610
5.3920
5.5550
5.7680
5.8480
5.8730
5.9190
5.8810
5.2230
5.1090
5.3170
5.4730
5.6660
6.1320
5.9550
5.7820
5.6240
5.6010
5.7350
6.1310
6.4700
6.7320
6.8970
6.9200
6.7970
6.8890
7.2210
7.2180
7.1850
7.1700
7.1560
7.1370
7.1250
7.1470
7.1820
7.1970
7.2020
7.1850
7.1670
7.1700
