428.4100
392.2700
393.4500
428.7900
421.6900
427.2300
431.1200
449.8800
436.0200
434.8100
460.3900
463.0000
452.5000
447.0000
448.8700
462.8600
475.7600
477.0300
466.9900
465.8400
459.7900
462.2600
466.5000
466.2600
459.0200
450.8300
454.4200
453.9000
459.8800
467.5200
469.4700
468.3700
469.6200
475.2000
478.6500
484.4200
483.0000
479.0400
477.4100
461.9700
453.7500
448.6800
446.4900
442.2600
435.1700
429.0300
416.1000
405.7100
397.3700
387.3100
379.1300
377.5700
372.9200
366.6700
358.4400
350.4400
346.6700
342.6300
342.5800
341.8400
338.0100
339.2200
342.8900
335.0700
336.3700
340.3900
346.5200
343.2800
346.9900
341.3500
336.8800
340.2000
345.4500
350.7800
350.9000
365.6300
377.5900
384.0400
393.6700
396.9400
400.2200
407.6200
416.1300
424.3900
427.7600
433.4400
438.2500
410.7000
385.3400
373.5100
368.7900
372.0600
368.8400
358.0800
343.3700
337.0900
339.3900
339.0400
340.5400
347.7100
346.8200
346.5400
342.4900
342.6500
342.5800
340.3400
340.6500
338.2800
337.4500
335.9100
335.5500
344.6800
352.5800
355.0400
346.9500
338.1400
334.6300
335.5500
341.1100
343.1300
338.9700
338.5400
336.4800
343.7200
350.9100
351.0100
344.9200
340.8600
333.2600
330.3800
330.2700
325.1000
316.9300
309.1200
304.1400
273.8600
252.8300
239.9000
228.4900
222.3800
208.1100
191.8300
171.2800
149.4500
138.4300
126.6000
116.4300
105.2300
86.7590
69.5260
63.5840
56.7960
48.0490
43.8270
30.5220
21.7110
22.7810
25.3280
24.6390
43.1200
57.3610
72.9940
87.9230
98.0100
111.0100
124.4600
155.1200
170.4300
174.2800
185.6800
190.3500
181.0300
175.9400
168.5100
168.3000
166.1200
166.4100
154.1200
142.9200
130.7600
130.8700
125.6300
127.5500
97.9460
54.7550
43.3710
38.5370
41.4020
30.3720
14.7460
-19.5300
-42.6000
-55.7840
-72.5790
-78.1580
-70.7180
-83.2720
-93.7850
-100.4600
-104.5900
-104.1200
-106.1700
-102.0100
-100.2500
-106.1200
-108.0200
-114.2500
-93.3550
-70.9910
-67.9250
-68.8770
-77.0570
-72.7840
-68.9880
-56.6450
-46.3000
-54.2490
-64.1620
-74.3990
-88.6930
-92.8750
-94.8280
-95.4230
-96.8370
-101.6300
-105.4300
-113.4100
-115.6800
-117.9200
-124.7500
-128.0200
-161.1100
-189.3700
-200.2900
-208.1800
-208.5700
-220.4000
-235.4400
-260.1400
-276.9800
-287.0000
-285.1300
-273.1900
-282.4500
-277.1000
-285.8700
-280.4500
-267.7100
-261.5500
-258.8300
-251.1100
-257.9600
-249.9100
-245.3300
-228.7300
-192.0700
-174.9800
-170.9900
-149.0400
-136.1800
-103.5200
-82.8300
-57.0370
-38.3790
-30.1400
-14.6320
3.2126
-0.3186
-4.4175
6.9675
16.6620
27.3180
25.2150
25.2780
22.8920
25.6440
39.2960
54.4860
65.9460
38.3570
11.0290
3.9541
11.1730
24.8180
25.5810
16.3950
0.8857
-7.0706
-0.1791
4.5616
16.8530
34.6580
40.0350
43.3530
44.2930
49.1880
56.6200
66.2170
78.8150
90.2540
99.3250
113.7100
128.5200
180.8000
221.6900
245.9100
263.1400
270.5100
286.1300
312.3000
346.8600
370.0500
380.0300
393.9100
406.1000
399.1800
408.8800
419.4000
415.3300
414.6800
407.7400
401.4800
390.7100
387.2300
387.2700
386.3200
390.2700
374.7400
357.7400
347.5200
341.2400
343.6600
338.5600
330.1100
320.0400
308.9900
307.2200
307.5300
306.5400
308.8600
306.7400
304.5500
305.0000
305.8800
308.6400
306.3200
307.0700
305.6600
306.3500
310.6800
311.8400
333.8000
352.3500
364.0300
372.7200
378.1300
391.7400
405.6400
421.6900
436.1000
447.6400
460.5900
468.5200
471.4600
481.6600
490.2200
497.4900
503.4400
508.2900
514.1900
517.8400
526.0000
534.8400
544.0300
554.3200
529.6700
508.8300
