1.8006
1.8658
1.8593
1.8343
1.8321
2.0256
2.0476
2.2685
2.5529
2.7222
2.9703
3.0973
3.2347
3.3639
3.3543
3.5086
3.5509
3.5649
3.4491
3.0411
3.1758
3.2166
3.2884
3.3863
3.4657
3.6133
3.6844
3.6721
3.6625
3.6836
3.7045
3.7313
3.7899
3.8948
4.0255
4.1391
4.2540
4.3973
4.5540
4.6662
4.7588
4.8539
4.9361
4.9900
5.0101
5.0387
5.0953
5.1647
5.2068
5.2180
5.2538
5.2945
5.3167
5.3472
5.3519
5.3619
5.3631
5.3156
5.2504
5.1850
5.1168
4.9976
4.8480
4.7473
4.6472
4.5010
4.4527
4.6452
4.7121
4.8562
5.0041
5.0848
5.1575
5.2667
5.3681
5.3512
5.3372
5.3482
5.3582
5.5283
5.7525
6.0268
6.3488
6.5452
6.6426
6.5115
6.3021
6.3015
6.4112
6.5865
6.6927
6.7764
6.9054
7.0523
7.1546
7.1692
7.2009
7.3395
7.6221
7.7534
7.7975
7.7675
7.6946
7.5836
7.5286
7.5453
7.6332
7.7586
7.9011
7.9810
8.0582
8.1754
8.0410
7.6145
7.4643
6.7227
5.8637
5.2775
4.8702
4.9620
5.2423
5.0997
4.9771
5.0543
5.0477
5.0304
5.1247
5.0300
5.0449
5.0752
5.0591
5.1454
5.2104
5.3221
5.4687
5.7423
5.9778
6.1201
6.3281
6.5097
6.6462
6.7541
6.9026
7.1353
7.2524
7.4267
7.5617
7.6662
7.9995
8.3068
8.4678
8.5098
8.7482
8.9151
9.2337
9.4324
9.4647
9.5444
9.5721
9.5181
9.7924
10.0082
10.2244
10.2217
10.1813
10.3360
10.1460
10.3576
10.5249
10.6033
10.7545
10.7873
10.7577
10.8394
10.9124
11.0150
11.1283
11.1219
11.0258
11.1516
11.2569
11.4697
11.6420
11.6201
11.7027
11.8189
12.0097
12.0621
12.0732
11.9764
12.0849
12.0549
12.1436
12.2734
12.1816
12.0292
11.9418
11.8428
11.4696
11.1689
11.1336
11.1088
10.9720
10.7391
10.7226
10.6636
10.6143
10.3952
10.0499
10.0102
9.2032
8.3254
7.8097
7.8177
8.1654
7.9446
7.8211
7.7646
7.8397
7.9166
7.9812
7.9377
7.8087
7.7192
7.6791
7.5568
7.4401
7.4624
7.4476
7.4356
7.5096
7.5281
7.5641
7.7814
8.0418
8.2079
8.2645
8.2080
7.9382
7.7506
7.9351
8.4219
7.9320
7.9829
7.9888
7.9929
7.9552
8.3932
7.9964
8.3225
8.0139
8.3869
9.0136
9.8917
10.7910
9.7123
8.8757
8.4601
8.5636
8.3484
8.1067
7.8532
8.2352
8.3262
8.5364
8.7796
9.0554
9.2515
9.3589
9.8670
9.7414
9.5979
9.6687
9.9223
10.4384
10.6726
10.3340
9.9988
9.5988
9.3000
8.9806
8.6428
8.5038
8.2416
7.9913
7.8681
7.8127
7.6481
7.4550
7.4295
7.4313
7.3892
7.2736
7.3698
7.5998
7.8478
8.1037
8.3627
8.5076
8.7071
8.6773
8.4946
8.2931
7.9719
7.3962
7.1311
6.4470
5.5689
5.1941
5.2396
5.5594
5.6624
5.8528
6.2253
6.3611
6.4881
6.5633
6.5189
6.5631
6.6176
6.6296
6.6546
6.6948
6.7260
6.8101
6.9523
7.1370
7.3207
7.4686
7.5583
7.5921
7.6088
7.5900
7.6320
7.6784
7.7100
7.8230
7.8652
7.7553
8.0139
8.3530
8.4795
8.5191
8.5922
8.5322
7.4874
7.3063
7.6369
7.8846
8.1899
8.9295
8.6489
8.3752
8.1237
8.0882
8.2999
8.9289
9.4664
9.8827
10.1435
10.1807
9.9849
10.1311
10.6581
10.6526
10.6013
10.5776
10.5546
10.5241
10.5059
10.5407
10.5967
10.6207
10.6281
10.6017
10.5725
10.5769
