-6.1938
-6.2101
-6.2311
-6.2473
-6.2517
-6.2552
-6.2653
-6.2871
-6.3114
-6.3296
-6.3436
-6.3595
-6.3763
-6.3964
-6.4247
-6.4464
-6.4620
-6.5076
-6.5468
-6.5625
-6.3522
-6.0994
-5.8980
-5.7677
-5.6363
-5.5231
-5.4380
-5.3735
-5.3142
-5.2633
-5.2194
-5.1821
-5.1574
-5.1499
-5.1493
-5.1498
-5.1540
-5.1720
-5.2089
-5.2407
-5.2642
-5.3002
-5.3529
-5.4028
-5.4515
-5.5038
-5.5620
-5.6217
-5.6702
-5.7053
-5.7422
-5.7853
-5.8473
-5.9103
-5.9584
-5.9934
-6.0259
-6.0541
-6.0926
-6.1529
-6.2368
-6.3165
-6.3835
-6.4275
-6.4789
-6.5220
-6.5649
-6.5915
-6.5537
-6.5154
-6.5081
-6.5485
-6.5838
-6.5941
-6.5911
-6.6114
-6.6524
-6.7283
-6.8444
-6.9078
-6.9389
-6.9878
-7.0141
-7.0058
-6.9444
-6.9007
-6.8722
-6.8211
-6.7765
-6.6322
-6.5570
-6.5696
-6.5924
-6.6686
-6.7423
-6.7250
-6.6968
-6.7116
-6.7115
-6.6348
-6.5178
-6.4710
-6.5069
-6.5518
-6.5815
-6.5630
-6.4797
-6.3466
-6.2162
-6.1001
-6.0177
-5.9672
-6.0509
-6.2016
-6.1074
-5.9677
-5.6216
-5.2010
-4.7512
-4.1933
-3.6535
-3.1701
-2.6690
-2.1425
-1.7342
-1.3502
-0.9693
-0.6456
-0.3563
-0.0716
0.2000
0.4506
0.6794
0.8853
1.0750
1.2473
1.4007
1.5367
1.6686
1.7953
1.9089
2.0042
2.0791
2.1428
2.2097
2.2667
2.2896
2.2751
2.2014
2.0328
1.8423
1.6567
1.4364
1.2099
0.9144
0.5103
0.1161
-0.2890
-0.7403
-1.2472
-1.6966
-2.1994
-2.6326
-3.0582
-3.4372
-3.7504
-4.0077
-4.1919
-4.3213
-4.4205
-4.4794
-4.5369
-4.6447
-4.7466
-4.8223
-4.8701
-4.9381
-4.9936
-4.9892
-4.9310
-4.8034
-4.7108
-4.7302
-4.7286
-4.6930
-4.7015
-4.6869
-4.6187
-4.5813
-4.5562
-4.5562
-4.5066
-4.4510
-4.4193
-4.3978
-4.3988
-4.3941
-4.3824
-4.4292
-4.4923
-4.4597
-4.4185
-4.4167
-4.4307
-4.4194
-4.4050
-4.3495
-4.2460
-4.0505
-3.9154
-3.7922
-3.5272
-3.1836
-2.7678
-2.3597
-2.0074
-1.6149
-1.1819
-0.6695
-0.1247
0.3642
0.7630
1.1545
1.5521
1.8613
2.1344
2.4049
2.6621
2.9481
3.2669
3.5338
3.7578
3.9623
4.1494
4.3019
4.4134
4.4955
4.5633
4.6522
4.7886
5.0201
5.2106
5.2457
5.2455
5.2690
5.2617
5.1548
4.8470
4.6756
4.4552
4.1676
3.9500
3.7526
3.5905
3.5201
3.0380
2.6351
2.2408
2.0403
1.8686
1.5376
0.8511
0.5979
0.5536
0.3279
0.0090
-0.3119
-0.2744
-0.4477
-0.5899
-1.3844
-1.7241
-2.0929
-2.3415
-2.5433
-2.7329
-2.9821
-3.2360
-3.5173
-3.7298
-3.9642
-4.2465
-4.4499
-4.6525
-4.8901
-5.1255
-5.3478
-5.5965
-5.8303
-5.9940
-6.1293
-6.3248
-6.5274
-6.6584
-6.7332
-6.8033
-6.8085
-6.7783
-6.6684
-6.7479
-6.8326
-6.9333
-7.1015
-7.2605
-7.3628
-7.2950
-7.3296
-7.1431
-6.8776
-6.4766
-5.9992
-5.5699
-5.1066
-4.6957
-4.3721
-4.0068
-3.5867
-3.1847
-2.8098
-2.4264
-2.0417
-1.6840
-1.3619
-1.0670
-0.7891
-0.5093
-0.2303
0.0231
0.2500
0.4546
0.6566
0.8530
1.0369
1.2102
1.3741
1.5263
1.6626
1.7897
1.9167
2.0244
2.1052
2.1803
2.2258
2.2591
2.2753
2.1464
1.9769
1.7955
1.6392
1.5358
1.6162
1.4643
1.2815
1.1116
0.9444
0.7020
0.6105
0.5995
0.7596
0.7502
0.3420
-0.0591
-0.3213
-0.5047
-0.6357
-0.7573
-0.8841
-0.9720
-1.0690
-1.1367
-1.1211
-1.0651
-1.0534
-1.0884
-1.1866
-1.3597
-1.5711
