-0.6357
-0.4232
-0.1571
-0.1525
-0.0209
-0.0250
0.0322
0.2226
0.2937
0.3882
0.4395
0.5017
0.3723
0.2922
0.2099
0.1457
0.1099
0.0523
0.0491
0.1537
0.0859
-0.0937
-0.3608
-0.6670
-0.9402
-1.2692
-1.6075
-1.8158
-1.9530
-2.1089
-2.2433
-2.3650
-2.5159
-2.6494
-2.7848
-2.8910
-3.0139
-3.1656
-3.3359
-3.4337
-3.5162
-3.6326
-3.7471
-3.8256
-3.8949
-3.9755
-4.0819
-4.2176
-4.3297
-4.4514
-4.5861
-4.6785
-4.7500
-4.8369
-4.9034
-4.9882
-5.0714
-5.0719
-5.0693
-5.0626
-5.0662
-4.9904
-4.8468
-4.7324
-4.6047
-4.4350
-4.3782
-4.5296
-4.6035
-4.7282
-4.8255
-4.8504
-4.8327
-4.7815
-4.7002
-4.4865
-4.2093
-3.8989
-3.6297
-3.4739
-3.4082
-3.2613
-3.1005
-2.9553
-2.8456
-2.4110
-1.8130
-1.4027
-1.3555
-1.3262
-1.1685
-0.9762
-0.7456
-0.4773
-0.2199
-0.0101
0.1902
0.3391
0.4938
0.6817
0.8919
0.9341
0.9221
0.9749
1.1373
1.2796
1.3527
1.3916
1.3495
1.2058
1.0891
0.8800
0.6285
0.4445
0.4101
0.4156
0.3883
0.3211
0.2154
0.2350
0.2395
0.1010
-0.0069
0.0148
-0.0510
-0.1688
-0.2939
-0.3684
-0.4972
-0.6135
-0.6391
-0.7057
-0.7568
-0.8146
-0.8736
-0.9605
-1.0569
-1.1660
-1.2026
-1.2093
-1.2067
-1.2203
-1.2993
-1.3935
-1.3868
-1.3854
-1.4232
-1.5382
-1.8923
-2.3770
-2.7376
-3.0489
-3.3330
-3.6105
-3.9730
-4.3971
-4.6069
-4.6959
-4.7397
-4.8800
-4.9752
-5.0186
-4.8522
-4.4875
-4.3553
-4.2338
-3.8960
-3.8323
-3.6899
-3.4658
-3.3713
-3.2768
-3.3370
-3.3133
-3.1859
-3.0678
-2.8718
-2.6540
-2.3973
-2.1512
-2.0296
-1.9967
-1.9034
-1.6886
-1.4768
-1.3174
-1.1192
-0.9142
-0.6600
-0.3893
-0.1977
-0.1146
-0.1122
-0.0853
-0.0123
0.0049
0.0277
0.1290
0.4152
0.6474
0.7022
0.7141
0.9466
1.1128
1.1204
1.2530
1.3506
1.6562
2.1322
2.4928
2.6588
2.7706
2.8272
2.9095
3.3839
3.9685
3.9987
3.9445
4.0020
4.2881
4.6823
4.9230
5.0951
5.4064
5.6453
5.5973
5.4093
5.4381
5.5914
5.8123
6.0361
6.1704
6.2911
6.5576
6.8239
7.0047
7.0637
7.0444
7.0001
7.2484
7.6904
8.2852
7.7042
7.8410
7.8346
7.9832
7.9105
8.2534
7.9073
8.2561
7.8614
8.1772
8.8266
9.6724
10.5642
9.5346
8.7178
8.2746
8.3783
8.1675
7.8990
7.4669
7.7199
7.8363
8.0674
8.2368
8.4076
8.5809
8.6780
9.2636
9.3437
9.2301
9.3338
9.4465
9.6468
9.6118
9.3590
9.2338
9.1173
8.9116
8.6322
8.3572
8.2281
7.9669
7.6673
7.4963
7.3605
7.0740
6.7783
6.7018
6.6552
6.6063
6.5532
6.7210
6.9725
7.2143
7.4250
7.6139
7.7032
7.8909
7.8643
7.7340
7.6479
7.4592
6.9654
6.6521
6.0759
5.3557
5.0475
5.0873
5.3435
5.4419
5.6028
5.9081
6.0328
6.1461
6.2349
6.2394
6.2437
6.2477
6.2316
6.2330
6.2724
6.3565
6.5051
6.7009
6.9162
7.1191
7.2863
7.4081
7.4770
7.5292
7.5461
7.6135
7.6695
7.7064
7.8225
7.8648
7.7478
7.9874
8.3274
8.4632
8.5042
8.5710
8.4952
7.3708
7.0465
7.1772
7.2629
7.4244
8.1788
7.8844
7.5760
7.2361
7.1333
7.1516
7.7583
8.3384
8.8067
9.0330
8.7826
8.0641
8.0463
8.7027
8.7970
8.8340
8.8644
8.8566
8.8095
8.8252
8.9467
9.0840
9.1511
9.1481
9.0268
8.7879
8.4662
