-1.6847
-1.8172
-1.8527
-1.8280
-1.8320
-2.0255
-2.0473
-2.2576
-2.5360
-2.6943
-2.9376
-3.0564
-3.2132
-3.3512
-3.3477
-3.5056
-3.5492
-3.5645
-3.4488
-3.0372
-3.1747
-3.2153
-3.2685
-3.3200
-3.3357
-3.3831
-3.3152
-3.1918
-3.0983
-3.0202
-2.9480
-2.8861
-2.8344
-2.8548
-2.9069
-2.9622
-3.0022
-3.0521
-3.1000
-3.1596
-3.2066
-3.2194
-3.2132
-3.2039
-3.1514
-3.0958
-3.0496
-2.9809
-2.8922
-2.7227
-2.5631
-2.4786
-2.3884
-2.2798
-2.1445
-1.9668
-1.7445
-1.5910
-1.3673
-1.1203
-0.7182
-0.2687
0.1101
0.3749
0.6269
0.7678
0.8112
1.0299
1.0055
1.1078
1.3250
1.5261
1.8011
2.2079
2.5931
2.9165
3.2813
3.6608
3.9415
4.3005
4.6341
5.0681
5.5403
5.8400
6.0023
6.0487
6.0357
6.1434
6.2662
6.4516
6.5899
6.7057
6.8651
7.0361
7.1512
7.1692
7.1984
7.3317
7.6061
7.7234
7.7463
7.7112
7.6392
7.5207
7.4422
7.4360
7.5124
7.6327
7.7850
7.8893
7.9843
8.1279
8.0164
7.6015
7.4531
6.7098
5.8509
5.2677
4.8654
4.9565
5.2368
5.0987
4.9771
5.0543
5.0475
5.0275
5.1162
5.0165
5.0203
5.0380
5.0186
5.0968
5.1552
5.2593
5.3985
5.6614
5.8837
6.0080
6.2128
6.3963
6.5357
6.6430
6.7792
6.9979
7.1186
7.2964
7.4265
7.5103
7.7724
7.9594
8.0130
7.9448
8.0884
8.1513
8.3352
8.3448
8.2679
8.3093
8.3163
8.1719
8.4343
8.6589
8.9997
9.1840
9.2028
9.4291
9.3682
9.6225
9.8569
10.0209
10.2124
10.2776
10.2271
10.3206
10.4369
10.5791
10.7513
10.8006
10.7620
10.9421
11.0725
11.2946
11.4854
11.4967
11.6091
11.7452
11.9574
12.0274
12.0551
11.9700
12.0833
12.0543
12.1431
12.2731
12.1816
12.0292
11.9418
11.8421
11.4621
11.1501
11.1115
11.0858
10.9310
10.6813
10.6639
10.5897
10.5280
10.2624
9.8211
9.6949
8.8108
7.8509
7.2800
7.2561
7.4313
6.8824
6.7217
6.6881
6.7413
6.6546
6.4635
6.2266
5.9173
5.5097
5.2057
5.0769
5.1083
5.1102
4.9197
4.6374
4.4675
4.3126
4.1998
4.1890
4.2550
4.2784
4.2902
4.2128
3.7436
2.7447
1.9554
1.5109
1.8874
1.4981
1.5621
0.3949
-0.8421
-1.5251
-1.1905
-1.0493
-1.5559
-1.8641
-1.8264
-2.0716
-2.2008
-1.8491
-1.6668
-1.7615
-1.7718
-1.7284
-1.8234
-2.4328
-2.8674
-2.8139
-2.7906
-3.0392
-3.3634
-3.4583
-3.5046
-3.3974
-2.7551
-2.6315
-2.5226
-3.0359
-3.9874
-4.6386
-4.3819
-3.8356
-3.0021
-2.6595
-2.4771
-2.2035
-2.1480
-2.1099
-2.2525
-2.3899
-2.6193
-2.9072
-3.1033
-3.2067
-3.3066
-3.3102
-3.1562
-3.0234
-3.0233
-3.0890
-3.2462
-3.4590
-3.6110
-3.6807
-3.6672
-3.5132
-3.2070
-2.8128
-2.4876
-2.5696
-2.1556
-1.5259
-1.2252
-1.2541
-1.5344
-1.5647
-1.6921
-1.9616
-2.0170
-2.0785
-2.0500
-1.8882
-2.0225
-2.1816
-2.2622
-2.3309
-2.3402
-2.1985
-2.0152
-1.8525
-1.7618
-1.7062
-1.6402
-1.4993
-1.3169
-1.0973
-0.8159
-0.5301
-0.3691
-0.2370
-0.0812
0.0838
0.3410
0.6510
0.6543
0.5243
0.5033
0.6032
0.7934
1.3164
1.9307
2.6094
3.0688
3.4573
3.5839
3.5550
3.5706
3.6925
3.8125
4.2122
4.4197
4.4815
4.4844
4.6147
5.1492
5.8880
6.1559
6.1529
6.0075
5.8608
5.7712
5.7412
5.7576
5.7001
5.5733
5.4563
5.3904
5.4101
5.5599
5.8780
6.3399
