3.4920
3.1730
2.6960
2.1640
1.8490
2.0120
2.6460
3.3380
3.9170
4.4210
4.7340
4.9690
5.0490
5.1450
5.1490
5.2000
5.3420
5.0150
5.0080
5.1360
5.1410
5.1660
5.2730
5.4060
5.4090
5.3750
5.3800
5.3990
5.4030
5.3860
5.3880
5.4220
5.3970
5.3140
5.3280
5.2540
4.9990
4.5820
4.8530
5.3530
5.5470
5.4640
5.3240
5.2250
5.1840
5.2310
5.2760
5.3600
5.3550
5.2770
5.1310
5.2570
5.4840
5.5210
5.5750
5.4180
5.0600
4.9980
5.3740
5.5600
5.5350
5.3070
5.2270
5.5400
5.5730
5.1340
4.9370
4.9100
4.9110
4.8290
4.7210
4.6400
4.5050
4.3800
4.2730
4.1680
4.0930
4.0040
3.9090
3.8290
3.8250
3.8550
3.7620
3.6930
3.6890
3.6660
3.6770
3.6080
3.5520
3.5250
3.5050
3.7240
3.7500
3.8040
3.7620
3.7820
3.8000
3.7040
3.4650
3.4320
3.8260
3.4990
3.6860
3.3750
3.4280
3.6300
3.3720
3.6010
3.4310
3.5050
3.5380
3.3190
3.3110
3.1580
3.0510
2.9730
2.9150
2.8740
2.8450
2.8780
2.9700
3.0380
3.0420
3.0910
3.1050
3.0990
3.0900
3.0880
3.0880
3.1300
3.2160
3.3230
3.4500
3.6130
3.8070
3.9940
4.1350
4.2320
4.2590
4.3110
4.3630
4.3860
4.3630
4.3750
4.4060
4.4670
4.5250
4.5890
4.6530
4.7240
4.7890
4.8440
4.8970
4.9360
4.9680
4.9560
4.9340
4.9040
4.8240
4.7420
4.6840
4.6040
4.6320
4.6750
4.6800
4.6940
4.7590
4.7370
4.7680
4.7570
4.7730
4.7020
4.6400
4.6170
4.6060
4.5680
4.5310
4.5520
4.5130
4.5820
4.7060
4.7650
4.7400
4.7750
4.7920
4.7210
4.6500
4.6940
4.7490
4.7060
4.6410
4.5890
4.5570
4.5920
4.6330
4.7360
4.9110
5.1250
5.2600
5.4030
5.3280
5.2370
5.2140
5.1810
4.9970
4.9200
4.9420
4.9450
4.7510
4.3560
4.0570
3.6690
3.4520
3.4670
3.3950
3.4530
3.5700
3.5850
3.5760
3.5830
3.6140
3.8040
4.0380
4.2140
4.1750
4.0030
3.8440
3.8020
3.8780
3.9540
4.1040
4.4030
4.9000
5.3310
5.6090
5.9030
6.1480
6.4350
6.7230
6.9290
7.0920
7.2440
7.3130
7.3480
7.3070
7.2200
7.1990
7.1390
7.0100
6.8720
6.7300
6.6640
6.6770
6.7210
6.8980
6.8290
6.7500
6.4590
6.3220
6.3310
6.3520
6.3240
6.1690
6.0990
6.1600
6.0890
6.0390
5.8750
5.8800
5.7640
5.8300
5.7970
5.8890
5.9760
6.0000
6.0130
6.1110
6.0160
5.9570
6.0510
6.1150
6.1380
6.1510
6.0930
6.1730
6.3030
6.3730
6.4390
6.5410
6.6040
6.5080
6.4200
6.3270
6.3650
6.3990
6.3000
6.2730
6.3090
6.3660
6.4260
6.4370
6.4790
6.4530
6.2650
6.0470
5.8670
5.5230
5.1640
5.0810
4.9770
4.9180
4.9060
4.8520
4.8740
4.8910
4.8620
4.8300
4.7630
4.7630
4.7630
4.7760
4.7840
4.8140
4.8060
4.7840
4.7480
4.7040
4.6330
4.6020
4.5950
4.6260
4.6760
4.8110
4.9940
5.2010
5.5340
5.9090
6.3280
6.6200
6.8560
7.0310
7.1940
7.1760
7.3310
6.9870
7.3190
7.3010
7.1150
6.7260
6.9960
7.0180
6.8040
6.5220
6.1620
6.3120
5.5860
5.2520
6.1070
6.9930
7.5470
7.7470
7.7340
7.3060
6.9080
6.7520
6.3300
6.1840
6.1950
5.7240
5.5790
5.6060
5.3850
5.4790
5.5900
5.7920
5.9890
6.0830
