341.9000
250.8400
294.4800
274.6400
326.6800
308.7000
315.6500
317.6500
299.0800
312.6600
311.8900
323.8400
346.9500
337.4200
341.7000
358.8600
377.1300
387.1500
382.2700
385.6800
381.2800
385.4800
390.8700
387.6900
393.4100
396.4200
394.4200
400.9500
401.5300
408.1100
415.0600
415.1700
412.8500
414.5500
410.2200
410.0000
404.1900
412.1800
423.5100
425.7400
427.6200
441.5900
455.9900
475.4700
485.7400
487.6000
485.1400
484.4800
493.9200
501.5700
514.3300
534.3700
536.6700
548.2100
557.8000
576.5400
598.7800
617.6400
624.3800
635.2900
643.6600
670.5600
686.8200
693.6900
701.6200
721.7400
730.4300
743.1300
755.7100
761.7500
766.7400
784.9200
800.0000
810.9100
824.0500
847.5200
863.4800
879.9700
895.7600
906.9000
920.4900
936.2500
946.3600
956.0900
967.5900
976.7400
986.8500
961.9700
941.7400
938.4700
942.4600
956.6800
960.6300
953.6900
940.7800
936.1200
943.1000
949.4200
954.1800
961.8800
961.1900
959.9500
959.6600
963.1900
967.0200
966.9400
971.6300
971.7200
974.1800
977.6000
983.8400
1015.3000
1042.0000
1052.6000
1061.1000
1059.7000
1070.9000
1088.8000
1109.3000
1123.0000
1126.0000
1130.0000
1137.0000
1141.1000
1152.8000
1159.5000
1165.7000
1166.7000
1171.6000
1177.0000
1181.3000
1188.7000
1192.3000
1190.1000
1189.8000
1175.5000
1166.7000
1164.4000
1162.4000
1162.7000
1159.4000
1151.2000
1143.3000
1134.1000
1130.9000
1123.8000
1119.5000
1109.3000
1098.0000
1092.2000
1087.6000
1086.9000
1083.0000
1076.4000
1069.2000
1065.6000
1061.0000
1058.7000
1058.1000
1074.6000
1082.8000
1089.0000
1090.9000
1088.8000
1097.3000
1105.8000
1113.5000
1129.1000
1129.2000
1137.2000
1143.4000
1154.6000
1172.2000
1183.2000
1187.7000
1198.2000
1205.6000
1212.9000
1221.4000
1224.5000
1221.5000
1229.3000
1234.6000
1192.6000
1158.5000
1149.9000
1150.1000
1158.8000
1150.6000
1140.1000
1120.3000
1108.7000
1111.1000
1112.1000
1111.1000
1121.1000
1115.8000
1103.5000
1096.8000
1088.8000
1093.0000
1094.2000
1092.8000
1084.9000
1084.3000
1082.8000
1079.9000
1109.9000
1144.4000
1159.2000
1170.0000
1161.7000
1169.8000
1185.0000
1205.4000
1215.8000
1212.3000
1211.8000
1212.8000
1207.0000
1205.1000
1196.9000
1180.3000
1164.5000
1156.4000
1154.7000
1153.7000
1157.0000
1154.4000
1151.5000
1149.7000
1119.1000
1088.8000
1075.5000
1063.6000
1059.8000
1046.3000
1026.1000
998.4300
978.6500
972.1300
961.3500
956.9200
952.8900
941.3600
933.8600
918.3600
910.7700
911.0400
906.1700
906.4800
904.8900
898.8600
905.7300
890.9600
921.4500
941.8900
960.1300
970.8300
973.9000
980.1600
989.3500
1011.9000
1020.5000
1027.1000
1045.5000
1053.0000
1053.3000
1049.8000
1058.7000
1064.3000
1084.8000
1083.8000
1076.0000
1072.5000
1074.4000
1075.3000
1082.0000
1089.8000
1048.2000
1016.1000
1004.8000
1002.0000
1015.5000
1009.7000
991.3100
963.3200
940.6900
930.4800
918.3100
908.0400
919.4900
915.7400
902.4300
891.4900
888.1000
889.0700
890.6000
895.4600
886.6000
883.6100
880.9600
875.9400
905.7200
932.4800
941.8300
944.6100
938.2900
943.7600
956.1100
975.8200
987.3000
988.5000
986.0700
984.4400
969.3500
960.3900
955.0300
944.0900
935.3000
925.0400
914.1100
899.3900
893.1900
887.1300
878.1600
871.5500
848.2300
820.7000
802.6300
786.2500
779.5900
755.8200
730.5800
706.5800
678.5300
662.6900
651.5500
642.6000
641.7000
641.1800
631.2600
630.8700
619.3100
639.7300
610.5700
611.1200
634.1900
658.1900
621.6300
633.8700
661.6400
691.6700
699.7700
704.3900
763.1200
788.9700
733.2600
731.1000
729.3800
723.1400
714.8100
723.2200
722.1300
729.4100
758.3000
772.0900
781.6100
801.8200
807.5700
803.7000
809.8700
816.3500
814.0000
808.5100
768.6900
731.9300
