4.7407
4.2353
3.4774
2.6334
2.1331
2.3923
3.3978
4.4969
5.4151
6.2153
6.7121
7.0852
7.2119
7.3643
7.3696
7.4518
7.6761
7.1569
7.1466
7.3502
7.3580
7.3972
7.5665
7.7780
7.7825
7.7291
7.7367
7.7664
7.7736
7.7462
7.7489
7.8033
7.7642
7.6313
7.6550
7.5371
7.1327
6.4707
6.9009
7.6943
8.0020
7.8707
7.6486
7.4911
7.4265
7.4997
7.5723
7.7056
7.6967
7.5741
7.3416
7.5414
7.9016
7.9601
8.0456
7.7967
7.2286
7.1308
7.7265
8.0226
7.9832
7.6210
7.4932
7.9908
8.0430
7.3467
7.0342
6.9905
6.9933
6.8629
6.6903
6.5618
6.3481
6.1507
5.9809
5.8138
5.6951
5.5530
5.4033
5.2749
5.2691
5.3167
5.1701
5.0599
5.0542
5.0162
5.0341
4.9251
4.8353
4.7925
4.7616
5.1098
5.1498
5.2355
5.1695
5.2008
5.2304
5.0776
4.6973
4.6457
5.2706
4.7520
5.0495
4.5550
4.6394
4.9602
4.5500
4.9136
4.6444
4.7614
4.8142
4.4663
4.4530
4.2112
4.0418
3.9179
3.8256
3.7596
3.7141
3.7673
3.9130
4.0204
4.0262
4.1047
4.1266
4.1178
4.1032
4.0996
4.0998
4.1671
4.3035
4.4721
4.6746
4.9326
5.2414
5.5367
5.7605
5.9155
5.9584
6.0411
6.1235
6.1588
6.1233
6.1426
6.1908
6.2887
6.3793
6.4820
6.5834
6.6952
6.7995
6.8866
6.9702
7.0317
7.0834
7.0642
7.0288
6.9809
6.8547
6.7248
6.6317
6.5057
6.5500
6.6181
6.6266
6.6486
6.7515
6.7159
6.7652
6.7480
6.7740
6.6602
6.5619
6.5255
6.5090
6.4485
6.3888
6.4223
6.3611
6.4701
6.6667
6.7615
6.7218
6.7763
6.8041
6.6918
6.5777
6.6488
6.7361
6.6666
6.5643
6.4812
6.4315
6.4868
6.5514
6.7142
6.9928
7.3328
7.5471
7.7732
7.6549
7.5098
7.4739
7.4217
7.1283
7.0074
7.0417
7.0472
6.7383
6.1117
5.6374
5.0216
4.6767
4.7009
4.5877
4.6787
4.8648
4.8888
4.8741
4.8854
4.9346
5.2352
5.6071
5.8872
5.8253
5.5523
5.3001
5.2332
5.3536
5.4733
5.7114
6.1861
6.9755
7.6596
8.0998
8.5670
8.9561
9.4106
9.8681
10.1954
10.4527
10.6943
10.8044
10.8596
10.7940
10.6571
10.6238
10.5279
10.3227
10.1041
9.8783
9.7740
9.7952
9.8647
10.1448
10.0363
9.9108
9.4494
9.2313
9.2451
9.2795
9.2339
8.9888
8.8782
8.9746
8.8616
8.7832
8.5218
8.5295
8.3463
8.4507
8.3981
8.5451
8.6823
8.7213
8.7405
8.8963
8.7456
8.6530
8.8011
8.9028
8.9394
8.9601
8.8680
8.9958
9.2011
9.3123
9.4168
9.5787
9.6784
9.5269
9.3878
9.2391
9.2995
9.3531
9.1959
9.1533
9.2108
9.3021
9.3972
9.4144
9.4799
9.4392
9.1416
8.7951
8.5092
7.9631
7.3934
7.2624
7.0969
7.0039
6.9854
6.8994
6.9334
6.9605
6.9145
6.8647
6.7578
6.7579
6.7572
6.7786
6.7910
6.8384
6.8263
6.7907
6.7341
6.6635
6.5513
6.5020
6.4914
6.5403
6.6200
6.8345
7.1241
7.4523
7.9805
8.5754
9.2408
9.7043
10.0792
10.3563
10.6159
10.5868
10.8333
10.2865
10.8132
10.7849
10.4901
9.8718
10.3014
10.3361
9.9958
9.5494
8.9769
9.2150
8.0634
7.5334
8.8907
10.2956
11.1757
11.4928
11.4717
10.7931
10.1619
9.9142
9.2436
9.0122
9.0298
8.2831
8.0519
8.0946
7.7452
7.8937
8.0696
8.3909
8.7034
8.8518
