-6.9184
-6.9653
-7.0280
-7.0490
-7.1399
-7.2406
-7.3768
-7.5165
-7.6477
-7.8072
-7.9823
-8.1457
-8.3002
-8.4169
-8.5159
-8.5692
-8.6378
-8.6189
-8.5375
-8.4266
-8.2007
-7.9171
-7.6516
-7.3855
-7.0602
-6.6953
-6.3250
-5.9769
-5.6288
-5.2888
-4.9865
-4.7403
-4.4991
-4.2197
-3.9361
-3.7044
-3.4700
-3.5936
-4.3936
-5.2393
-6.1076
-6.6380
-6.8585
-6.9610
-7.0317
-7.0792
-7.1035
-7.1419
-7.1709
-7.2271
-7.2669
-7.3122
-7.3809
-7.4335
-7.4660
-7.4891
-7.5161
-7.5291
-7.5835
-7.6530
-7.7189
-7.7969
-7.8751
-7.9321
-7.9705
-8.0323
-8.0937
-8.1454
-8.1748
-8.2010
-8.2186
-8.2344
-8.2467
-8.2502
-8.2531
-8.2577
-8.2669
-8.2872
-8.3173
-8.3560
-8.3995
-8.4442
-8.4863
-8.5296
-8.5737
-8.6187
-8.6447
-8.6411
-8.6698
-8.6769
-8.6943
-8.7122
-8.7053
-8.7680
-8.7304
-8.7862
-8.7636
-8.7909
-8.7809
-8.8282
-8.7226
-8.6741
-8.7681
-8.6873
-8.7225
-8.7324
-8.6969
-8.7260
-8.6748
-8.6934
-8.6560
-8.6492
-8.6241
-8.6015
-8.6103
-8.5825
-8.5582
-8.5398
-8.4999
-8.4577
-8.4190
-8.3789
-8.3374
-8.3034
-8.2520
-8.1798
-8.1179
-8.0526
-7.9969
-7.9582
-7.9312
-7.9161
-7.8982
-7.8781
-7.8714
-7.8721
-7.8846
-7.8980
-7.9004
-7.9124
-7.9200
-7.9181
-7.9191
-7.9285
-7.9453
-7.9591
-7.9677
-7.9670
-7.9659
-7.9715
-7.9761
-7.9774
-7.9860
-8.0086
-8.0423
-8.0762
-8.1122
-8.1457
-8.1756
-8.2087
-8.2470
-8.2846
-8.3228
-8.3418
-8.3605
-8.3718
-8.3794
-8.3804
-8.3769
-8.3687
-8.3589
-8.3519
-8.3465
-8.3435
-8.3448
-8.3528
-8.3688
-8.3882
-8.4098
-8.4285
-8.4424
-8.4623
-8.4961
-8.5293
-8.5631
-8.5887
-8.6037
-8.6124
-8.6244
-8.6534
-8.6904
-8.7267
-8.7526
-8.7719
-8.7748
-8.7571
-8.7223
-8.6809
-8.6403
-8.6053
-8.6033
-8.6203
-8.6381
-8.6663
-8.7031
-8.7199
-8.7118
-8.7126
-8.7735
-8.9265
-8.9834
-8.9816
-8.8202
-8.6098
-8.4158
-8.1646
-7.8884
-7.6350
-7.3737
-7.0931
-6.8130
-6.5488
-6.3143
-6.1225
-5.9286
-5.6799
-5.4349
-5.2723
-5.1744
-5.1230
-5.1216
-5.1573
-5.2914
-5.4860
-5.5259
-5.5794
-5.6814
-5.7388
-5.8633
-5.9900
-6.0870
-6.2102
-6.3261
-6.4678
-6.6041
-6.7087
-6.7422
-6.7763
-6.8578
-6.9245
-6.9478
-6.9502
-6.9450
-6.9213
-6.9061
-6.9981
-7.0102
-7.0797
-7.1749
-7.2806
-7.4309
-7.6008
-7.7617
-7.9261
-8.0641
-8.1751
-8.2543
-8.3021
-8.3339
-8.3824
-8.4088
-8.4414
-8.4782
-8.5091
-8.5348
-8.5609
-8.5748
-8.5886
-8.6049
-8.5976
-8.5762
-8.5553
-8.5320
-8.5188
-8.4838
-8.4278
-8.3875
-8.3601
-8.3250
-8.3162
-8.3343
-8.3420
-8.3345
-8.3139
-8.2931
-8.2798
-8.2638
-8.2444
-8.2204
-8.1840
-8.1435
-8.0990
-8.0583
-8.0367
-7.9843
-7.9071
-7.7818
-7.5680
-7.3266
-7.0349
-6.6559
-6.2333
-5.8146
-5.4299
-5.0573
-4.6950
-4.3276
-3.9544
-3.5839
-3.2416
-2.9255
-2.6322
-2.3664
-2.1230
-1.8910
-1.6724
-1.4686
-1.2874
-1.1330
-1.0097
-0.9157
-0.8622
-0.8492
-0.9370
-1.1173
-1.3355
-1.5945
-1.8575
-2.1434
-2.4390
-2.6386
-2.7594
-2.8715
-2.9602
-3.0782
-3.2307
-3.4366
-3.6473
-3.8273
-4.0187
-4.2092
-4.3730
-4.5776
-4.8673
-5.2490
-5.6041
-5.8546
-6.1352
-6.4064
-6.5989
-6.6694
-6.7570
-6.8599
-6.9485
-7.0263
-7.1352
-7.2247
-7.2983
-7.3701
-7.3648
-7.3483
-7.3420
-7.3239
-7.2879
-7.2547
-7.2015
-7.1522
