-3.1623
-2.5013
-1.5728
-0.4523
0.7630
2.0373
3.3789
4.4493
5.2288
5.9105
6.4341
6.8485
7.0259
7.2032
7.2359
7.3042
7.5708
7.0521
7.0472
7.2215
7.1996
7.2073
7.3577
7.5327
7.5054
7.4390
7.4284
7.4540
7.4571
7.4380
7.4322
7.4418
7.3495
7.1875
7.1728
7.0540
6.5594
4.8462
1.8306
-0.6253
-2.4885
-3.4593
-3.9942
-4.2075
-4.4740
-4.7218
-4.9026
-5.0111
-4.9423
-4.9911
-4.9398
-4.9027
-5.3474
-5.1689
-5.4718
-5.3184
-4.9735
-5.0994
-5.8048
-5.8781
-6.0224
-5.5247
-5.3306
-6.0789
-6.2814
-5.5711
-5.4333
-5.3501
-5.3245
-5.2578
-5.1824
-5.0433
-4.8670
-4.7669
-4.6066
-4.3961
-4.2889
-4.0939
-3.7797
-3.5342
-3.3362
-3.2231
-3.0032
-2.7528
-2.5386
-2.5149
-2.5198
-2.4289
-2.3293
-2.2391
-2.1419
-2.3546
-2.3732
-2.5792
-2.5985
-2.6426
-2.7011
-2.6915
-2.6833
-3.0496
-3.6242
-3.2471
-3.6537
-3.2669
-3.4350
-3.8624
-3.5998
-3.9854
-3.9316
-4.1150
-4.2199
-3.9842
-4.0064
-3.8254
-3.7053
-3.6475
-3.6143
-3.5842
-3.5936
-3.6877
-3.8444
-3.9645
-3.9778
-4.0530
-4.0776
-4.0743
-4.0554
-4.0530
-4.0427
-4.0971
-4.2155
-4.3610
-4.5211
-4.7322
-4.9965
-5.2599
-5.4794
-5.6625
-5.7353
-5.8204
-5.8999
-5.9752
-5.9570
-6.0099
-6.0763
-6.1859
-6.2900
-6.4126
-6.5191
-6.6410
-6.7667
-6.8673
-6.9594
-7.0241
-7.0782
-7.0605
-7.0278
-6.9809
-6.8544
-6.7192
-6.6163
-6.4882
-6.5307
-6.5902
-6.5893
-6.6021
-6.6780
-6.6255
-6.6460
-6.6015
-6.5840
-6.4337
-6.2884
-6.1885
-6.1056
-6.0019
-5.9008
-5.8911
-5.7851
-5.8002
-5.8772
-5.8566
-5.7552
-5.7034
-5.6183
-5.4750
-5.3291
-5.3013
-5.2904
-5.1817
-5.0837
-4.9737
-4.8252
-4.6899
-4.6014
-4.6125
-4.6879
-4.7837
-4.7894
-4.8140
-4.6856
-4.6199
-4.5959
-4.5433
-4.4031
-4.3881
-4.3917
-4.3969
-4.2133
-3.8822
-3.6085
-3.2734
-3.0844
-3.1358
-3.1318
-3.2301
-3.3330
-3.3893
-3.4647
-3.5697
-3.7555
-4.0963
-4.4229
-4.6938
-4.6996
-4.5363
-4.4460
-4.5457
-4.7743
-5.0123
-5.3721
-5.9119
-6.7262
-7.4339
-7.8863
-8.3440
-8.7184
-9.1337
-9.5211
-9.7945
-10.0206
-10.2488
-10.3646
-10.4338
-10.3755
-10.2285
-10.1415
-10.0021
-9.7860
-9.5669
-9.3000
-9.1319
-9.0235
-8.8849
-9.0059
-8.7485
-8.5392
-8.0090
-7.7461
-7.5704
-7.4557
-7.2929
-6.8996
-6.7236
-6.5923
-6.4270
-6.3427
-6.1440
-6.2863
-6.1517
-6.3077
-6.2283
-6.2209
-6.3153
-6.2834
-6.2419
-6.2560
-6.1084
-5.9577
-6.0482
-6.0468
-6.0062
-6.0275
-5.8119
-5.7348
-5.7217
-5.6095
-5.5177
-5.5793
-5.6579
-5.5796
-5.4803
-5.3611
-5.4573
-5.4900
-5.3427
-5.2603
-5.2526
-5.2747
-5.3326
-5.3944
-5.4965
-5.4918
-5.2439
-4.8025
-4.4734
-4.1177
-3.9985
-3.9700
-3.8152
-3.7544
-3.6931
-3.5546
-3.5010
-3.4413
-3.3424
-3.2544
-3.1705
-3.0903
-3.0213
-2.9402
-2.8817
-2.8362
-2.7633
-2.7055
-2.6254
-2.5507
-2.4976
-2.6069
-2.7325
-2.9368
-3.2764
-3.7237
-4.3039
-4.9466
-5.7147
-6.4363
-7.0891
-7.5992
-8.0979
-8.3018
-8.4312
-8.3614
-8.3027
-7.9978
-8.2702
-8.2500
-8.0441
-7.5729
-7.7960
-7.1825
-6.5086
-5.9861
-6.2322
-6.3403
-5.4276
-4.6027
-5.0870
-5.2875
-4.8416
-4.9059
-5.1887
-5.3235
-5.1775
-5.1229
-4.3755
-4.0070
-4.0883
-3.4897
-3.6138
-3.8436
-3.5906
-3.6881
-4.1018
-4.5151
-4.5200
-4.6957
