3.5319
3.4179
3.1014
2.5943
1.9920
1.2541
0.3576
-0.6524
-1.4084
-1.9223
-1.9119
-1.8161
-1.6272
-1.5319
-1.3975
-1.4761
-1.2668
-1.2205
-1.1878
-1.3695
-1.5186
-1.6651
-1.7652
-1.9382
-2.0583
-2.0977
-2.1623
-2.1805
-2.1956
-2.1633
-2.1927
-2.3477
-2.5036
-2.5647
-2.6740
-2.6551
-2.8016
-4.2877
-6.6537
-7.6689
-7.6052
-7.0697
-6.5229
-6.1978
-5.9275
-5.8266
-5.7710
-5.8537
-5.9002
-5.6971
-5.4311
-5.7302
-5.8173
-6.0536
-5.8984
-5.7011
-5.2456
-4.9844
-5.0994
-5.4599
-5.2404
-5.2495
-5.2661
-5.1865
-5.0234
-4.7893
-4.4675
-4.4993
-4.5339
-4.4108
-4.2311
-4.1980
-4.0756
-3.8868
-3.8145
-3.8046
-3.7470
-3.7519
-3.8613
-3.9159
-4.0785
-4.2283
-4.2085
-4.2455
-4.3704
-4.3402
-4.3581
-4.2845
-4.2373
-4.2373
-4.2526
-4.5349
-4.5704
-4.5561
-4.4690
-4.4794
-4.4790
-4.3056
-3.8555
-3.5047
-3.8268
-3.4696
-3.4853
-3.1742
-3.1184
-3.1122
-2.7828
-2.8741
-2.4724
-2.3953
-2.3172
-2.0184
-1.9438
-1.7608
-1.6146
-1.4304
-1.2540
-1.1348
-0.9383
-0.7702
-0.7290
-0.6680
-0.6224
-0.6492
-0.6340
-0.5974
-0.6242
-0.6164
-0.6820
-0.7602
-0.8658
-0.9904
-1.1883
-1.3917
-1.5834
-1.7287
-1.7777
-1.7117
-1.6153
-1.6179
-1.6397
-1.4925
-1.4172
-1.2697
-1.1854
-1.1324
-1.0636
-0.9460
-0.9183
-0.8506
-0.6674
-0.5159
-0.3896
-0.3272
-0.2719
-0.2305
-0.1159
-0.0065
0.0643
0.2761
0.4514
0.4775
0.5024
0.6078
0.7017
0.7846
0.9939
1.0983
1.2639
1.3987
1.5932
1.7220
1.8749
2.0699
2.2560
2.3581
2.4490
2.5574
2.6450
2.8670
3.1468
3.3791
3.4728
3.6593
3.8381
3.8477
3.8558
4.0129
4.1698
4.1945
4.1529
4.1554
4.2523
4.4814
4.6635
4.8790
5.1887
5.5575
5.8327
6.1031
6.0533
5.9206
5.8938
5.8685
5.6058
5.4634
5.5044
5.5072
5.2586
4.7203
4.3311
3.8080
3.5154
3.5021
3.3524
3.3848
3.5436
3.5232
3.4282
3.3353
3.2011
3.2599
3.4464
3.5535
3.4421
3.2016
2.8852
2.5929
2.4223
2.1987
1.9393
1.8214
1.8484
1.8455
1.8474
1.9417
2.0496
2.2658
2.5942
2.8310
2.9742
3.0544
3.0511
3.0110
2.9768
2.9920
3.1646
3.2856
3.2850
3.2506
3.3302
3.4842
3.8106
4.2862
4.6702
4.9186
5.0305
5.0147
5.0215
5.3067
5.5246
5.6637
5.7614
5.7979
6.0898
6.1010
6.0758
5.9052
5.7650
5.6408
5.6237
5.6335
5.8582
5.9581
6.0481
6.1184
6.3251
6.2589
6.2755
6.3937
6.5342
6.6211
6.6297
6.6980
6.9308
7.2058
7.4332
7.6310
7.7860
7.8524
7.7220
7.6221
7.5246
7.5298
7.5723
7.4847
7.4909
7.5663
7.6620
7.7377
7.7156
7.7238
7.6772
7.4880
7.3682
7.2384
6.8159
6.2189
6.0812
5.9841
5.9126
5.9293
5.9132
5.9845
6.0503
6.0530
6.0442
5.9679
6.0099
6.0442
6.1077
6.1492
6.2225
6.2420
6.2285
6.2013
6.1560
6.0565
5.9565
5.8883
5.8439
5.7523
5.7311
5.6771
5.5739
5.5705
5.6668
5.9276
6.0354
6.0012
6.1913
6.4509
6.4937
6.9589
6.4690
6.9663
6.9464
6.7331
6.3327
6.7336
7.4328
7.5864
7.4402
6.4609
6.6870
5.9632
5.9638
7.2915
8.8341
10.0725
10.3931
10.2312
9.3889
8.7440
8.4881
8.1424
8.0724
8.0513
7.5120
7.1954
7.1239
6.8626
6.9791
6.9494
7.0726
7.4376
7.5036
