5.5580
5.5710
5.7760
5.8970
6.1210
6.3180
6.4420
6.5850
6.7520
6.8140
7.5680
7.6310
7.7380
7.7920
7.9170
8.1300
8.4010
8.7490
8.4670
7.4650
7.5450
7.6460
7.5070
6.9870
6.7870
6.8820
6.9490
7.1870
7.3640
7.7230
7.8100
7.8250
7.7520
7.7940
7.8420
7.8880
7.8710
7.9140
8.0690
8.2120
8.2930
8.3420
8.3240
8.3310
8.3180
8.2930
8.2610
8.0920
7.8670
7.6930
7.5470
7.4310
7.4130
7.3720
7.2570
7.1780
7.0850
7.1240
7.1390
7.1410
7.1190
6.9610
6.7940
6.6440
6.4610
6.3920
6.3140
6.3060
6.1640
5.9990
5.8800
5.9090
5.9560
6.0150
5.9800
5.9450
5.9430
5.9200
5.9240
6.0250
6.0510
6.1030
6.1680
6.2440
6.3670
6.3840
6.3430
6.3490
6.4880
6.5360
6.5690
6.4990
6.3720
6.3560
6.3130
6.1600
5.9370
5.6130
5.2740
5.0360
4.8700
4.6990
4.3160
3.9650
3.6090
3.2770
3.0340
2.8330
2.6790
2.5070
2.3320
2.2400
2.1480
2.0530
1.9850
1.9410
1.9060
1.8860
1.8440
1.6870
1.5900
1.5480
1.4710
1.4150
1.3560
1.3740
1.3500
1.3960
1.4060
1.3340
1.2750
1.2490
1.3150
1.4770
1.7100
1.9950
2.2110
2.3710
2.5120
2.6270
2.7030
2.7320
2.6940
2.6520
2.6480
2.6610
2.6790
2.7490
2.8230
2.8790
2.9620
2.9410
2.9030
2.8970
2.8440
2.7910
2.7330
2.6830
2.6300
2.5560
2.4820
2.4910
2.6220
2.8130
3.0190
3.3830
3.7310
3.8690
3.7670
3.6660
3.6900
3.8200
3.8500
3.8430
3.8720
3.8760
3.8500
3.8480
3.8530
3.8730
3.9870
4.1870
4.4770
4.6570
4.6930
4.6590
4.7050
4.9880
5.1950
5.1630
5.0930
4.9920
4.9090
4.8710
4.7750
4.6000
4.4520
4.4880
4.6100
4.7170
4.6880
4.5510
4.3970
4.2750
4.1760
4.0780
3.9690
3.8980
3.8670
3.8780
3.9590
3.9110
3.6380
3.2770
3.0970
3.2100
2.9450
2.4670
2.1990
2.1520
2.3870
2.9180
3.3820
3.8760
4.2890
4.5380
4.7820
5.0300
5.1680
5.2050
5.2700
5.3810
5.5850
5.8090
6.1340
6.6070
6.8760
7.0710
7.1740
7.2380
7.3080
7.3730
7.3940
7.3900
7.3700
7.3210
7.2410
7.1450
7.0300
6.8980
6.7690
6.6220
6.4660
6.3170
6.1800
6.1070
6.2570
6.1780
6.0110
5.8240
5.7430
5.6570
5.5400
5.3700
5.3300
5.3420
5.4150
5.4410
5.4050
5.5920
5.7100
5.8290
5.9550
6.0980
6.1340
6.0640
5.9810
5.9080
5.9080
5.9680
6.0090
5.9590
5.9650
6.0460
5.8440
5.6160
5.7350
5.7780
5.7340
5.8340
5.7110
5.2670
4.9670
4.9390
4.9450
4.8360
4.8630
5.0780
5.4270
5.8810
6.4910
6.7860
6.5880
6.2410
6.0440
5.9400
5.8330
5.6730
5.5050
5.3580
5.2090
5.3030
5.4890
5.6000
5.5990
5.5700
5.4920
5.4640
5.5000
5.5840
5.6430
5.6800
5.7800
5.9080
5.9960
6.0870
6.1560
6.2360
6.3040
6.3410
6.3460
6.3430
6.3490
6.3680
6.3870
6.4310
6.5250
6.5870
6.6290
6.6530
6.6730
6.7000
6.7360
6.7660
6.8190
6.8850
6.8950
6.9060
6.9050
6.9010
6.8810
6.9500
7.0200
7.1160
7.1810
7.1930
7.1670
7.1920
7.2570
7.3220
7.3850
7.4140
7.4480
7.4510
7.4450
7.4320
7.4300
7.4080
7.3230
7.1550
7.0360
7.0840
7.2140
7.3550
7.4660
7.4310
7.3370
