1450.2000
1433.2000
1463.8000
1440.9000
1426.4000
1434.9000
1396.6000
1390.4000
1354.8000
1377.5000
1304.4000
1312.7000
1319.3000
1288.5000
1288.7000
1326.9000
1312.2000
1298.9000
1292.6000
1350.0000
1329.0000
1326.5000
1323.8000
1325.0000
1329.1000
1313.2000
1307.9000
1306.8000
1307.8000
1304.2000
1290.4000
1277.5000
1263.1000
1249.7000
1239.3000
1230.2000
1218.3000
1208.0000
1188.0000
1143.3000
1105.3000
1078.7000
1056.8000
1048.1000
1025.1000
1002.8000
974.6100
950.2300
939.9500
927.1300
912.8900
903.5000
878.4800
851.6200
837.4900
821.8500
810.6900
796.7600
792.3600
784.3300
783.0600
784.3600
785.2800
792.0300
799.5100
802.8800
802.4700
802.0300
804.9800
803.9200
801.1400
799.4400
797.6600
799.7900
801.4800
809.0200
815.6500
821.6000
821.2400
825.2100
823.6600
829.5700
835.3600
837.6200
836.3700
834.4300
831.2100
796.3000
765.7800
753.8900
747.5800
752.0900
743.0500
731.2900
717.1200
709.5300
712.2100
707.3300
697.7500
697.6500
684.8400
666.1700
653.8300
646.1300
644.2900
639.4300
634.5100
628.9000
625.5200
619.0500
609.2600
630.4300
654.1700
662.5600
669.2900
663.5100
666.5000
675.5800
682.7500
685.0800
674.0400
665.4200
667.1900
665.4100
672.5500
677.2400
673.4700
667.2000
662.9300
664.6500
669.2900
675.3700
677.9000
676.1800
674.1900
657.3800
639.7700
631.6500
625.1800
622.8200
613.0100
597.7800
579.1500
564.9400
558.0800
551.1900
545.4500
549.1300
547.1700
546.3900
547.9200
551.0100
553.0800
550.1600
548.3200
545.2900
548.0600
553.7700
557.5000
584.7000
609.3400
619.5500
632.1500
640.4700
653.8300
671.4400
688.9400
699.2400
705.8400
715.6100
730.7000
738.2600
752.8200
768.3500
786.1700
805.4900
819.1200
835.3800
846.8800
859.9000
876.3600
892.8800
913.4400
897.7500
882.2100
881.6500
889.2700
915.5800
932.4200
941.8600
941.9400
941.0600
946.1700
947.3700
947.1600
965.2200
973.1600
976.1100
982.1000
987.2100
999.4600
1008.2000
1015.2000
1018.7000
1020.0000
1025.0000
1028.5000
1064.6000
1100.1000
1117.9000
1135.0000
1140.7000
1154.1000
1174.5000
1203.5000
1237.6000
1250.7000
1256.4000
1267.4000
1269.1000
1284.1000
1306.7000
1327.9000
1350.5000
1370.9000
1397.5000
1420.5000
1447.2000
1473.4000
1491.3000
1506.5000
1489.0000
1469.3000
1467.1000
1468.2000
1477.1000
1475.6000
1467.8000
1454.8000
1447.0000
1454.6000
1461.9000
1464.5000
1473.3000
1470.4000
1465.2000
1462.7000
1461.4000
1463.8000
1460.9000
1460.9000
1460.3000
1462.6000
1471.0000
1479.1000
1513.1000
1546.7000
1567.1000
1590.2000
1606.5000
1623.1000
1645.4000
1674.1000
1706.9000
1724.3000
1738.5000
1751.8000
1737.0000
1742.9000
1757.8000
1766.3000
1780.2000
1780.7000
1782.8000
1778.8000
1780.3000
1787.6000
1793.6000
1796.0000
1764.5000
1730.8000
1717.7000
1709.8000
1709.6000
1713.5000
1708.5000
1681.2000
1666.8000
1668.8000
1672.7000
1678.3000
1709.5000
1719.9000
1706.9000
1695.5000
1688.0000
1685.8000
1670.6000
1661.5000
1647.8000
1629.5000
1625.6000
1634.9000
1665.1000
1693.7000
1703.7000
1710.8000
1708.8000
1719.4000
1735.5000
1754.1000
1766.4000
1762.6000
1762.0000
1767.9000
1763.2000
1769.4000
1781.1000
1783.6000
1787.9000
1789.1000
1789.8000
1784.0000
1780.2000
1777.9000
1774.0000
1771.6000
1735.1000
1702.3000
1682.7000
1669.1000
1663.5000
1643.2000
1613.5000
1577.9000
1547.1000
1532.7000
1519.9000
1503.4000
1505.1000
1495.8000
1481.4000
1469.0000
1455.3000
1447.6000
1436.9000
1435.2000
1430.8000
1426.8000
1423.4000
1418.0000
1424.5000
1432.1000
1433.0000
1438.8000
1435.9000
1439.6000
1445.0000
1454.0000
1456.5000
1452.6000
1449.2000
1448.9000
1415.5000
1394.3000
1387.0000
1376.9000
1377.4000
1368.3000
1366.3000
1352.1000
1334.5000
1320.7000
1309.7000
1299.3000
1261.5000
1216.6000
