8.0196
8.0402
8.3655
8.5569
8.9118
9.2248
9.4217
9.6488
9.9146
10.0125
11.2085
11.3094
11.4787
11.5646
11.7631
12.1002
12.5310
13.0827
12.6355
11.0458
11.1716
11.3329
11.1111
10.2868
9.9691
10.1206
10.2264
10.6036
10.8846
11.4554
11.5924
11.6165
11.5011
11.5671
11.6431
11.7157
11.6892
11.7570
12.0044
12.2302
12.3598
12.4368
12.4075
12.4197
12.3980
12.3593
12.3080
12.0406
11.6832
11.4067
11.1754
10.9912
10.9633
10.8977
10.7159
10.5901
10.4429
10.5044
10.5275
10.5305
10.4957
10.2455
9.9798
9.7430
9.4523
9.3424
9.2192
9.2069
8.9806
8.7183
8.5298
8.5762
8.6503
8.7442
8.6882
8.6340
8.6300
8.5936
8.6001
8.7601
8.8014
8.8837
8.9868
9.1071
9.3026
9.3301
9.2646
9.2736
9.4948
9.5717
9.6233
9.5124
9.3109
9.2855
9.2180
8.9737
8.6203
8.1070
7.5687
7.1909
6.9272
6.6561
6.0483
5.4908
4.9263
4.3993
4.0146
3.6953
3.4513
3.1772
2.9002
2.7539
2.6090
2.4569
2.3497
2.2803
2.2249
2.1923
2.1255
1.8763
1.7220
1.6558
1.5338
1.4447
1.3508
1.3807
1.3416
1.4150
1.4316
1.3163
1.2230
1.1820
1.2869
1.5442
1.9129
2.3662
2.7082
2.9619
3.1851
3.3677
3.4884
3.5354
3.4754
3.4083
3.4012
3.4218
3.4513
3.5615
3.6799
3.7688
3.8991
3.8661
3.8066
3.7970
3.7123
3.6289
3.5358
3.4565
3.3727
3.2557
3.1389
3.1528
3.3598
3.6627
3.9909
4.5683
5.1195
5.3384
5.1772
5.0177
5.0543
5.2621
5.3091
5.2972
5.3434
5.3498
5.3086
5.3060
5.3132
5.3459
5.5258
5.8430
6.3037
6.5894
6.6465
6.5929
6.6650
7.1147
7.4435
7.3920
7.2807
7.1205
6.9886
6.9297
6.7766
6.4984
6.2641
6.3218
6.5157
6.6843
6.6390
6.4214
6.1768
5.9829
5.8270
5.6710
5.4973
5.3848
5.3352
5.3539
5.4820
5.4061
4.9731
4.3997
4.1136
4.2932
3.8736
3.1148
2.6894
2.6138
2.9875
3.8305
4.5669
5.3508
6.0056
6.4003
6.7886
7.1818
7.4009
7.4585
7.5621
7.7384
8.0623
8.4170
8.9331
9.6834
10.1113
10.4203
10.5840
10.6845
10.7958
10.8988
10.9332
10.9259
10.8948
10.8169
10.6896
10.5380
10.3556
10.1450
9.9402
9.7078
9.4594
9.2240
9.0061
8.8906
9.1278
9.0033
8.7378
8.4405
8.3121
8.1756
7.9909
7.7216
7.6570
7.6758
7.7921
7.8339
7.7772
8.0737
8.2599
8.4496
8.6497
8.8757
8.9334
8.8228
8.6904
8.5748
8.5752
8.6692
8.7350
8.6556
8.6650
8.7940
8.4728
8.1116
8.2997
8.3689
8.2978
8.4575
8.2616
7.5569
7.0817
7.0372
7.0466
6.8733
6.9171
7.2571
7.8110
8.5318
9.4995
9.9674
9.6539
9.1029
8.7909
8.6253
8.4559
8.2019
7.9355
7.7014
7.4653
7.6153
7.9090
8.0851
8.0836
8.0386
7.9147
7.8703
7.9279
8.0602
8.1535
8.2128
8.3719
8.5741
8.7149
8.8590
8.9675
9.0944
9.2035
9.2616
9.2694
9.2642
9.2741
9.3042
9.3343
9.4051
9.5531
9.6526
9.7194
9.7567
9.7877
9.8313
9.8877
9.9355
10.0207
10.1250
10.1401
10.1589
10.1571
10.1503
10.1183
10.2283
10.3384
10.4914
10.5950
10.6132
10.5716
10.6119
10.7147
10.8187
10.9175
10.9640
11.0182
11.0226
11.0131
10.9927
10.9892
10.9542
10.8203
10.5530
10.3647
10.4401
10.6462
10.8708
11.0464
10.9917
10.8417
