-14.2254
-14.2175
-14.1938
-14.1840
-14.2253
-14.2847
-14.3812
-14.5119
-14.6264
-14.7566
-14.7026
-14.8193
-14.8920
-14.9559
-15.0701
-15.0123
-14.9462
-14.8109
-14.7030
-14.7569
-14.8483
-14.7316
-14.7761
-14.7750
-14.5931
-14.4052
-14.1759
-13.8395
-13.4219
-13.2106
-13.0389
-12.8378
-12.5700
-12.3082
-12.0277
-11.8216
-11.6733
-11.4846
-11.2191
-10.9601
-10.7274
-10.4955
-10.2748
-10.1089
-10.0408
-10.0379
-10.0168
-9.9184
-9.7933
-9.6800
-9.5846
-9.5276
-9.5060
-9.5337
-9.5387
-9.4787
-9.4591
-9.5705
-9.8047
-10.0004
-10.1529
-10.2477
-10.3775
-10.5229
-10.6034
-10.7195
-10.7555
-10.8711
-11.0975
-11.3490
-11.5366
-11.6101
-11.7041
-11.8114
-11.8943
-11.9759
-11.9746
-11.9639
-11.9809
-11.9853
-11.9071
-11.8033
-11.6594
-11.4196
-11.2491
-11.1882
-11.1333
-10.9603
-10.7515
-10.5467
-10.4488
-10.4190
-10.3601
-10.2984
-10.2782
-10.2586
-10.2597
-10.2794
-10.3141
-10.2737
-10.1932
-10.0761
-10.0261
-9.9795
-9.9342
-9.9122
-9.9439
-9.9985
-10.0297
-10.0099
-9.9508
-9.9525
-9.9886
-10.0310
-10.0768
-10.0745
-10.0144
-9.8606
-9.8138
-10.0619
-10.0794
-9.7971
-9.3755
-8.8781
-8.2796
-7.7312
-7.2887
-6.7964
-6.3918
-6.0459
-5.7715
-5.5957
-5.4983
-5.5107
-5.6429
-5.7621
-5.8949
-6.0587
-6.2079
-6.3392
-6.3853
-6.3545
-6.2909
-6.2171
-6.1305
-6.0410
-6.0273
-5.9572
-5.8350
-5.6249
-5.3170
-5.2696
-5.2753
-5.2613
-5.2312
-5.2348
-5.2047
-5.1134
-5.0248
-5.0258
-5.0867
-5.1823
-5.2858
-5.3806
-5.6949
-6.2945
-6.3466
-6.1113
-5.9074
-5.8468
-5.9815
-6.0331
-5.9314
-6.0459
-6.2301
-6.3699
-6.4796
-6.6218
-6.6534
-6.7463
-6.9845
-7.2971
-7.6673
-7.9029
-8.2130
-8.6397
-9.0562
-9.6795
-10.2019
-10.6010
-11.0328
-11.2539
-11.0072
-10.6351
-10.2448
-10.0330
-9.9420
-9.7454
-9.5129
-9.3784
-9.3554
-9.3557
-9.2755
-9.2287
-9.2003
-9.2413
-9.2506
-9.2727
-9.3218
-9.3238
-9.4967
-9.6237
-9.6366
-9.6947
-9.9101
-10.3896
-10.8235
-10.4709
-9.9141
-9.4092
-8.9651
-8.7244
-8.7291
-8.6319
-8.6612
-8.7177
-8.8244
-9.1490
-9.5336
-9.7455
-9.8750
-10.0123
-10.1738
-10.3570
-10.4453
-10.4482
-10.6356
-10.8592
-11.2371
-11.6569
-12.0601
-12.3835
-12.6352
-12.8172
-12.9520
-13.0926
-13.2511
-13.4312
-13.6140
-13.7855
-13.9639
-14.1638
-14.3717
-14.5562
-14.7114
-14.8057
-14.6881
-14.8476
-14.9622
-15.0721
-15.1785
-15.2865
-15.3849
-15.4760
-15.5124
-15.5211
-15.5082
-15.5041
-15.5482
-15.4692
-15.4358
-15.4424
-15.4790
-15.4756
-15.4609
-15.4766
-15.5020
-15.5605
-15.6083
-15.6030
-15.5775
-15.6344
-15.6367
-15.5602
-15.7637
-15.8858
-15.7409
-15.7542
-15.7196
-15.5996
-15.7034
-15.9537
-16.0856
-16.0963
-16.0877
-16.0731
-16.0090
-15.9362
-15.8506
-15.7231
-15.5001
-15.4431
-15.6540
-15.8551
-15.9494
-16.0086
-16.0542
-16.0806
-16.0994
-16.1457
-16.1291
-16.0910
-16.0163
-15.9443
-15.8823
-15.8371
-15.7812
-15.7122
-15.6294
-15.5426
-15.4527
-15.3431
-15.2592
-15.1698
-15.1076
-15.0609
-15.0172
-14.9132
-14.8382
-14.7703
-14.6855
-14.5858
-14.4789
-14.3354
-14.2088
-14.1465
-14.0619
-14.1230
-14.1262
-14.1514
-14.2131
-14.2802
-14.3404
-14.3772
-14.3899
-14.3448
-14.3032
-14.2592
-14.1607
-14.0920
-14.0301
-14.0184
-13.9774
-14.0324
-14.1243
-14.2021
-14.2462
-14.2833
-14.3625
-14.4225
-14.4587
-14.5045
-14.5264
-14.5218
-14.5066
-14.4771
-14.4357
-14.4002
-14.4137
-14.4559
-14.4488
-14.3405
-14.1730
-14.0752
-14.0170
-14.0763
-14.1531
