-5.2286
-5.5769
-6.0423
-6.3834
-6.8745
-7.2713
-7.5991
-7.8924
-8.3395
-8.2314
-9.7462
-9.4243
-9.3985
-9.0850
-8.7711
-8.6663
-8.8156
-9.4284
-9.2145
-7.1936
-7.9159
-8.4691
-8.4424
-7.8215
-7.2858
-7.4469
-7.3995
-7.4493
-7.0991
-7.2162
-7.3068
-7.1814
-6.7142
-6.1632
-5.6407
-5.3684
-5.0961
-4.9947
-5.1185
-4.8531
-4.6276
-4.4866
-4.4872
-4.4948
-4.7286
-4.9756
-5.0285
-4.9092
-4.7983
-4.6658
-4.5143
-4.5749
-4.9607
-5.3077
-5.2774
-5.1288
-5.2516
-5.7787
-6.1691
-6.4010
-6.4529
-6.2771
-6.0600
-5.5786
-4.8584
-4.1388
-3.5633
-3.2580
-3.1165
-3.2602
-3.3721
-3.2974
-3.1133
-2.9740
-2.8878
-2.7399
-2.5218
-2.3836
-2.3587
-2.2701
-1.9500
-1.4880
-1.0893
-0.7438
-0.4360
-0.2101
0.0354
0.2133
0.5303
0.9848
1.2659
1.5533
1.8962
2.2132
2.4699
2.8063
3.1378
3.2846
3.3037
3.3965
3.4908
3.5425
3.4676
3.4183
3.3939
3.3399
3.2993
3.2519
3.1655
3.0246
2.8506
2.7473
2.6089
2.4498
2.3159
2.1955
2.1011
2.0152
1.9156
1.6839
1.4405
1.3024
1.2279
1.1472
1.0838
1.1147
1.0499
0.9657
0.8036
0.5518
0.2408
-0.1143
-0.5362
-0.9826
-1.5319
-2.0065
-2.1710
-2.2092
-2.3227
-2.4537
-2.6082
-2.7120
-2.7787
-2.8386
-2.9128
-3.0018
-3.1220
-3.2540
-3.3758
-3.4561
-3.5604
-3.5914
-3.6100
-3.6729
-3.6342
-3.5784
-3.5151
-3.4537
-3.3723
-3.2494
-3.1296
-3.1315
-3.2875
-3.4741
-3.5492
-3.5248
-3.3892
-3.2165
-3.0507
-2.8795
-2.7660
-2.7903
-2.7490
-2.6195
-2.5069
-2.3924
-2.2311
-2.0534
-1.8241
-1.5051
-1.1916
-0.9184
-0.6890
-0.2913
0.2124
0.5545
0.9231
1.3600
1.9357
2.4493
3.0354
3.5633
3.7752
3.9682
4.1641
4.4111
4.7219
5.0196
5.3559
5.7257
5.9746
6.0616
6.0393
5.9638
5.8224
5.6358
5.4192
5.2201
4.9861
4.6618
4.2383
3.7363
3.3088
2.8799
2.4677
2.0842
1.5109
0.9755
0.6236
0.3974
0.1746
-0.1564
-0.3045
-0.3466
-0.6858
-1.2517
-1.8317
-2.3536
-2.7922
-3.2562
-3.7742
-4.3501
-4.9574
-5.5146
-6.1815
-7.0858
-7.5598
-7.8988
-8.0647
-8.1977
-8.3754
-8.5805
-8.7384
-8.8724
-8.9808
-9.0268
-9.0248
-9.0087
-8.9850
-8.9329
-8.8347
-8.6785
-8.4783
-8.2819
-8.0964
-8.0473
-8.4049
-8.2966
-8.1191
-7.9653
-7.9302
-7.8775
-7.7757
-7.6129
-7.5945
-7.6332
-7.7507
-7.7950
-7.7672
-8.0734
-8.2585
-8.4392
-8.6275
-8.8456
-8.9097
-8.8148
-8.6901
-8.5672
-8.5436
-8.6374
-8.7060
-8.5961
-8.6027
-8.7751
-8.4004
-7.9828
-8.2509
-8.3416
-8.2886
-8.4569
-8.2613
-7.5209
-6.9521
-6.8999
-6.9309
-6.7452
-6.8093
-7.2129
-7.7965
-8.5288
-9.4995
-9.9671
-9.6476
-9.0820
-8.7598
-8.5789
-8.4032
-8.1512
-7.8534
-7.5727
-7.3197
-7.4651
-7.7574
-7.9265
-7.8965
-7.7869
-7.5965
-7.5154
-7.5732
-7.6940
-7.7459
-7.7793
-7.9648
-8.1868
-8.3653
-8.5633
-8.7011
-8.8264
-8.9083
-8.9115
-8.8506
-8.7876
-8.7559
-8.7656
-8.8056
-8.9132
-9.0758
-9.2115
-9.2775
-9.3082
-9.3294
-9.3513
-9.3824
-9.3964
-9.4366
-9.4435
-9.3204
-9.1731
-8.9613
-8.8145
-8.5668
-8.5327
-8.5464
-8.6384
-8.6482
-8.6320
-8.5409
-8.5230
-8.6554
-8.8567
-9.0507
-9.1398
-9.1918
-9.1745
-9.1289
-9.0504
-8.9740
-8.8257
-8.5211
-8.0194
-7.6291
-7.6616
-7.8865
-8.0177
-8.0395
-7.7836
-7.4836
