6.0808
5.7916
5.7854
5.6986
5.6711
5.6767
5.5697
5.5505
5.3621
5.7005
5.5355
6.2518
6.5901
7.1557
7.8382
8.4445
8.9056
9.0698
8.6458
8.3822
7.8831
7.5305
7.2237
6.6814
6.8044
6.8535
7.0588
7.5461
8.2508
8.8969
8.9996
9.1307
9.3378
9.7883
10.1855
10.4134
10.5198
10.6433
10.8584
11.2261
11.4608
11.5993
11.5677
11.5779
11.4609
11.3135
11.2339
10.9943
10.6524
10.4087
10.2231
9.9938
9.7768
9.5178
9.3263
9.2653
9.0263
8.7721
8.5305
8.3618
8.2776
8.0974
7.9293
7.9879
8.1082
8.3756
8.5028
8.6111
8.4225
8.0857
7.8349
7.9169
8.0706
8.2229
8.1942
8.1878
8.2533
8.2564
8.2703
8.4609
8.5827
8.7582
8.9205
9.0767
9.2923
9.3277
9.2646
9.2711
9.4800
9.5209
9.5397
9.3847
9.1158
9.0179
8.8809
8.5236
8.0289
7.4118
6.8095
6.3382
5.9833
5.6351
4.9556
4.2970
3.5708
2.8634
2.2872
1.7552
1.3753
0.9728
0.5339
0.1905
-0.0275
-0.1872
-0.3974
-0.6160
-0.7320
-0.8634
-0.9211
-0.8277
-0.9437
-1.0225
-0.9191
-0.8782
-0.8063
-0.8146
-0.8352
-1.0342
-1.1848
-1.1951
-1.1991
-1.1765
-1.1699
-1.1913
-1.1456
-1.2542
-1.6190
-1.9729
-2.1794
-2.3067
-2.3166
-2.2681
-2.0875
-1.8865
-1.7559
-1.6424
-1.4712
-1.4476
-1.4650
-1.5031
-1.5895
-1.4313
-1.2076
-0.9626
-0.7574
-0.6032
-0.3826
-0.1384
0.0552
0.2026
0.2412
0.3662
0.6933
1.1602
1.8250
2.9061
3.8370
4.2606
4.1828
4.1093
4.2302
4.4614
4.5419
4.6042
4.7188
4.7850
4.8170
4.8926
4.9903
5.1296
5.3958
5.7703
6.2659
6.5830
6.6431
6.5695
6.6007
6.9835
7.1874
6.9744
6.6177
6.1648
5.8812
5.6810
5.3462
4.7719
4.1162
3.8429
3.7105
3.4491
2.8950
2.1193
1.2957
0.4782
-0.2328
-0.6308
-0.9231
-1.3214
-1.8982
-2.6328
-3.4770
-3.9072
-3.7126
-3.3261
-3.2913
-3.7533
-3.5668
-2.9581
-2.6161
-2.5834
-2.9824
-3.8273
-4.5568
-5.3396
-5.9663
-6.2767
-6.5368
-6.7852
-6.8540
-6.7102
-6.5529
-6.3999
-6.3580
-6.3589
-6.4490
-6.5999
-6.7148
-6.7965
-6.8543
-6.8524
-6.8119
-6.7200
-6.5709
-6.3762
-6.1678
-5.9601
-5.7291
-5.4675
-5.1486
-4.8088
-4.5559
-4.3503
-4.1951
-4.0612
-3.9444
-3.7794
-3.5602
-3.4963
-3.2295
-2.7923
-2.4903
-2.1875
-1.8419
-1.2913
-0.9765
-0.8070
-0.8021
-0.7796
-0.3942
-0.0772
-0.1494
-0.4202
-0.6202
-0.7300
-0.6504
-0.3775
-0.0727
0.3627
0.7353
0.7415
0.7113
1.0135
1.0371
0.5757
1.1051
1.4396
0.8984
0.6746
0.3911
-0.0951
-0.0681
0.7360
1.3486
1.3833
1.2720
1.3208
1.2160
0.8002
0.4745
0.2264
0.0023
-0.0816
0.3488
0.6174
0.7385
0.8937
0.9432
0.9105
1.1388
1.4020
1.4670
1.5052
1.5408
1.5936
1.7292
1.9958
2.2218
2.3368
2.3450
2.4021
2.5457
2.6330
2.5788
2.5482
2.4433
2.2698
2.1696
2.1913
2.3125
2.5225
2.7545
2.9334
3.0568
3.1196
3.0969
3.0020
2.9820
2.8846
2.8974
2.9242
2.9599
3.0345
3.1206
3.2283
3.3713
3.6517
3.9939
4.3656
4.7814
5.0332
5.3841
5.6403
5.8174
5.9538
6.1208
6.1749
6.2299
6.3222
6.3157
6.2130
6.1055
6.0559
6.0756
6.1095
6.1604
6.2393
6.3426
6.4885
6.6685
6.8597
7.0160
7.0919
7.1516
7.3411
7.5756
7.7610
7.8446
