5.4440
5.5650
5.6330
5.6350
5.6570
5.8510
5.9600
6.1240
6.1710
6.2400
6.2050
6.1700
6.0670
6.0370
6.0000
6.0220
5.9540
5.9730
5.7190
5.5070
5.4390
5.4780
5.4680
5.5150
5.5220
5.5110
5.4880
5.4810
5.4460
5.3830
5.2660
5.2540
5.1950
5.1010
5.0480
5.0370
5.0860
5.0820
5.0240
4.9070
4.9500
5.2210
5.4540
6.4190
4.5630
5.1960
5.9010
5.6060
5.7860
6.3180
6.5470
7.1220
7.0890
6.9060
6.7290
6.4860
6.5110
6.7600
6.9140
7.0680
7.2190
7.1640
6.7410
7.1090
6.9570
6.3470
6.3570
6.1440
6.1550
6.7580
6.5000
6.7610
6.8330
6.5110
6.4170
6.1920
6.3320
6.3620
6.2960
6.3080
6.1860
6.4030
6.4590
6.4240
6.5640
6.7240
6.7310
6.7650
6.7500
6.7740
6.8020
6.6410
6.6780
6.7890
6.8600
6.8530
6.9110
7.0430
7.0330
6.8900
6.6250
6.4970
6.4450
6.2960
6.1820
6.1200
6.0110
5.9720
5.8950
5.8450
5.8150
5.8050
5.7020
5.4380
5.3550
4.8470
4.3790
4.0440
3.9710
4.1310
4.1450
4.0580
3.9420
3.8530
3.9320
4.0090
4.0410
4.1280
4.1870
4.2240
4.2680
4.3150
4.3270
4.3800
4.4940
4.5400
4.5680
4.5960
4.6060
4.5970
4.6070
4.6460
4.6920
4.7050
4.7490
4.8390
4.9270
4.9990
5.0200
4.9820
4.9260
4.8550
5.0960
5.1490
5.0250
4.9450
4.9020
4.8020
5.3550
6.0650
6.1240
6.4510
6.4600
6.6120
6.8690
6.8700
7.0840
7.1780
7.2750
7.4860
7.8100
7.9350
7.9530
7.9880
8.1960
8.1730
8.1160
8.0930
8.0280
7.8930
7.7220
7.5270
7.3500
7.2610
7.2480
7.3220
7.2550
7.1050
7.1030
7.0700
7.0110
6.9070
6.8500
6.8010
6.6740
6.4940
6.4350
6.4210
6.3670
6.4410
6.5400
6.6280
6.6750
6.6980
6.7290
6.7450
6.7460
6.7120
6.5470
6.2440
5.9620
5.9090
5.8110
5.1630
4.7030
4.7250
4.8990
5.0140
5.2130
5.3360
5.3410
5.3450
5.4450
5.5620
5.6040
5.5890
5.5450
5.5030
5.4640
5.4550
5.4660
5.4440
5.3670
5.2890
5.2410
5.2310
5.2270
5.2250
5.1960
5.1630
5.1330
5.1370
5.1580
5.1920
5.2710
5.3590
5.4520
5.5230
5.5380
5.4920
5.2870
5.1550
4.9540
4.7670
4.5730
4.5370
4.5210
4.7090
4.9660
5.0660
5.0910
5.2270
5.1990
5.2700
5.7620
6.3050
6.4850
6.8180
7.1730
7.2880
7.3010
7.3130
7.2200
7.1600
7.1070
7.0900
7.0950
7.1630
7.1280
7.1520
7.0210
6.9310
6.9320
6.9440
6.8210
6.6060
6.5310
6.4790
6.4510
6.4520
6.3940
6.3800
6.3910
6.2750
6.2670
6.3160
6.3130
6.3830
6.4510
6.4520
6.3850
6.3490
6.3350
6.2630
6.0950
5.8930
5.8390
5.8890
5.5610
5.0310
4.9230
5.1570
5.1880
5.3560
5.4570
5.3950
5.2530
5.1800
5.1420
5.1030
5.0440
4.9810
4.8810
4.7930
4.7380
4.6890
4.6980
4.7020
4.6780
4.6470
4.6060
4.5950
4.5860
4.5240
4.6860
4.5760
4.5320
4.5210
4.6410
4.5460
4.4020
4.2470
4.2610
4.2830
4.4020
4.5640
4.6910
4.7150
4.6010
4.4890
4.4950
4.3830
4.0910
3.6990
3.6790
3.9590
4.3480
4.5570
4.9470
5.1760
5.3240
5.5290
5.6750
5.7170
5.6790
5.4290
5.6290
5.9420
5.9990
6.1400
6.4960
6.5020
6.4960
6.5560
6.5820
6.5870
6.4830
