574.0100
603.2700
630.7000
606.5400
611.0400
588.5300
599.7500
586.7900
589.1700
602.7600
591.6000
617.6800
631.9900
620.2600
617.8700
637.7600
656.5300
642.4200
641.0000
626.1100
602.7000
607.1800
613.7300
610.5100
608.6700
596.4900
598.5500
595.2200
606.1200
605.0000
603.4200
598.8300
603.7600
601.2800
602.6500
602.7100
595.0100
581.9900
571.0100
530.3500
504.2800
488.5600
479.0700
500.7400
483.0700
493.9000
431.6800
425.7500
375.6000
409.5700
372.2200
372.7800
368.3500
369.1800
347.7800
340.8600
337.6500
332.6800
328.6600
332.7900
338.4500
347.7300
357.1000
349.5500
350.8400
418.7400
427.5700
454.2100
471.7600
461.8700
468.0700
475.9700
480.9900
497.5800
480.8400
499.0500
482.5400
486.2700
499.1000
507.8000
527.6400
519.6100
525.8900
532.3400
532.0100
534.3400
538.1900
507.4500
487.8800
483.5300
484.2900
500.1800
493.9600
478.3400
459.1000
457.3400
455.4300
449.3400
446.4200
454.9100
459.4600
457.4700
458.0400
460.8600
466.3200
468.2800
471.9300
466.7500
468.9500
474.8900
477.8700
506.2400
523.2500
529.7100
531.9900
524.7100
528.3500
540.8500
561.9000
571.5400
567.3500
569.8200
571.4500
573.5700
579.8200
583.0900
585.7900
582.9500
580.4200
579.3800
581.6400
588.6300
587.9900
588.2600
583.0400
565.4900
548.8900
539.7600
530.2600
523.6100
514.8400
502.0600
485.4800
478.0300
473.7600
465.7300
461.5300
445.1100
426.5200
415.5600
404.8700
388.1400
370.2800
354.3600
339.7500
333.2800
331.7100
336.1900
336.9700
357.9300
368.7500
384.1800
392.5400
415.2400
422.0800
433.0700
436.3800
443.0800
457.5400
477.9500
480.7800
476.4000
489.2400
501.1200
488.9900
499.1400
505.5200
518.3100
521.2100
526.4800
536.7300
545.3700
560.6800
544.2200
526.5300
519.5100
523.2100
539.9600
539.2700
533.2900
512.8000
504.3100
503.9900
501.4800
507.9600
532.2000
531.2900
522.8600
523.0200
521.5200
524.4800
531.0100
538.1700
536.9000
542.6000
552.8500
562.3500
598.5300
626.1100
637.3000
642.5200
637.8100
641.5800
655.2900
671.7500
679.1700
678.4700
678.6000
675.9900
668.1700
667.8700
670.4300
671.6200
668.5900
662.6300
656.3800
650.6900
651.1400
643.6600
638.8600
634.9300
605.0900
583.7700
572.4500
561.4000
556.5400
545.1700
528.2300
504.7600
489.8400
482.5600
473.4100
465.1800
458.4000
443.5200
428.5200
418.8200
414.2200
407.0200
401.6900
394.6100
386.6200
384.9900
382.5400
379.2600
395.6100
406.8200
409.9400
410.6900
411.4300
418.9300
422.6000
434.8800
435.3600
435.3200
442.0200
447.3700
444.5600
456.6600
464.7000
479.3600
493.3000
500.6500
508.1700
513.0900
521.2200
528.8800
533.8600
545.2000
518.1900
493.3800
489.4300
491.1200
496.2500
498.8100
489.3100
465.0700
455.2300
457.4200
454.8800
457.5100
465.1300
458.1700
458.4800
456.5400
455.5000
457.8500
460.5600
460.9500
456.7800
462.4500
466.6900
466.9500
497.6800
525.6800
531.6500
528.4600
528.1700
530.7100
537.0800
555.1900
553.4800
549.0500
550.1500
549.0500
533.9100
529.0400
520.8200
513.7000
507.7600
504.5600
492.4400
479.9000
474.0000
466.6300
461.8100
455.8400
428.5300
398.0000
384.6900
372.3800
365.8400
350.1000
321.7700
287.8800
278.0600
274.0900
262.9500
244.1200
246.1400
260.1100
251.6800
239.4700
241.6100
231.2000
223.1200
223.5200
225.6300
222.3300
216.2600
216.9800
232.5200
250.9200
255.8100
262.2700
264.0900
272.1800
287.4000
299.6500
306.6900
312.4600
319.7400
323.3200
313.6500
319.0800
331.3400
333.7100
339.0400
348.8600
349.5800
364.7500
368.1500
377.8000
380.6000
382.2700
347.7900
321.9000
