7.8389
8.0307
8.1377
8.1411
8.1755
8.4839
8.6573
8.9171
8.9926
9.1007
9.0460
8.9904
8.8262
8.7796
8.7212
8.7558
8.6470
8.6781
8.2744
7.9378
7.8297
7.8922
7.8763
7.9508
7.9614
7.9444
7.9079
7.8975
7.8422
7.7423
7.5566
7.5364
7.4437
7.2942
7.2100
7.1920
7.2710
7.2631
7.1726
6.9863
7.0547
7.4838
7.8536
9.3848
6.4396
7.4443
8.5633
8.0958
8.3811
9.2259
9.5880
10.5010
10.4484
10.1584
9.8773
9.4918
9.5313
9.9261
10.1714
10.4148
10.6542
10.5673
9.8968
10.4802
10.2398
9.2716
9.2875
8.9489
8.9668
9.9241
9.5132
9.9276
10.0417
9.5316
9.3830
9.0253
9.2474
9.2957
9.1898
9.2092
9.0156
9.3599
9.4496
9.3937
9.6151
9.8700
9.8806
9.9339
9.9113
9.9485
9.9926
9.7382
9.7965
9.9723
10.0845
10.0741
10.1661
10.3752
10.3603
10.1330
9.7116
9.5089
9.4266
9.1909
9.0095
8.9105
8.7384
8.6767
8.5542
8.4745
8.4266
8.4109
8.2472
7.8288
7.6977
6.8913
6.1482
5.6173
5.5014
5.7550
5.7766
5.6396
5.4543
5.3142
5.4395
5.5613
5.6127
5.7508
5.8438
5.9020
5.9715
6.0463
6.0661
6.1499
6.3305
6.4045
6.4485
6.4929
6.5092
6.4947
6.5098
6.5713
6.6450
6.6660
6.7351
6.8788
7.0184
7.1329
7.1650
7.1052
7.0156
6.9031
7.2862
7.3705
7.1741
7.0471
6.9779
6.8190
7.6966
8.8232
8.9167
9.4369
9.4511
9.6918
10.0988
10.1009
10.4408
10.5897
10.7431
11.0787
11.5923
11.7904
11.8195
11.8754
12.2059
12.1684
12.0780
12.0411
11.9382
11.7238
11.4536
11.1432
10.8625
10.7223
10.7006
10.8176
10.7125
10.4732
10.4703
10.4182
10.3249
10.1595
10.0692
9.9908
9.7908
9.5038
9.4113
9.3883
9.3028
9.4199
9.5782
9.7169
9.7924
9.8276
9.8769
9.9035
9.9051
9.8496
9.5892
9.1074
8.6600
8.5768
8.4211
7.3929
6.6618
6.6981
6.9729
7.1566
7.4720
7.6665
7.6754
7.6806
7.8394
8.0257
8.0922
8.0683
7.9978
7.9314
7.8707
7.8550
7.8735
7.8390
7.7165
7.5928
7.5162
7.5003
7.4936
7.4911
7.4451
7.3919
7.3453
7.3514
7.3846
7.4382
7.5641
7.7040
7.8516
7.9641
7.9874
7.9140
7.5899
7.3801
7.0606
6.7645
6.4563
6.3985
6.3730
6.6719
7.0800
7.2385
7.2774
7.4940
7.4499
7.5626
8.3430
9.2049
9.4909
10.0189
10.5825
10.7640
10.7856
10.8033
10.6559
10.5605
10.4772
10.4508
10.4585
10.5663
10.5106
10.5485
10.3406
10.1977
10.1998
10.2191
10.0226
9.6827
9.5633
9.4800
9.4370
9.4382
9.3451
9.3243
9.3406
9.1569
9.1448
9.2224
9.2180
9.3288
9.4355
9.4382
9.3308
9.2739
9.2514
9.1375
8.8706
8.5514
8.4648
8.5438
8.0235
7.1834
7.0121
7.3833
7.4315
7.6980
7.8597
7.7607
7.5348
7.4193
7.3584
7.2972
7.2043
7.1033
6.9442
6.8057
6.7174
6.6400
6.6539
6.6607
6.6227
6.5743
6.5078
6.4918
6.4770
6.3781
6.6356
6.4603
6.3906
6.3734
6.5636
6.4136
6.1856
5.9397
5.9604
5.9968
6.1844
6.4412
6.6440
6.6810
6.5011
6.3223
6.3318
6.1540
5.6914
5.0698
5.0372
5.4825
6.0998
6.4304
7.0491
7.4132
7.6482
7.9729
8.2051
8.2714
8.2105
7.8144
8.1312
8.6286
8.7184
8.9428
9.5077
9.5179
9.5070
9.6029
9.6435
9.6523
9.4875
