-1.5974
-1.6056
-1.5893
-1.6155
-1.6112
-1.6070
-1.6386
-1.6668
-1.6655
-1.6559
-1.6419
-1.6250
-1.6113
-1.5972
-1.5828
-1.5725
-1.5569
-1.4906
-1.5557
-1.5172
-1.4669
-1.2411
-1.0232
-0.7865
-0.5028
-0.2161
0.0761
0.3308
0.5445
0.7355
0.8457
0.9561
1.2011
1.5115
1.7326
1.8913
2.0079
2.0704
2.1356
2.2324
2.0650
1.8409
1.8515
0.3838
0.8893
0.1276
0.3586
1.0610
2.0809
1.6506
1.9170
2.3362
2.3352
2.4081
2.6407
2.7219
2.7156
2.6182
2.4581
2.2871
2.1297
1.9554
1.7515
1.5490
1.2992
1.0394
0.7834
0.2515
0.1194
-0.3473
-0.4129
-0.2329
-0.0387
-0.2698
-0.4993
-0.6416
-0.7032
-0.7422
-0.7108
-0.6769
-0.7008
-0.7552
-0.7659
-0.7749
-0.7707
-0.7502
-0.7658
-0.8159
-0.8699
-0.8910
-0.9016
-0.9107
-0.9090
-0.9278
-0.9450
-0.9393
-0.9330
-0.9377
-0.9549
-0.9553
-0.9679
-0.9794
-1.0031
-1.0298
-1.0460
-1.0497
-1.0438
-1.0220
-1.0204
-1.0318
-1.0531
-1.0669
-1.0448
-0.8669
-0.7831
-0.6609
-0.3935
-0.0637
0.3264
0.7706
1.1552
1.4879
1.8268
2.2502
2.8191
3.2910
3.6787
4.0285
4.3040
4.5749
4.8202
5.0251
5.2179
5.3962
5.5436
5.6559
5.7569
5.8724
5.9945
6.1129
6.2219
6.3187
6.4037
6.4769
6.5361
6.5803
6.6126
6.6349
6.6514
6.6640
6.6660
6.6470
6.5869
6.4810
6.3300
6.2207
6.0992
5.7907
5.1617
4.6324
4.2518
3.8018
3.4080
3.1227
2.8209
2.4512
2.1916
1.8442
1.6185
1.5290
1.5570
1.4257
1.3244
1.2750
1.2826
1.2622
1.2370
1.2218
1.1722
1.0574
0.9259
0.7753
0.6814
0.6905
0.7308
0.7837
0.7960
0.7920
0.7970
0.7406
0.7562
0.7652
0.6900
0.6501
0.5893
0.5138
0.4577
0.4916
0.6559
0.8071
0.9235
0.9580
0.9440
0.9639
1.0003
1.0156
0.9803
0.8860
0.7403
0.5801
0.5312
0.6671
0.5831
0.6001
0.7823
1.0690
1.3848
1.6728
1.9620
2.2226
2.4748
2.7474
3.0562
3.3169
3.5243
3.7064
3.9029
4.1237
4.3615
4.5946
4.7926
4.9544
5.1113
5.2776
5.4490
5.6066
5.7384
5.8496
5.9440
6.0293
6.1116
6.1873
6.2489
6.2922
6.3164
6.3236
6.3181
6.3030
6.2740
6.2246
6.1642
6.1095
6.0593
5.9960
5.9111
5.8524
5.7652
5.7280
5.7952
5.7714
5.3618
5.3956
5.2156
4.2857
4.0211
3.9035
3.3379
2.8546
2.5152
2.2676
1.9275
1.6134
1.3916
1.2138
1.0515
0.9180
0.8317
0.7782
0.7364
0.7189
0.6677
0.5833
0.5326
0.5020
0.4354
0.2752
0.2515
0.3173
0.2663
0.2569
-0.0139
0.0384
-0.0426
0.1931
0.5106
0.6404
0.7773
0.9150
0.9814
0.8393
0.6626
0.5792
0.4415
0.2671
0.1484
0.0915
0.2371
0.2945
0.2697
0.4200
0.6673
0.9643
1.2233
1.5243
1.7740
1.9971
2.2566
2.5598
2.8901
3.2166
3.5125
3.7832
4.0564
4.3624
4.6426
4.8751
5.0940
5.2927
5.4619
5.6078
5.7436
5.8745
6.0006
6.1187
6.2247
6.3176
6.4103
6.4818
6.5406
6.5913
6.6347
6.6667
6.6759
6.6822
6.6748
6.6586
6.6144
6.5549
6.5241
6.5017
6.4923
6.4795
6.3197
6.0696
5.8652
5.7804
5.5821
5.3426
5.3123
5.1392
5.0332
5.1098
5.1758
5.1388
4.9907
4.0551
3.6130
3.8920
3.8535
3.9144
2.6619
2.2038
1.8867
1.7573
1.6412
1.5240
1.3012
