-6.5835
-6.7880
-6.7990
-6.7037
-6.6932
-6.9164
-7.0493
-7.3190
-7.3354
-7.3993
-7.3079
-7.2402
-7.0580
-7.0788
-7.1021
-7.1709
-7.0914
-7.0281
-6.7465
-6.4747
-6.4031
-6.3416
-6.1845
-6.1007
-6.0741
-5.9894
-5.7590
-5.6489
-5.5328
-5.4023
-5.3169
-4.6821
-3.9890
-3.5679
-3.5006
-3.5105
-3.6318
-4.1680
-4.6174
-4.4145
-5.3782
-5.6696
-6.0056
-7.5412
-5.7285
-6.9542
-8.4230
-7.5003
-6.3715
-5.0479
-6.1442
-7.8223
-7.5194
-6.8575
-6.1399
-5.8076
-5.8406
-6.1632
-6.5465
-6.4864
-6.6981
-6.1649
-5.6059
-5.9907
-5.8416
-4.5746
-4.2018
-3.9010
-3.0560
-3.9288
-5.1691
-6.0208
-6.1347
-5.7227
-5.7025
-5.2972
-5.4873
-5.4039
-5.0634
-5.0081
-4.8470
-5.1443
-5.1933
-5.0501
-5.0766
-5.0749
-4.9604
-4.8489
-4.6768
-4.6546
-4.6024
-4.2722
-4.1509
-4.0732
-3.8885
-3.6943
-3.6444
-3.6632
-3.5820
-3.3871
-2.9824
-2.7335
-2.4762
-2.1124
-1.8282
-1.6375
-1.4955
-1.3997
-1.1972
-1.0445
-0.8464
-0.6849
-0.4763
0.0797
0.6443
0.9177
1.0760
1.2844
1.6141
2.0592
2.2983
2.4560
2.4888
2.5004
2.7911
3.2111
3.4444
3.6919
3.8189
3.8456
3.8812
3.9785
3.9439
3.8292
3.7848
3.7689
3.6251
3.4779
3.2440
3.0257
2.8229
2.6300
2.4779
2.3120
2.1353
1.9572
1.9576
1.9462
1.9161
1.8128
1.6167
1.0323
0.2368
-0.0355
-0.3343
-0.7715
-1.2443
-2.0595
-3.5255
-3.9879
-4.2664
-4.3387
-4.2983
-4.0396
-4.0210
-3.8571
-3.9052
-3.8241
-3.5209
-3.4316
-3.5577
-3.4721
-3.2298
-3.0687
-3.2540
-3.0977
-2.8085
-2.6010
-2.3313
-1.9373
-1.4887
-0.9248
-0.4475
-0.0500
0.1871
0.4092
0.8865
1.5037
1.9387
2.4999
2.8750
3.2274
3.5663
3.6618
3.8077
3.9573
3.8859
3.7451
3.9136
4.2694
4.4999
4.6761
4.8351
5.0428
5.2472
5.4972
5.7639
5.9264
5.8752
5.6696
5.6261
5.8539
5.6588
4.9993
4.4360
4.4810
4.8362
5.0638
5.4611
5.6767
5.7098
5.9085
6.2957
6.5396
6.5849
6.5378
6.4417
6.3468
6.1665
6.0762
6.1298
6.1234
5.9175
5.6535
5.4935
5.4841
5.4879
5.4555
5.3444
5.1963
5.0065
4.8563
4.7224
4.5737
4.4542
4.3151
4.2595
4.2870
4.2228
4.1147
3.8219
3.5522
3.2660
2.9211
2.4721
2.0641
1.8813
2.0314
2.3631
2.2705
0.9844
0.2698
-0.4413
-1.7400
-1.6808
-1.8332
-2.1417
-1.9546
-1.3850
-0.5147
0.1775
0.6605
0.9201
1.0585
1.1415
1.2415
1.3216
1.4059
1.5602
1.7212
2.0330
2.4049
2.6805
2.9960
3.4095
3.8996
4.1585
4.2651
4.4347
4.6218
4.9275
5.0137
5.0498
5.1841
5.8221
6.1132
6.2558
6.3956
6.4627
6.5408
6.6207
6.7119
6.8060
6.8125
6.7127
6.6062
6.8931
7.1402
6.7757
6.0022
5.9062
6.3403
6.4204
6.8129
7.0667
6.9807
6.7760
6.7332
6.7456
6.7351
6.6872
6.6070
6.4778
6.3889
6.3652
6.3442
6.3849
6.4116
6.3685
6.3040
6.2144
6.1792
6.1188
5.8405
5.7144
5.6872
5.5821
5.5738
5.7536
5.5629
5.3976
5.0265
4.8299
4.8818
4.8459
4.8268
4.9198
4.8511
4.7695
4.7368
4.6034
4.4755
4.0258
3.2814
2.8377
2.9726
2.9732
2.5632
2.6801
2.7964
2.8785
3.3546
3.5571
3.5095
3.2554
2.1674
1.6511
1.9450
1.9836
2.0802
0.5010
0.8864
1.3274
1.5700
1.5719
1.6047
1.5090
