4.2552
4.2912
4.4717
4.6192
4.6947
4.9132
5.0256
5.0938
5.2018
5.2984
5.3315
5.3299
5.2997
5.1934
5.0616
5.0242
4.9479
5.0907
4.7906
4.5920
4.5061
4.6981
4.8772
5.0987
5.1468
5.2193
5.4193
5.5190
5.5577
5.5461
5.3696
5.9055
6.2846
6.3620
6.3032
6.2770
6.2989
5.9481
5.4888
5.4149
4.5655
4.8850
5.0609
5.5860
2.9415
2.6567
1.5439
3.0474
5.4449
7.7225
7.3606
7.0060
7.2545
7.4946
7.7370
7.5078
7.5321
7.7809
7.7847
8.1483
8.2853
8.5827
8.1560
8.5992
8.4101
8.0645
8.2827
8.0539
8.4300
9.1133
7.9863
7.8935
7.9500
7.6224
7.4513
7.3073
7.4434
7.5635
7.6691
7.7284
7.6018
7.8195
7.8946
7.9208
8.1657
8.4654
8.5452
8.6701
8.7385
8.7925
8.8696
8.7510
8.8736
9.1025
9.3047
9.3722
9.4904
9.7070
9.7214
9.5501
9.2423
9.1075
9.0956
8.9448
8.8221
8.7587
8.6095
8.5631
8.4700
8.4099
8.3840
8.3829
8.2334
7.8284
7.6707
6.8299
6.0533
5.4685
5.2592
5.3740
5.2997
5.0767
4.8534
4.6892
4.6688
4.5406
4.4315
4.4093
4.4234
4.4772
4.5382
4.5530
4.6089
4.8123
5.0745
5.1781
5.3331
5.4828
5.6433
5.7469
5.8659
6.0220
6.1657
6.2522
6.3877
6.5945
6.7399
6.8622
6.9041
6.8700
6.8268
6.8255
7.2823
7.3704
7.1663
7.0047
6.8661
6.5006
6.8417
7.8706
7.8298
8.3803
8.4172
8.8098
9.2637
9.3354
9.6830
9.8751
10.1498
10.5338
11.0328
11.2675
11.3697
11.4720
11.7642
11.7675
11.7469
11.7568
11.7084
11.5626
11.3565
11.1047
10.8533
10.7222
10.6989
10.8098
10.6758
10.3647
10.2892
10.1139
9.9166
9.6332
9.4165
9.2956
9.0200
8.6408
8.5717
8.6090
8.4396
8.3969
8.4553
8.5178
8.5155
8.4351
8.3679
8.2377
8.0553
7.8672
7.5786
7.1274
6.5835
6.2684
6.2364
5.4463
4.9701
4.9784
5.0232
5.0572
5.0998
5.1528
5.1294
4.9073
4.6713
4.6525
4.7035
4.7281
4.7401
4.7566
4.8912
4.9781
4.9414
4.8942
4.9526
5.0685
5.1298
5.1165
5.1026
5.1337
5.1833
5.2573
5.3748
5.5191
5.6772
5.8658
6.1135
6.3822
6.5958
6.7118
6.7798
6.7602
6.5574
6.4690
6.2599
6.1013
5.9643
6.0565
6.0890
6.3551
6.6740
6.8732
7.2105
7.4891
7.4369
7.3597
8.1719
9.0205
9.2461
9.8264
10.4914
10.7517
10.7841
10.7831
10.6161
10.5073
10.4149
10.3768
10.3747
10.4724
10.3941
10.4072
10.1388
9.9100
9.8413
9.7701
9.4249
8.8627
8.6119
8.4664
8.3301
8.2291
7.9405
7.8616
7.8579
7.5481
7.0520
6.9051
6.7702
6.7914
6.8747
6.8042
6.5750
6.3996
6.2663
6.0897
5.7989
5.4299
4.9131
4.6919
4.2973
3.9465
3.7798
3.7835
3.7424
3.5836
3.4403
3.3909
3.2954
3.1162
2.9397
2.8083
2.6802
2.6084
2.5020
2.3449
2.1463
1.9596
1.8730
1.8044
1.8174
1.8655
1.9320
1.9901
2.1242
2.5629
3.3730
3.0646
3.1113
3.0909
3.1588
3.1920
3.0212
3.1646
3.4926
3.4828
3.8424
4.2652
4.4653
4.5938
4.4178
4.1875
4.3474
4.2239
4.0231
3.8647
4.1618
4.6067
5.3261
5.8975
6.5197
6.8655
7.0858
7.2328
7.3939
7.4899
7.5375
7.5078
7.9618
8.4065
8.4897
8.6975
9.4944
9.4766
9.4139
9.4737
9.5145
9.5180
9.3667
