3.8400
3.9250
3.9330
3.9700
3.9710
3.9670
3.9740
4.0030
4.0600
4.0650
4.1070
4.1740
4.2240
4.2870
4.3630
4.4190
4.4910
4.5040
4.4010
4.2930
4.1710
3.7230
3.2540
3.0200
3.1270
3.1660
3.1570
3.1490
3.0660
2.9170
2.7270
2.4730
2.2180
1.9330
1.6300
1.3730
1.5540
2.0650
2.4540
2.5860
2.6350
2.6470
2.7090
2.7970
2.9590
3.1760
3.4100
3.5080
3.5570
3.6560
3.7600
3.8570
3.9350
4.1100
4.5970
4.8820
4.8680
4.9630
5.1630
5.4040
5.6580
5.8770
6.0920
6.0620
5.9150
5.8350
5.8580
5.9840
6.1060
6.2420
6.2720
6.2810
6.3080
6.4150
6.4780
6.5250
6.5910
6.6800
6.7860
6.8960
6.9610
7.0090
7.0840
7.1260
7.1950
7.2260
7.2440
7.3300
7.5120
7.6720
7.6720
7.6000
7.5800
7.5890
7.6000
7.6040
7.6090
7.5860
7.5680
7.5310
7.4800
7.4690
7.4670
7.4400
7.3730
7.2940
7.2210
7.1900
7.1840
7.1930
7.1920
7.1210
6.9220
6.6530
6.5190
6.2040
5.7870
5.7560
5.8490
5.7550
5.7110
5.9560
6.1150
6.1170
6.0750
6.0380
6.0280
6.0480
6.0700
6.0230
5.9260
5.8100
5.7200
5.6700
5.6400
5.6180
5.6140
5.6380
5.6720
5.7100
5.7450
5.7640
5.7900
5.8050
5.8010
5.8200
5.8510
5.8760
5.8980
5.9220
5.9410
5.9290
5.8850
5.8180
5.7520
5.6470
5.5030
5.3500
5.2850
5.2760
5.1340
5.1460
5.2160
5.4230
5.6850
5.8650
5.9480
6.0950
6.1680
6.2250
6.2350
6.2850
6.3150
6.3290
6.3230
6.2710
6.1270
5.9680
5.9300
5.9860
6.0170
5.9430
5.8020
5.6380
5.4800
5.2970
5.1870
5.3080
5.4140
5.4790
5.5230
5.4450
5.2980
5.1080
4.7860
1.9750
2.5800
2.7870
2.7380
2.6580
2.6710
2.9330
3.3780
3.9220
4.2720
4.4530
4.4830
4.5480
4.7770
5.1370
5.5630
5.9080
6.2280
6.3950
6.5560
6.7290
6.9040
7.0850
7.2640
7.4130
7.5650
7.7180
7.8640
7.9500
7.9780
7.9560
7.8830
7.7680
7.6200
7.4790
7.3330
7.1830
7.0370
6.8760
6.7310
6.6430
6.6050
6.5500
6.5210
6.5180
6.4930
6.4440
6.4160
6.3810
6.3450
6.3280
6.2900
6.2370
6.1810
6.1290
6.0490
5.9970
5.9670
5.9500
5.9370
5.9010
5.8310
5.7690
5.7660
5.7530
5.7230
5.6880
5.6510
5.6340
5.6290
5.6390
5.6540
5.6430
5.6380
5.6320
5.6170
5.5820
5.5260
5.4670
5.4300
5.3950
5.3120
5.2650
5.2720
5.2070
5.1700
5.1370
5.1090
5.0660
5.0030
4.9110
4.8480
4.8580
4.8560
4.8250
4.8020
4.7270
4.6320
4.5920
4.5970
4.7170
4.7900
4.7440
4.7040
4.6690
4.6490
4.6710
4.6710
4.6660
4.7220
4.7420
4.6840
4.4020
4.3360
4.4040
4.4170
4.4310
4.3940
4.3360
4.3080
4.2890
4.2680
4.2610
4.2990
4.4130
4.5410
4.6490
4.7670
4.8630
4.9200
4.9660
5.0100
5.0480
5.0870
5.1360
5.1740
5.1730
5.1510
5.0950
5.0270
4.9620
4.9380
4.9160
4.9230
4.9480
5.0090
5.0810
5.1700
5.2610
5.4070
5.5110
5.5930
5.6720
5.7480
5.6890
5.6800
5.6920
5.6610
5.7100
5.7060
5.8210
5.9400
6.0440
6.1040
6.1690
6.2650
6.4090
6.4900
6.5330
6.5600
6.6160
6.6280
6.5600
6.4450
6.3460
6.2830
6.2460
6.2240
6.2590
6.3740
6.5010
6.5590
