1074.2000
1072.2000
1060.4000
1074.6000
1066.1000
1063.6000
1066.8000
1061.3000
1059.0000
1077.3000
1078.7000
1097.6000
1092.6000
1095.5000
1100.3000
1120.5000
1136.2000
1154.8000
1149.1000
1158.8000
1161.6000
1172.0000
1183.7000
1190.2000
1186.0000
1193.1000
1193.1000
1197.5000
1201.3000
1210.5000
1209.3000
1204.4000
1199.8000
1196.1000
1193.2000
1195.2000
1193.9000
1190.1000
1186.6000
1168.1000
1151.5000
1141.9000
1132.0000
1125.5000
1116.4000
1106.6000
1095.8000
1087.3000
1083.2000
1074.5000
1066.9000
1071.5000
1068.9000
1063.7000
1062.1000
1052.4000
1046.0000
1039.2000
1038.3000
1032.2000
1025.0000
1019.3000
1017.0000
1025.8000
1033.5000
1039.8000
1048.2000
1054.3000
1061.3000
1068.0000
1077.8000
1087.7000
1093.6000
1098.8000
1102.0000
1101.0000
1107.7000
1114.8000
1120.8000
1128.9000
1134.9000
1143.7000
1148.0000
1157.2000
1167.3000
1178.1000
1187.3000
1159.6000
1134.1000
1124.1000
1120.5000
1128.5000
1120.0000
1108.4000
1087.5000
1071.9000
1068.4000
1066.1000
1061.6000
1059.1000
1045.3000
1034.4000
1026.4000
1024.4000
1025.5000
1022.0000
1020.4000
1016.9000
1018.9000
1023.5000
1027.4000
1065.3000
1099.4000
1110.6000
1116.1000
1112.5000
1118.1000
1130.5000
1152.1000
1165.1000
1165.2000
1167.6000
1170.4000
1157.1000
1155.8000
1156.2000
1155.6000
1156.3000
1153.7000
1153.9000
1150.7000
1153.0000
1155.4000
1157.3000
1160.7000
1133.4000
1107.7000
1095.4000
1085.4000
1081.4000
1069.0000
1052.9000
1026.0000
1009.4000
1006.1000
1001.8000
997.0200
988.9700
970.9200
961.1500
957.6500
957.4300
957.6300
955.2500
953.7600
954.2400
960.1400
969.9300
976.4700
1011.8000
1038.8000
1052.1000
1065.8000
1076.0000
1090.8000
1108.2000
1132.3000
1149.7000
1158.2000
1170.5000
1182.3000
1181.7000
1191.5000
1202.2000
1213.3000
1226.7000
1241.0000
1262.5000
1273.8000
1287.4000
1302.4000
1318.3000
1341.6000
1327.6000
1312.3000
1319.4000
1327.6000
1336.5000
1332.5000
1322.3000
1302.4000
1294.0000
1301.4000
1309.3000
1318.0000
1411.0000
1461.9000
1478.1000
1487.1000
1491.0000
1497.1000
1503.7000
1517.5000
1527.5000
1530.6000
1542.7000
1554.2000
1593.2000
1633.6000
1649.7000
1662.1000
1669.2000
1691.6000
1720.9000
1761.4000
1795.5000
1818.3000
1842.0000
1868.4000
1870.6000
1887.2000
1908.1000
1927.2000
1946.9000
1957.7000
1966.0000
1971.3000
1981.7000
1992.4000
2000.7000
2010.8000
1988.8000
1963.6000
1958.5000
1957.8000
1966.0000
1963.3000
1957.6000
1945.6000
1935.9000
1942.4000
1946.8000
1949.7000
1952.3000
1944.2000
1933.7000
1926.1000
1923.3000
1918.4000
1908.0000
1901.4000
1889.3000
1881.3000
1877.8000
1871.9000
1888.6000
1904.2000
1907.1000
1913.3000
1913.3000
1919.7000
1924.2000
1936.5000
1941.3000
1944.0000
1947.6000
1952.0000
1938.1000
1934.5000
1939.2000
1946.9000
1956.0000
1960.0000
1964.4000
1958.3000
1956.4000
1955.5000
1951.7000
1950.9000
1913.2000
1877.7000
1866.0000
1857.0000
1862.1000
1855.5000
1841.8000
1814.7000
1796.7000
1791.3000
1788.2000
1787.3000
1806.8000
1808.7000
1804.3000
1801.7000
1801.8000
1805.6000
1809.1000
1816.5000
1813.0000
1811.3000
1814.9000
1817.5000
1843.4000
1865.9000
1868.6000
1865.4000
1855.1000
1854.4000
1861.0000
1871.3000
1877.2000
1873.9000
1872.8000
1872.3000
1850.8000
1840.5000
1836.5000
1833.6000
1831.0000
1823.1000
1814.6000
1801.0000
1794.4000
1789.6000
1782.1000
1776.5000
1742.7000
1705.6000
1682.8000
1665.1000
1656.7000
1638.2000
1615.0000
1584.5000
1560.9000
1548.7000
1537.8000
1527.3000
1530.1000
1519.5000
1509.1000
1498.9000
1488.6000
1483.3000
1477.5000
1472.5000
1462.0000
1452.1000
1447.1000
1437.0000
1445.9000
1457.1000
1458.5000
1460.3000
1457.5000
1465.3000
1471.4000
1481.0000
1488.2000
1492.7000
1498.5000
1505.0000
1487.6000
1483.1000
1483.9000
1487.1000
1494.3000
1496.4000
1493.9000
1483.4000
1477.6000
1479.6000
1481.6000
1481.2000
1439.2000
1400.0000
