5.2923
5.4284
5.4405
5.4986
5.5016
5.4944
5.5058
5.5524
5.6424
5.6494
5.7172
5.8237
5.9017
6.0020
6.1234
6.2114
6.3265
6.3460
6.1838
6.0112
5.8186
5.1070
4.3628
3.9915
4.1616
4.2240
4.2086
4.1971
4.0648
3.8280
3.5274
3.1239
2.7197
2.2669
1.7860
1.3787
1.6650
2.4768
3.0931
3.3033
3.3810
3.4008
3.4982
3.6388
3.8950
4.2400
4.6112
4.7667
4.8443
5.0018
5.1659
5.3203
5.4440
5.7208
6.4939
6.9458
6.9243
7.0746
7.3932
7.7751
8.1782
8.5248
8.8664
8.8195
8.5857
8.4594
8.4955
8.6948
8.8886
9.1046
9.1517
9.1670
9.2090
9.3784
9.4795
9.5543
9.6582
9.8003
9.9682
10.1429
10.2451
10.3221
10.4412
10.5073
10.6167
10.6658
10.6942
10.8316
11.1201
11.3730
11.3742
11.2591
11.2271
11.2417
11.2589
11.2656
11.2741
11.2370
11.2087
11.1498
11.0684
11.0512
11.0478
11.0061
10.8988
10.7740
10.6578
10.6092
10.5997
10.6142
10.6122
10.4999
10.1838
9.7561
9.5435
9.0439
8.3829
8.3331
8.4809
8.3324
8.2627
8.6508
8.9037
8.9069
8.8397
8.7803
8.7643
8.7964
8.8314
8.7565
8.6032
8.4184
8.2761
8.1976
8.1494
8.1139
8.1083
8.1467
8.2004
8.2601
8.3167
8.3461
8.3867
8.4112
8.4048
8.4354
8.4838
8.5232
8.5580
8.5970
8.6265
8.6078
8.5374
8.4325
8.3271
8.1603
7.9312
7.6892
7.5864
7.5718
7.3471
7.3659
7.4762
7.8048
8.2201
8.5063
8.6378
8.8715
8.9872
9.0778
9.0931
9.1723
9.2204
9.2427
9.2325
9.1508
8.9221
8.6693
8.6102
8.6980
8.7476
8.6298
8.4056
8.1460
7.8950
7.6047
7.4299
7.6223
7.7910
7.8939
7.9638
7.8393
7.6070
7.3049
6.7942
2.3343
3.2944
3.6217
3.5447
3.4173
3.4377
3.8532
4.5607
5.4238
5.9783
6.2652
6.3130
6.4165
6.7806
7.3519
8.0269
8.5752
9.0831
9.3474
9.6032
9.8773
10.1556
10.4416
10.7260
10.9625
11.2037
11.4473
11.6786
11.8142
11.8600
11.8238
11.7082
11.5257
11.2914
11.0677
10.8357
10.5981
10.3666
10.1101
9.8812
9.7403
9.6809
9.5934
9.5468
9.5418
9.5035
9.4245
9.3810
9.3245
9.2684
9.2414
9.1810
9.0974
9.0071
8.9250
8.7989
8.7164
8.6686
8.6408
8.6207
8.5629
8.4520
8.3545
8.3496
8.3293
8.2808
8.2249
8.1667
8.1394
8.1321
8.1475
8.1710
8.1547
8.1461
8.1367
8.1134
8.0575
7.9680
7.8755
7.8158
7.7607
7.6283
7.5549
7.5653
7.4619
7.4038
7.3514
7.3066
7.2379
7.1381
6.9924
6.8921
6.9088
6.9048
6.8567
6.8195
6.7011
6.5504
6.4860
6.4939
6.6847
6.8000
6.7274
6.6646
6.6090
6.5771
6.6113
6.6112
6.6045
6.6924
6.7249
6.6325
6.1853
6.0800
6.1878
6.2081
6.2309
6.1715
6.0809
6.0360
6.0054
5.9720
5.9619
6.0217
6.2028
6.4049
6.5761
6.7640
6.9163
7.0064
7.0802
7.1501
7.2099
7.2719
7.3490
7.4096
7.4090
7.3731
7.2843
7.1771
7.0729
7.0353
7.0010
7.0110
7.0518
7.1479
7.2629
7.4029
7.5482
7.7789
7.9449
8.0746
8.2001
8.3204
8.2271
8.2125
8.2319
8.1833
8.2599
8.2543
8.4373
8.6258
8.7901
8.8849
8.9895
9.1407
9.3690
9.4978
9.5669
9.6092
9.6988
9.7175
9.6085
9.4263
9.2703
9.1691
9.1108
9.0754
9.1309
9.3144
9.5160
9.6076
