-11.2834
-11.3352
-11.3801
-11.4207
-11.4369
-11.4290
-11.4177
-11.3955
-11.3769
-11.3613
-11.3579
-11.3624
-11.3553
-11.3543
-11.3625
-11.3758
-11.3825
-11.4149
-11.6707
-11.6436
-11.6500
-11.7776
-11.5384
-11.1059
-10.5505
-10.0688
-9.5663
-9.0691
-8.6488
-8.2301
-7.8723
-7.5254
-7.2134
-6.9463
-6.7386
-6.6876
-6.8235
-7.0337
-7.2743
-7.3625
-7.3762
-7.3287
-7.2859
-7.3095
-7.4297
-7.6239
-7.8450
-7.8661
-7.8057
-7.7352
-7.7028
-7.7443
-7.7866
-7.9254
-8.2565
-8.2609
-7.9802
-8.0040
-8.0800
-8.0444
-8.0056
-7.9365
-7.7773
-7.9275
-7.9612
-8.1108
-8.2370
-8.4001
-8.6012
-8.8239
-9.1378
-9.4471
-9.6948
-9.8300
-9.9015
-9.9496
-9.9788
-10.0434
-10.1343
-10.1934
-10.2749
-10.3801
-10.4644
-10.5693
-10.6683
-10.7447
-10.8426
-10.9481
-10.9886
-10.9934
-11.1033
-11.2682
-11.4328
-11.5681
-11.6783
-11.7578
-11.8000
-11.8580
-11.9211
-12.0003
-12.0840
-12.1437
-12.1797
-12.2125
-12.2499
-12.2812
-12.3102
-12.3247
-12.3089
-12.2839
-12.2704
-12.2938
-12.3378
-12.2965
-12.0204
-11.9302
-11.6886
-11.3801
-11.0095
-10.6659
-10.2750
-9.7541
-9.2839
-8.9221
-8.5773
-8.2085
-7.7909
-7.3631
-6.9932
-6.6807
-6.3935
-6.1011
-5.7960
-5.4722
-5.1602
-4.8815
-4.6367
-4.4203
-4.2287
-4.0602
-3.9134
-3.7891
-3.6887
-3.6182
-3.5780
-3.5667
-3.5864
-3.6300
-3.6915
-3.7897
-3.9330
-4.1000
-4.2934
-4.4846
-4.7019
-4.9806
-5.2471
-5.5173
-5.8328
-6.1575
-6.5125
-6.9232
-7.3825
-7.8520
-8.3003
-8.6807
-8.9317
-9.0835
-9.2945
-9.4360
-9.5639
-9.6936
-9.7998
-9.8902
-9.9682
-10.0643
-10.1681
-10.2732
-10.3222
-10.3444
-10.3746
-10.4056
-10.4412
-10.4873
-10.5088
-10.5043
-10.4494
-10.3302
-10.2592
-10.2200
-10.1941
-10.1699
-10.1404
-10.1095
-10.1072
-11.2228
-11.7455
-11.6619
-11.5147
-11.2670
-11.0565
-10.9492
-10.8477
-10.7033
-10.5250
-10.3832
-10.3475
-10.3277
-10.3222
-10.3811
-10.4720
-10.5606
-10.7940
-11.0054
-11.1568
-11.2685
-11.3977
-11.5351
-11.6639
-11.7755
-11.8739
-11.9908
-12.1090
-12.1858
-12.2337
-12.2833
-12.3234
-12.3407
-12.3361
-12.3212
-12.2943
-12.2567
-12.2098
-12.1540
-12.0983
-12.0555
-12.0253
-12.0050
-12.0034
-12.0096
-12.0227
-12.0460
-12.0754
-12.1146
-12.1641
-12.2118
-12.2551
-12.2985
-12.3349
-12.3648
-12.3928
-12.4192
-12.4407
-12.4619
-12.4860
-12.5134
-12.5398
-12.5619
-12.5956
-12.6136
-12.6229
-12.6250
-12.6198
-12.6129
-12.6013
-12.5842
-12.5621
-12.5352
-12.5070
-12.4816
-12.4588
-12.4349
-12.4038
-12.3633
-12.3202
-12.2779
-12.2236
-12.1688
-12.1307
-12.1079
-12.0878
-12.0754
-12.0521
-12.0150
-11.9540
-11.8888
-11.8223
-11.7512
-11.6736
-11.5841
-11.4953
-11.4245
-11.3573
-11.3019
-11.2582
-11.2178
-11.1673
-11.1366
-11.1297
-11.1314
-11.1300
-11.1450
-11.1651
-11.2104
-11.2365
-11.2739
-11.3250
-11.3367
-11.2559
-11.1119
-10.9392
-10.7300
-10.5348
-10.3311
-10.0808
-9.7984
-9.5361
-9.3643
-9.2634
-9.1634
-9.0208
-8.8789
-8.7312
-8.5789
-8.3922
-8.1947
-7.9987
-7.8258
-7.6517
-7.4985
-7.3196
-7.1476
-6.9883
-6.8192
-6.5978
-6.3468
-6.0980
-5.7945
-5.5776
-5.4341
-5.3023
-5.2040
-5.1316
-5.1526
-5.2097
-5.3250
-5.4886
-5.6891
-5.9660
-6.2844
-6.5695
-6.8597
-7.2007
-7.5626
-7.9248
-8.2835
-8.6133
-8.9130
-9.1233
-9.3077
-9.4781
-9.6069
-9.7262
-9.7938
-9.8501
-9.8933
-9.9525
-10.0438
-10.0804
-10.0959
-10.1022
-10.1022
-10.0949
-10.0818
-10.0560
-10.0139
-9.9952
