5.0330
5.1220
5.1187
5.1346
5.1336
5.1399
5.1581
5.2266
5.3507
5.3962
5.5098
5.6536
5.7721
5.8896
6.0229
6.1245
6.2488
6.2786
6.1172
5.9484
5.7529
5.0502
4.3164
3.9614
4.1007
4.1316
4.0720
3.9892
3.7935
3.4808
3.1142
2.6525
2.1658
1.6197
0.9934
0.0993
-1.0146
-2.1368
-2.8576
-3.0808
-3.0954
-3.0787
-3.1535
-3.2377
-3.4917
-3.9411
-4.3739
-4.5301
-4.5925
-4.7345
-4.8998
-5.1003
-5.2852
-5.6784
-6.4782
-6.8711
-6.8621
-6.9885
-7.2209
-7.4356
-7.6189
-7.7104
-7.7387
-7.5205
-7.0842
-6.8360
-6.7099
-6.6373
-6.4176
-6.1234
-5.6848
-5.2280
-4.9311
-4.8081
-4.7060
-4.5859
-4.5050
-4.4213
-4.2926
-4.1189
-3.8563
-3.6004
-3.4081
-3.1947
-2.9679
-2.7145
-2.4791
-2.2292
-2.0363
-1.9652
-1.8783
-1.8025
-1.6904
-1.5019
-1.3446
-1.2154
-1.1361
-1.0597
-1.0129
-0.9364
-0.8593
-0.8503
-0.9012
-0.9813
-1.0618
-1.1879
-1.2640
-1.3491
-1.4643
-1.6256
-1.7623
-1.8273
-1.7676
-1.6139
-1.3838
-1.3791
-1.3742
-1.4170
-1.3986
-1.3818
-1.3507
-1.2741
-1.1890
-1.1725
-1.2058
-1.2451
-1.1925
-1.0218
-0.7771
-0.6287
-0.6645
-0.7630
-0.8366
-0.8799
-0.8843
-0.8698
-0.8937
-0.9263
-0.9746
-1.0838
-1.2105
-1.2814
-1.3431
-1.4074
-1.4700
-1.5322
-1.6108
-1.6635
-1.6904
-1.7518
-1.9123
-2.0422
-2.1106
-2.1485
-2.2117
-2.3458
-2.4352
-2.4704
-2.6251
-2.8718
-2.9590
-3.1007
-3.2472
-3.4284
-3.7703
-3.8721
-3.8471
-3.8448
-3.6812
-3.5151
-3.3818
-3.2552
-3.1434
-3.0826
-3.0676
-3.0350
-2.9343
-2.8522
-2.8358
-2.7899
-2.6677
-2.4827
-2.3038
-2.0902
-1.9002
-1.7355
-1.6224
-1.5521
-1.5087
-1.4160
-1.3909
-1.4048
-1.3841
-1.3411
-1.2311
1.0142
2.2596
1.7421
0.9247
-0.0600
-0.9786
-1.8639
-2.5000
-2.9575
-3.2883
-3.3412
-3.1531
-3.3747
-3.7149
-4.0081
-4.4102
-4.8819
-5.2573
-5.5544
-5.8061
-6.0005
-6.3407
-6.7873
-7.2184
-7.5940
-8.0104
-8.4095
-8.7550
-9.0671
-9.2871
-9.4194
-9.4593
-9.4296
-9.3672
-9.3041
-9.2366
-9.1323
-9.0108
-8.8120
-8.6046
-8.4883
-8.4756
-8.3536
-8.2205
-8.2073
-8.0877
-7.9896
-7.9337
-7.9128
-7.8946
-7.9079
-7.8904
-7.8722
-7.8446
-7.8089
-7.7438
-7.7330
-7.7584
-7.7999
-7.8442
-7.8533
-7.8164
-7.7859
-7.8365
-7.8753
-7.8737
-7.8805
-7.8917
-7.9207
-7.9541
-8.0109
-8.0724
-8.0872
-8.1007
-8.1093
-8.1003
-8.0547
-7.9679
-7.8691
-7.7896
-7.7010
-7.5359
-7.4163
-7.3459
-7.1514
-6.9554
-6.7440
-6.5479
-6.3568
-6.1565
-5.9219
-5.7600
-5.7272
-5.7297
-5.5984
-5.3671
-5.1864
-5.0209
-4.8812
-4.7469
-4.6171
-4.5168
-4.4950
-4.4681
-4.3949
-4.3256
-4.2639
-4.2166
-4.2258
-4.3139
-4.4704
-4.5466
-4.3096
-4.1971
-4.2824
-4.3368
-4.4603
-4.5171
-4.5315
-4.5969
-4.7137
-4.8336
-4.9922
-5.2115
-5.4789
-5.7041
-5.8850
-6.0698
-6.2200
-6.2765
-6.3106
-6.3431
-6.3555
-6.3607
-6.3719
-6.3446
-6.2786
-6.1706
-5.9923
-5.7578
-5.4868
-5.2700
-5.0059
-4.8141
-4.6662
-4.4991
-4.3695
-4.2045
-4.1380
-4.1538
-4.1988
-4.2347
-4.2915
-4.3738
-4.3483
-4.2975
-4.2499
-4.2030
-4.1952
-4.1360
-4.1678
-4.2002
-4.2443
-4.1588
-4.0203
-3.9076
-3.8767
-3.7913
-3.6823
-3.5275
-3.4079
-3.3339
-3.2901
-3.1493
-2.9792
-2.8422
-2.7119
-2.6085
-2.5255
-2.4993
-2.5155
-2.4746
