-1.6363
-1.7980
-1.8433
-1.9673
-1.9784
-1.9416
-1.9255
-1.8738
-1.7906
-1.6721
-1.5260
-1.3969
-1.2303
-1.1559
-1.1045
-1.0350
-0.9884
-0.9222
-0.9054
-0.8667
-0.8720
-0.7599
-0.6351
-0.4893
-0.7094
-0.8786
-1.0632
-1.3046
-1.4601
-1.5930
-1.6565
-1.6501
-1.6450
-1.5859
-1.4842
-1.3751
-1.3202
-1.2524
-1.1838
-1.1916
-1.3599
-1.4445
-1.5143
-1.6607
-1.7260
-1.5638
-1.4602
-1.4830
-1.5414
-1.6135
-1.6366
-1.5141
-1.3052
-0.6956
0.4505
1.0159
0.9260
1.1003
1.5866
2.2727
2.9726
3.6364
4.3273
4.6070
4.8506
4.9830
5.2107
5.6166
6.1500
6.7378
7.1719
7.5300
7.7775
8.0522
8.2289
8.3817
8.5431
8.7464
8.9966
9.2689
9.4916
9.6739
9.8693
10.0099
10.1934
10.3146
10.4029
10.5997
10.9321
11.2019
11.2180
11.1138
11.0991
11.1410
11.1783
11.1999
11.2167
11.1869
11.1628
11.1104
11.0350
11.0185
11.0110
10.9623
10.8469
10.7083
10.5826
10.5230
10.4980
10.4890
10.4649
10.3397
10.0292
9.6217
9.4426
8.9381
8.2695
8.2117
8.3648
8.2171
8.1515
8.5564
8.8240
8.8294
8.7571
8.6916
8.6828
8.7368
8.7971
8.7339
8.5775
8.3837
8.2337
8.1502
8.1013
8.0672
8.0589
8.0939
8.1422
8.1886
8.2282
8.2472
8.2784
8.2926
8.2753
8.2951
8.3295
8.3593
8.3894
8.4166
8.4119
8.3620
8.2723
8.1542
8.0280
7.8159
7.5481
7.2816
7.1177
7.0061
6.7249
6.6814
6.7341
7.0115
7.3044
7.5739
7.7338
7.9950
8.1987
8.3696
8.4409
8.5752
8.6680
8.7135
8.7080
8.6328
8.4258
8.1867
8.1298
8.2384
8.3309
8.2650
8.0837
7.8733
7.6629
7.4041
7.2506
7.4626
7.6435
7.7659
7.8414
7.7124
7.4800
7.1807
6.6817
2.1025
-2.3974
-3.1751
-3.4220
-3.4168
-3.2955
-3.3724
-3.8145
-4.5465
-4.9927
-5.2999
-5.4691
-5.4573
-5.6724
-6.1632
-6.7069
-7.0500
-7.4070
-7.5181
-7.6492
-7.8458
-7.9329
-7.9347
-7.9336
-7.9062
-7.8331
-7.7667
-7.7290
-7.5739
-7.3764
-7.1468
-6.8995
-6.6275
-6.3048
-5.9941
-5.6655
-5.3779
-5.1256
-4.9562
-4.8579
-4.7772
-4.6781
-4.7172
-4.8542
-4.8667
-4.9905
-4.9988
-5.0061
-4.9329
-4.8558
-4.7821
-4.6939
-4.5597
-4.4259
-4.3216
-4.1778
-4.0219
-3.8668
-3.7182
-3.5756
-3.4129
-3.2156
-3.0294
-2.8817
-2.7125
-2.5642
-2.3553
-2.1016
-1.8738
-1.6924
-1.4858
-1.2655
-1.0471
-0.8583
-0.6670
-0.4611
-0.2119
0.0420
0.3166
0.6389
0.9614
1.1840
1.4406
1.8086
2.1302
2.5376
2.9260
3.2421
3.4610
3.6125
3.7183
3.7845
3.8641
3.8531
3.9588
4.2071
4.2433
4.2069
4.2710
4.4314
4.8339
5.0831
5.0053
4.9450
4.9360
4.9545
5.0525
5.0920
5.0756
5.1165
5.0239
4.8289
4.4368
4.3989
4.4666
4.4422
4.3509
4.2052
4.0549
3.9118
3.7210
3.5074
3.2592
3.0167
2.9080
2.9132
2.9347
2.9848
3.0245
3.1136
3.2102
3.2999
3.4043
3.5244
3.6614
3.8272
3.9336
4.0357
4.1417
4.2846
4.4633
4.6609
4.8943
5.0969
5.2872
5.5544
5.8015
6.0930
6.3129
6.5770
6.7447
6.8751
6.9875
7.0781
6.9841
6.9983
7.0500
7.0215
7.1152
7.1433
7.3361
7.5341
7.6975
7.8515
8.0405
8.2634
8.5294
8.7083
8.8298
8.9383
9.0803
9.1277
9.0276
8.8847
8.7785
8.7175
8.6978
8.6924
8.7747
8.9728
9.1775
9.2834
