7.3870
7.6310
7.8860
8.1150
8.3920
8.6080
8.7920
8.8330
8.8530
8.9250
8.9580
8.9900
8.9560
8.9360
8.9490
8.8470
8.9160
8.8940
8.5950
8.5710
8.4690
8.2820
8.0410
7.9470
7.9520
7.9820
7.9680
7.8970
7.8260
7.8190
7.8680
7.9120
7.9340
8.0090
8.1680
8.4070
8.5380
8.6840
8.8000
8.9250
9.0780
9.1670
9.2560
9.3730
9.4660
9.6180
9.7300
9.8660
10.0500
10.1330
10.1630
10.2650
10.3590
10.3300
10.2540
10.1940
10.1200
10.0210
9.9740
9.9240
9.9620
9.8840
9.9010
9.9300
9.8950
9.7910
9.8120
9.8040
9.6530
9.5630
9.3700
9.2450
9.3110
9.2200
9.0890
9.0680
9.1780
9.2420
9.1230
9.0840
9.2120
9.1820
9.3060
9.5100
9.5470
9.6220
9.6010
9.4730
9.3090
9.1110
8.9630
8.8260
8.6740
8.5670
8.4720
8.3430
8.1960
8.0710
7.9390
7.8410
7.7600
7.6180
7.4740
7.3490
7.2370
7.1540
7.2020
7.2960
7.5090
7.7480
7.9110
7.9650
8.0340
8.0240
8.0120
8.0770
8.0810
8.0530
7.9760
7.8410
7.6420
7.5240
7.4390
7.4470
7.5360
7.6500
7.7110
7.7320
7.6940
7.6140
7.5650
7.5550
7.5350
7.5330
7.5380
7.5560
7.5960
7.6230
7.6570
7.7240
7.8180
7.8520
7.7800
7.6830
7.5960
7.5510
7.5390
7.5030
7.4290
7.3540
7.2600
7.2480
7.2680
7.2650
7.2540
7.2490
7.2710
7.2670
7.2100
7.1830
7.1660
7.2220
7.1340
7.1390
7.0940
6.9910
6.8660
6.8350
6.8580
6.8590
6.8100
6.6530
6.4560
6.1840
5.9360
5.7400
5.5680
5.4360
5.4500
5.5160
5.6180
5.6170
5.6710
5.6750
5.6500
5.6040
5.5800
5.5740
5.5500
5.5550
5.5660
5.5750
5.6920
5.8730
5.9190
5.8740
5.7930
5.6880
5.6510
5.5710
5.4500
5.4000
5.3780
5.3570
5.3830
5.3570
5.3020
5.2640
5.2560
5.2170
5.2500
5.3490
5.3650
5.4360
5.5690
5.7190
5.8330
5.9600
6.0450
6.1170
6.2150
6.2750
6.2930
6.2710
6.2940
6.3070
6.2930
6.3290
6.4110
6.3830
6.4580
6.5050
6.5230
6.6180
6.8020
6.8530
6.9640
7.1970
7.3670
7.3950
7.4390
7.3940
7.3780
7.3270
7.3780
7.4360
7.4300
7.3130
7.1490
6.9340
6.6960
6.6000
6.5260
6.4660
6.2300
6.1030
6.1610
6.0130
5.9380
5.8220
5.7220
5.8820
6.1470
6.1110
6.1630
5.6900
5.5600
5.3440
5.1630
5.2510
5.4370
5.0930
4.9120
4.8800
4.6470
4.3060
3.8960
3.9240
4.0860
4.2420
4.2910
4.2590
4.5010
4.6990
4.7050
4.6190
4.5130
4.4950
4.6080
4.6150
4.5670
4.6150
4.8090
4.8920
4.7540
4.4580
4.1340
3.9180
3.8040
3.6100
3.3910
3.2260
3.1420
3.0090
2.7870
2.5060
2.3560
2.0870
1.8190
1.6880
1.6840
1.8110
1.8490
1.8500
1.8820
1.9600
1.9420
2.1290
2.2750
2.5180
2.9590
3.3960
3.8000
4.1290
4.4760
5.0940
5.6380
5.9250
5.8680
5.7460
5.6750
5.7030
5.7950
5.8790
6.0060
6.0040
5.9260
5.9890
6.0810
5.9670
5.8210
5.7260
5.6030
5.3510
5.1430
4.9450
4.8170
4.6510
4.5280
4.4130
4.2840
4.0860
3.8800
3.7900
3.7850
3.7870
3.7690
3.7690
3.7460
3.7300
3.7650
3.7860
3.7690
3.7320
3.6640
3.5830
3.5000
3.4070
3.3380
3.2820
3.2350
3.1900
3.1150
2.9810
2.8490
2.7850
2.7490
