1231.8000
1238.4000
1211.9000
1246.3000
1244.3000
1246.1000
1255.2000
1238.7000
1233.8000
1236.6000
1238.6000
1244.1000
1242.6000
1241.0000
1239.4000
1255.8000
1292.2000
1299.8000
1298.6000
1305.1000
1315.8000
1332.5000
1352.8000
1375.1000
1379.6000
1375.1000
1385.5000
1386.7000
1397.9000
1415.1000
1417.4000
1419.1000
1420.1000
1420.7000
1417.9000
1415.3000
1422.0000
1420.1000
1418.4000
1393.3000
1368.6000
1362.5000
1351.8000
1345.7000
1335.7000
1318.4000
1298.4000
1281.2000
1272.4000
1265.4000
1261.0000
1267.9000
1263.4000
1262.5000
1262.1000
1266.3000
1272.6000
1275.6000
1279.6000
1277.8000
1272.4000
1280.1000
1276.9000
1276.4000
1284.2000
1293.7000
1301.2000
1306.6000
1322.8000
1329.9000
1338.3000
1343.4000
1342.1000
1342.4000
1347.4000
1354.1000
1356.0000
1357.6000
1365.0000
1365.6000
1362.2000
1371.3000
1369.1000
1366.1000
1366.8000
1365.8000
1369.8000
1335.2000
1302.5000
1293.9000
1290.7000
1296.2000
1295.2000
1284.6000
1259.5000
1244.6000
1245.1000
1242.1000
1240.9000
1252.7000
1247.0000
1241.3000
1239.7000
1239.0000
1241.8000
1243.1000
1245.6000
1242.0000
1240.5000
1237.5000
1237.3000
1251.1000
1275.1000
1284.4000
1283.0000
1277.9000
1280.6000
1289.5000
1304.2000
1320.1000
1321.4000
1325.9000
1329.5000
1326.4000
1326.4000
1329.1000
1332.6000
1332.9000
1337.4000
1339.6000
1338.7000
1344.4000
1348.3000
1350.2000
1353.5000
1338.2000
1321.2000
1317.2000
1312.6000
1308.1000
1297.3000
1284.9000
1267.3000
1260.4000
1257.5000
1253.5000
1247.3000
1238.3000
1226.1000
1217.5000
1217.1000
1214.5000
1210.4000
1202.6000
1195.8000
1183.3000
1177.1000
1172.0000
1170.4000
1188.5000
1198.8000
1203.8000
1201.6000
1202.6000
1210.2000
1220.2000
1241.8000
1250.3000
1252.9000
1255.7000
1258.9000
1258.3000
1268.7000
1287.3000
1303.2000
1314.9000
1326.7000
1334.4000
1335.6000
1342.3000
1345.1000
1347.2000
1350.3000
1301.5000
1257.5000
1239.1000
1229.7000
1234.7000
1223.4000
1201.0000
1161.4000
1136.9000
1128.0000
1119.2000
1110.9000
1125.4000
1120.7000
1108.6000
1099.4000
1089.4000
1086.3000
1082.9000
1082.4000
1071.4000
1064.7000
1066.7000
1066.1000
1096.3000
1126.0000
1133.1000
1136.1000
1131.5000
1135.2000
1145.6000
1159.7000
1167.3000
1162.1000
1162.6000
1161.9000
1138.3000
1128.4000
1126.3000
1120.6000
1114.4000
1107.4000
1099.0000
1085.1000
1079.4000
1076.3000
1065.7000
1060.8000
1032.2000
997.1900
972.8700
952.6400
946.0700
928.0300
894.9800
863.5600
836.6300
821.8700
800.9700
791.8900
782.2100
756.9900
736.3100
723.2700
712.7200
707.4500
697.5800
691.3200
675.5600
665.9200
658.2500
660.2500
688.4400
699.9400
709.3000
713.7100
708.2400
720.0600
719.6500
717.7200
727.2700
716.1600
743.2900
740.0700
731.7600
733.3900
733.6100
730.3400
744.9100
749.8000
752.2400
756.8400
771.5500
786.2000
788.5000
790.7700
758.7800
724.5000
716.4900
702.3700
705.4000
697.7600
684.5200
661.6400
644.2400
632.6900
620.0400
613.7100
628.1600
629.5600
623.1200
615.3200
608.6800
606.4000
603.3600
608.1800
603.3800
599.4900
595.4700
591.2600
613.0200
634.3000
644.6800
652.0800
649.5700
656.9500
668.4400
686.0100
700.8500
696.9300
695.2600
694.3100
683.0900
685.6900
692.3800
698.2300
699.7100
701.6200
704.4800
693.5200
695.1400
690.0500
685.6700
687.2000
673.5900
656.4900
652.2200
654.5100
666.2300
666.0400
655.9900
638.2000
635.0700
642.9700
641.1100
646.0000
663.4500
670.9500
673.2200
676.6800
678.3500
683.1200
684.8800
691.6500
694.1200
698.8800
704.5300
708.2900
737.6100
765.9900
781.2700
792.2900
796.2400
808.3900
821.7500
844.2600
860.2100
866.7300
874.5900
882.6800
876.9700
883.6800
892.4000
901.7400
913.7300
920.9700
930.5900
936.1200
947.0200
956.6800
965.7500
977.4900
942.9000
913.7400
