10.9212
11.3085
11.7140
12.0764
12.5155
12.8596
13.1513
13.2167
13.2477
13.3618
13.4145
13.4651
13.4107
13.3790
13.3999
13.2387
13.3472
13.3128
12.8379
12.8010
12.6381
12.3422
11.9586
11.8100
11.8180
11.8649
11.8434
11.7302
11.6177
11.6072
11.6844
11.7546
11.7898
11.9080
12.1608
12.5406
12.7480
12.9796
13.1632
13.3616
13.6055
13.7452
13.8874
14.0732
14.2198
14.4617
14.6395
14.8558
15.1475
15.2790
15.3258
15.4877
15.6374
15.5908
15.4707
15.3750
15.2587
15.1006
15.0266
14.9473
15.0075
14.8830
14.9099
14.9573
14.9013
14.7359
14.7701
14.7568
14.5169
14.3750
14.0680
13.8699
13.9746
13.8305
13.6228
13.5890
13.7633
13.8649
13.6757
13.6147
13.8175
13.7696
13.9659
14.2898
14.3489
14.4674
14.4347
14.2318
13.9714
13.6569
13.4224
13.2056
12.9629
12.7940
12.6432
12.4390
12.2051
12.0069
11.7969
11.6414
11.5139
11.2882
11.0592
10.8609
10.6836
10.5522
10.6281
10.7765
11.1155
11.4949
11.7534
11.8385
11.9488
11.9323
11.9132
12.0157
12.0232
11.9786
11.8562
11.6420
11.3256
11.1382
11.0039
11.0163
11.1572
11.3383
11.4348
11.4696
11.4092
11.2819
11.2039
11.1879
11.1570
11.1532
11.1607
11.1895
11.2526
11.2955
11.3503
11.4558
11.6050
11.6594
11.5449
11.3919
11.2535
11.1814
11.1627
11.1061
10.9887
10.8694
10.7197
10.7006
10.7333
10.7281
10.7108
10.7017
10.7369
10.7317
10.6413
10.5976
10.5700
10.6595
10.5204
10.5277
10.4569
10.2933
10.0953
10.0456
10.0827
10.0838
10.0059
9.7570
9.4439
9.0132
8.6198
8.3081
8.0344
7.8264
7.8485
7.9533
8.1151
8.1124
8.1989
8.2049
8.1653
8.0926
8.0539
8.0441
8.0066
8.0142
8.0320
8.0462
8.2311
8.5186
8.5915
8.5200
8.3923
8.2256
8.1664
8.0398
7.8477
7.7677
7.7339
7.6999
7.7413
7.7004
7.6131
7.5531
7.5395
7.4785
7.5301
7.6870
7.7127
7.8255
8.0369
8.2753
8.4556
8.6565
8.7918
8.9056
9.0611
9.1568
9.1854
9.1506
9.1873
9.2085
9.1851
9.2433
9.3733
9.3288
9.4469
9.5223
9.5502
9.7006
9.9938
10.0739
10.2510
10.6200
10.8905
10.9342
11.0032
10.9318
10.9068
10.8265
10.9074
10.9993
10.9895
10.8040
10.5444
10.2027
9.8251
9.6719
9.5554
9.4604
9.0862
8.8843
8.9754
8.7416
8.6216
8.4374
8.2796
8.5328
8.9546
8.8971
8.9798
8.2291
8.0227
7.6800
7.3927
7.5324
7.8269
7.2808
6.9938
6.9436
6.5732
6.0318
5.3823
5.4264
5.6828
5.9315
6.0083
5.9581
6.3424
6.6560
6.6655
6.5292
6.3608
6.3330
6.5122
6.5233
6.4472
6.5229
6.8307
6.9630
6.7427
6.2744
5.7590
5.4164
5.2367
4.9286
4.5810
4.3187
4.1860
3.9751
3.6226
3.1766
2.9380
2.5113
2.0869
1.8778
1.8727
2.0727
2.1332
2.1352
2.1866
2.3103
2.2806
2.5788
2.8093
3.1961
3.8953
4.5882
5.2300
5.7509
6.3017
7.2835
8.1454
8.6009
8.5109
8.3175
8.2052
8.2498
8.3948
8.5293
8.7306
8.7274
8.6025
8.7031
8.8495
8.6684
8.4369
8.2851
8.0904
7.6907
7.3602
7.0470
6.8426
6.5793
6.3841
6.2019
5.9969
5.6831
5.3559
5.2133
5.2058
5.2082
5.1805
5.1799
5.1438
5.1178
5.1742
5.2071
5.1802
5.1215
5.0132
4.8847
4.7543
4.6062
4.4963
4.4081
4.3336
4.2610
4.1427
3.9305
3.7211
3.6197
3.5625
