-8.0166
-8.0686
-8.0691
-8.0335
-7.9936
-7.9931
-8.0609
-8.3170
-8.4418
-8.4600
-8.4638
-8.5250
-8.4744
-8.3670
-8.3614
-8.4442
-8.6569
-9.1190
-8.9772
-9.0003
-8.9762
-9.1000
-9.3036
-9.5689
-9.6915
-9.7651
-9.8014
-9.8155
-9.8223
-9.8247
-9.8306
-9.8475
-9.8595
-9.8711
-9.8913
-9.8965
-9.8909
-9.9027
-9.9177
-9.9089
-9.8606
-9.8262
-9.7793
-9.7271
-9.6992
-9.6673
-9.6597
-9.6340
-9.5947
-9.5541
-9.5386
-9.5239
-9.5009
-9.4863
-9.4698
-9.4726
-9.4877
-9.4906
-9.4936
-9.5138
-9.5419
-9.5677
-9.5841
-9.5932
-9.5956
-9.6514
-9.6188
-9.6179
-9.6271
-9.6251
-9.6310
-9.6494
-9.6681
-9.6998
-9.7106
-9.7253
-9.7345
-9.7324
-9.7288
-9.7283
-9.7263
-9.7151
-9.7128
-9.7109
-9.6869
-9.6420
-9.5963
-9.5485
-9.5187
-9.5061
-9.5005
-9.5008
-9.5123
-9.5182
-9.5040
-9.4887
-9.4691
-9.4487
-9.4316
-9.4170
-9.4014
-9.3842
-9.3631
-9.3460
-9.3408
-9.3409
-9.3515
-9.3680
-9.3957
-9.4337
-9.4656
-9.4838
-9.4932
-9.5054
-9.5363
-9.5556
-9.5563
-9.5539
-9.5473
-9.5296
-9.4996
-9.4640
-9.4294
-9.3974
-9.3601
-9.3373
-9.3243
-9.3117
-9.3041
-9.2994
-9.2992
-9.3005
-9.3013
-9.3078
-9.3212
-9.3365
-9.3479
-9.3522
-9.3571
-9.3633
-9.3725
-9.3829
-9.3933
-9.4057
-9.4174
-9.4228
-9.4216
-9.4103
-9.3938
-9.3716
-9.3428
-9.3186
-9.3024
-9.2941
-9.2958
-9.3090
-9.3236
-9.3336
-9.3332
-9.3179
-9.2973
-9.2627
-9.2535
-9.2056
-9.1609
-9.1260
-9.1009
-9.0801
-9.0725
-9.0753
-9.0815
-9.0895
-9.0852
-9.0752
-9.0622
-9.0458
-9.0621
-9.0868
-9.1015
-9.1014
-9.1544
-9.1957
-9.1890
-9.1840
-9.1908
-9.1847
-9.1626
-9.1391
-9.1115
-9.0839
-9.0476
-9.0106
-8.9742
-8.9498
-8.9539
-8.9756
-8.9950
-8.9914
-8.9780
-8.9557
-8.9280
-8.9044
-8.8858
-8.8723
-8.8687
-8.8695
-8.8661
-8.8544
-8.8175
-8.7885
-8.7504
-8.7019
-8.6552
-8.5999
-8.5467
-8.4918
-8.4426
-8.3923
-8.3348
-8.2706
-8.1958
-8.1318
-8.0799
-8.0389
-7.9917
-7.9050
-7.8119
-7.7399
-7.6743
-7.5954
-7.5236
-7.4503
-7.3697
-7.2700
-7.1844
-7.1328
-7.0927
-7.0538
-7.0473
-7.0460
-7.0888
-7.1229
-7.2140
-7.2793
-7.3112
-7.3243
-7.3379
-7.3403
-7.3551
-7.3608
-7.3359
-7.3053
-7.2733
-7.2596
-7.2793
-7.2943
-7.3236
-7.4690
-7.4885
-7.5787
-7.6249
-7.6633
-7.6873
-7.7051
-7.7173
-7.7506
-7.7542
-7.7606
-7.7662
-7.7622
-7.7534
-7.7621
-7.7633
-7.7646
-7.7735
-7.7971
-7.8377
-7.8495
-7.8430
-7.8087
-7.7722
-7.7386
-7.6709
-7.6152
-7.5792
-7.5583
-7.5478
-7.5450
-7.5111
-7.4615
-7.4204
-7.3772
-7.3561
-7.3479
-7.3284
-7.3129
-7.3324
-7.3502
-7.3591
-7.3611
-7.3728
-7.3910
-7.4124
-7.4059
-7.3800
-7.3833
-7.4259
-7.5580
-7.5646
-7.3878
-7.0598
-6.6042
-6.1374
-5.6379
-5.2094
-4.8197
-4.5121
-4.4237
-4.4624
-4.6036
-4.8534
-4.9351
-4.7238
-4.6794
-4.5649
-4.5126
-4.4555
-4.5425
-4.7470
-4.9130
-5.0379
-5.2019
-5.3888
-5.5671
-5.7746
-6.0311
-6.2763
-6.5230
-6.6956
-6.8038
-6.9765
-7.1914
-7.3851
-7.5459
-7.7052
-7.8627
-7.9675
-8.0575
-8.1608
-8.2641
-8.3556
-8.4596
-8.5934
-8.7029
-8.7958
-8.8625
-8.8943
-8.8992
-8.8911
-8.8678
-8.8313
-8.7912
-8.7464
-8.7034
-8.6849
-8.6835
-8.6804
-8.6716
-8.6490
-8.6102
-8.5598
-8.5016
-8.4628
-8.4683
-8.5065
-8.5380
-8.5597
