-10.9105
-11.2785
-11.6914
-12.0632
-12.5080
-12.8516
-13.1404
-13.1986
-13.2065
-13.3227
-13.3894
-13.4499
-13.3994
-13.3728
-13.3990
-13.2384
-13.3400
-13.3127
-12.8241
-12.7964
-12.6367
-12.3414
-11.9401
-11.7988
-11.8164
-11.8648
-11.8336
-11.6918
-11.5375
-11.4806
-11.5235
-11.5240
-11.4630
-11.4570
-11.6032
-11.9261
-12.1004
-12.3019
-12.4999
-12.6721
-12.8708
-12.8654
-12.9202
-13.1542
-13.2638
-13.4130
-13.4166
-13.5298
-13.7440
-13.8519
-13.8692
-14.0793
-14.2685
-14.2402
-14.1951
-14.1548
-14.0881
-13.9688
-13.9055
-13.8074
-13.8152
-13.7018
-13.7276
-13.7876
-13.7902
-13.5431
-13.5946
-13.4977
-13.2720
-13.1637
-12.8558
-12.5869
-12.7355
-12.5476
-12.1865
-11.9552
-11.9478
-12.0715
-12.0372
-12.0846
-12.3366
-12.4567
-12.7117
-13.0155
-13.1082
-13.2818
-13.2806
-13.1972
-13.0260
-12.7861
-12.6270
-12.4978
-12.3470
-12.2557
-12.1447
-11.9797
-11.7988
-11.6463
-11.4516
-11.3193
-11.2268
-11.0323
-10.8375
-10.6274
-10.4434
-10.3116
-10.3747
-10.5129
-10.8611
-11.2158
-11.4505
-11.5392
-11.6604
-11.6501
-11.6331
-11.7553
-11.7673
-11.7482
-11.6197
-11.3823
-11.0727
-10.9079
-10.8207
-10.8481
-11.0116
-11.2033
-11.2910
-11.3162
-11.2449
-11.1147
-11.0254
-11.0027
-10.9644
-10.9475
-10.9354
-10.9408
-10.9905
-11.0001
-11.0219
-11.0973
-11.2210
-11.2656
-11.1464
-11.0222
-10.8942
-10.8119
-10.8013
-10.7332
-10.6334
-10.5391
-10.4367
-10.4384
-10.5105
-10.5413
-10.5444
-10.5308
-10.5805
-10.5676
-10.4708
-10.4320
-10.4291
-10.5423
-10.4049
-10.4410
-10.3815
-10.2105
-10.0360
-10.0119
-10.0718
-10.0808
-10.0056
-9.7569
-9.4439
-9.0132
-8.6194
-8.3080
-8.0342
-7.8258
-7.8475
-7.9523
-8.1148
-8.1123
-8.1975
-8.2001
-8.1616
-8.0904
-8.0525
-8.0428
-8.0056
-8.0136
-8.0309
-8.0435
-8.2228
-8.4963
-8.5658
-8.4958
-8.3687
-8.1926
-8.1222
-7.9901
-7.7841
-7.6983
-7.6599
-7.6276
-7.6764
-7.6342
-7.5431
-7.4794
-7.4439
-7.3788
-7.4146
-7.5403
-7.5265
-7.5892
-7.7559
-7.9382
-8.0677
-8.2297
-8.3579
-8.4664
-8.5902
-8.6924
-8.7309
-8.7118
-8.7571
-8.7700
-8.7653
-8.8553
-9.0096
-8.9894
-9.1227
-9.2167
-9.2617
-9.4055
-9.6743
-9.7512
-9.9337
-10.2832
-10.5356
-10.5652
-10.6164
-10.5446
-10.4888
-10.3828
-10.4379
-10.5055
-10.4570
-10.2436
-9.9514
-9.5651
-9.1114
-8.8933
-8.6799
-8.5509
-8.1611
-7.8902
-7.8844
-7.6925
-7.4469
-7.1703
-6.6756
-6.7969
-7.1919
-6.6684
-6.9952
-5.5725
-5.5014
-5.2830
-5.0367
-5.4158
-5.6724
-4.9196
-4.5270
-4.3720
-3.5791
-2.6477
-1.7699
-1.8692
-1.9798
-2.0701
-2.0654
-2.0657
-2.3197
-2.5106
-2.3298
-2.0144
-1.6615
-1.4336
-1.3693
-1.3952
-1.3966
-1.1846
-0.7959
-0.3193
-0.0234
0.2820
0.5292
0.6032
0.6525
0.6559
0.7773
0.7885
0.7040
0.5359
0.4285
0.6058
1.0541
1.3939
1.5355
1.5738
1.7406
2.0726
2.0601
1.9117
1.7159
1.5212
1.0628
0.8184
0.4097
-0.5713
-1.5885
-2.1156
-2.3713
-2.0598
-2.1239
-2.4322
-2.3752
-2.2510
-2.4317
-2.5082
-2.4946
-2.4572
-2.4710
-2.4828
-2.2863
-2.1119
-2.0779
-2.2727
-2.2539
-2.2465
-2.4163
-2.6621
-2.9704
-2.9139
-2.8879
-2.8885
-2.8533
-2.7394
-2.6813
-2.6519
-2.6494
-2.6703
-2.6197
-2.5599
-2.6005
-2.6857
-2.8641
-3.0700
-3.2534
-3.4146
-3.5670
-3.7452
-3.8708
-3.9735
-4.0187
-4.0467
-4.0585
-4.0512
-4.0265
-4.0214
-4.0364
-4.0335
-3.9656
-3.8003
-3.6448
-3.5738
-3.5395
