-0.4835
-0.8229
-0.7264
-0.5637
-0.4313
-0.4558
-0.5361
-0.6902
-1.0442
-1.0210
-0.8207
-0.6401
-0.5515
-0.4086
-0.1472
0.0883
0.4374
-0.0293
-0.5958
-0.3429
-0.1902
0.1392
0.6648
0.5145
0.1955
-0.0284
-0.4836
-0.9489
-1.3626
-1.7096
-1.9323
-2.3168
-2.7568
-3.2462
-3.6404
-3.8777
-4.0116
-4.1393
-4.1260
-4.2367
-4.4105
-4.8384
-5.0919
-5.0021
-5.1257
-5.4068
-5.8576
-6.1351
-6.3679
-6.4476
-6.5210
-6.4530
-6.3982
-6.3473
-6.1515
-6.0027
-5.8614
-5.7359
-5.6952
-5.7253
-5.8620
-5.8109
-5.8189
-5.7986
-5.6464
-5.8080
-5.7742
-5.9643
-5.8818
-5.7757
-5.7128
-5.8261
-5.7530
-5.8171
-6.0885
-6.4602
-6.8321
-6.8202
-6.4908
-6.2707
-6.2235
-5.8680
-5.7845
-5.8988
-5.8366
-5.7357
-5.6556
-5.3269
-5.0520
-4.7986
-4.5519
-4.2654
-3.9481
-3.6720
-3.5155
-3.3493
-3.1230
-2.9207
-2.8334
-2.7192
-2.5553
-2.3898
-2.2033
-2.2401
-2.2527
-2.2401
-2.3073
-2.3689
-2.3642
-2.5178
-2.6512
-2.6454
-2.6094
-2.5796
-2.5681
-2.4878
-2.4674
-2.3383
-2.3565
-2.4454
-2.3799
-2.2531
-1.9997
-1.9174
-1.7964
-1.7443
-1.8080
-1.8701
-1.9294
-1.9352
-1.9920
-2.0275
-2.0641
-2.1322
-2.2315
-2.3458
-2.4148
-2.5667
-2.7103
-2.8435
-2.9609
-3.0043
-3.0071
-2.8785
-2.8210
-2.8505
-2.8171
-2.8540
-2.7719
-2.6591
-2.4469
-2.3541
-2.1758
-1.9933
-1.8808
-1.9050
-1.8263
-1.8695
-1.8974
-1.8666
-1.7202
-1.5764
-1.5551
-1.3483
-1.2532
-1.3032
-1.0924
-0.8211
-0.4691
-0.2450
-0.0752
0.0438
-0.0144
-0.0209
-0.0832
-0.0498
-0.0596
-0.0981
-0.1193
-0.1280
-0.0697
-0.0439
0.1509
0.2803
0.2469
0.1845
0.1529
0.1446
0.1274
0.1013
0.1346
0.2095
0.3679
0.6155
0.6641
0.6419
0.6288
0.7359
0.8479
0.8924
0.9969
1.0357
1.0673
1.0528
1.0003
1.0069
1.0299
1.0523
1.1965
1.2173
1.3140
1.4950
1.6842
1.9084
2.1066
2.3380
2.5318
2.6846
2.7279
2.7622
2.8830
2.8789
2.8533
2.7995
2.7784
2.8076
2.7451
2.6502
2.5858
2.4935
2.4539
2.3931
2.3297
2.3743
2.5068
2.5294
2.5310
2.6533
2.7575
2.8162
2.8919
2.8839
2.9906
3.0680
3.1655
3.2588
3.3792
3.4345
3.4860
3.5502
3.6764
3.8020
3.9955
4.0474
3.9944
4.0836
4.2887
4.1524
4.3446
4.4471
4.8978
5.1585
5.3350
5.8900
5.6306
6.0552
5.8393
5.5742
5.4114
5.2352
5.3929
5.3673
5.3310
5.3944
5.5133
5.4197
5.0829
5.0944
5.3268
5.5585
5.6422
5.5885
5.9029
6.1644
6.2451
6.2107
6.1400
6.1685
6.3666
6.3723
6.2941
6.4144
6.7842
6.9556
6.7427
6.2681
5.7346
5.3827
5.1959
4.8847
4.5146
4.2461
4.1264
3.9388
3.5971
3.1183
2.7424
2.0890
1.4134
1.0243
0.6909
0.0135
-0.5534
-0.9512
-1.3554
-1.7387
-2.0178
-2.4455
-2.7792
-3.1446
-3.5567
-4.0713
-4.6615
-5.3693
-5.9330
-6.8654
-7.7914
-8.3011
-8.1561
-7.9304
-7.8168
-7.8754
-8.0229
-8.1600
-8.4259
-8.4680
-8.3477
-8.4012
-8.5577
-8.3723
-8.0834
-7.8458
-7.5253
-7.1173
-6.7700
-6.4278
-6.2193
-5.9819
-5.7937
-5.6063
-5.3800
-5.0167
-4.6715
-4.5415
-4.5097
-4.4623
-4.3167
-4.1721
-3.9842
-3.8122
-3.7482
-3.6177
-3.4426
-3.2313
-2.9971
-2.7357
-2.4762
-2.1921
-2.0010
-1.8055
-1.5771
-1.3735
-1.1985
-1.0033
-0.7499
-0.5746
-0.4047
