3.5690
3.5910
3.5830
3.6960
3.7390
3.9020
3.9930
4.0450
4.2010
4.2710
4.3290
4.3560
4.4350
4.5080
4.6470
4.7490
4.8410
4.8930
4.8880
4.8790
4.8710
4.9290
5.0350
5.0990
5.1180
5.1560
5.2420
5.2880
5.3260
5.3640
5.4800
5.6100
5.7320
5.8470
5.9490
6.0640
6.1680
6.2840
6.3770
6.4700
6.5690
6.6040
6.5820
6.5360
6.4650
6.4220
6.3970
6.4270
6.5020
6.5540
6.6010
6.6700
6.6640
6.5920
6.4570
6.3050
6.2000
6.1110
6.0250
5.9330
5.7950
5.7290
5.6900
5.6120
5.6030
5.5020
5.4430
5.3300
5.2830
5.3280
5.3610
5.3590
5.4470
5.5700
5.6980
5.8530
6.0330
6.1440
6.1950
6.2360
6.3260
6.4240
6.4770
6.4400
6.3780
6.3790
6.4230
6.4230
6.4310
6.4650
6.5440
6.6030
6.6560
6.7030
6.6920
6.6460
6.5930
6.6120
6.5970
6.5250
6.5510
6.5430
6.5460
6.6190
6.5830
6.6400
6.5930
6.6280
6.8390
7.0350
7.0900
7.1710
7.1120
7.1360
7.1020
6.8790
6.9170
6.9200
6.9980
7.1230
7.2220
7.3000
7.3490
7.3440
7.2950
7.2340
7.1940
7.1500
7.0990
7.2120
7.1230
7.0450
6.9940
6.9830
6.8910
6.6730
6.5440
6.4890
6.2610
6.2240
6.1910
6.2320
6.2210
6.2260
6.3140
6.2880
5.8610
5.5990
5.2980
5.1850
5.4190
5.6640
5.8850
5.9350
5.9260
6.0060
5.9270
5.8060
5.5700
5.4260
5.5940
5.6890
5.3950
5.1780
5.1920
5.2980
5.4500
5.6630
5.8800
6.1930
6.2550
6.2970
6.3250
6.3090
6.4140
6.2730
5.5990
5.6670
6.3140
6.9540
7.1200
7.4700
7.9480
8.4930
8.7080
9.0670
9.6840
9.7690
9.7070
9.5380
9.1720
8.8010
8.5100
8.1060
7.9570
8.0250
8.0080
8.0140
7.9170
7.7170
7.4000
7.0900
6.9080
6.7960
6.6370
6.5020
6.4320
6.4460
6.4920
6.6240
6.6270
6.6590
6.6310
6.7070
6.8250
6.9770
7.0190
6.8570
6.5090
6.2570
6.1480
6.0140
6.0050
6.0740
6.1310
6.1710
6.1300
6.1240
6.2260
6.2900
6.3840
6.4500
6.5130
6.5090
6.4870
6.4710
6.4920
6.5190
6.5860
6.6280
6.7050
6.7470
6.7770
6.9000
7.0920
7.2970
7.4370
7.7160
7.9040
8.0880
8.0240
7.9710
7.8300
7.8370
7.7820
7.8140
7.8330
7.6470
7.5230
7.1960
7.2020
7.1020
7.1790
7.2990
7.0350
7.0440
6.9860
6.8980
6.8730
6.9990
6.9890
6.9790
6.9040
6.8630
6.8570
6.9140
6.9200
6.8300
6.8800
6.8440
7.0190
7.1050
7.1010
7.1360
6.9820
6.7470
6.5700
6.5050
6.6250
6.8100
6.9770
7.0110
6.9620
6.8600
6.8000
6.8250
6.8400
6.8710
6.9100
6.9800
7.0730
7.0930
7.0110
6.8940
6.9440
7.0960
7.0450
6.9710
7.0220
7.0550
7.0230
6.9370
6.8310
6.7050
6.6120
6.5020
6.3410
6.2260
6.0710
5.9100
5.7790
5.6760
5.5870
5.4680
5.3460
5.2910
5.2940
5.2680
5.2620
5.2080
5.1370
5.1250
5.1710
5.2010
5.2050
5.2220
5.2480
5.2490
5.2260
5.1570
5.0840
5.0190
5.0070
5.0190
5.0190
5.0110
4.9710
4.9080
4.8490
4.7930
4.7740
4.7400
4.6770
4.6290
4.6110
4.5790
4.5210
4.4790
4.4570
4.4830
4.5090
4.5210
4.5340
4.5220
4.5210
4.5270
4.5250
4.4890
4.4420
4.3930
4.3660
4.2880
4.1370
4.1670
4.2150
4.2430
4.3050
