1438.7000
1456.1000
1444.7000
1433.4000
1448.5000
1446.3000
1438.1000
1456.1000
1440.0000
1439.3000
1440.9000
1449.2000
1458.3000
1459.4000
1474.8000
1484.6000
1495.9000
1500.9000
1502.1000
1502.6000
1507.0000
1508.2000
1514.5000
1516.5000
1515.6000
1514.5000
1517.1000
1511.8000
1511.3000
1510.0000
1509.6000
1510.2000
1511.7000
1508.8000
1509.6000
1512.5000
1510.4000
1509.7000
1508.7000
1497.1000
1483.2000
1477.3000
1470.6000
1471.1000
1467.4000
1463.3000
1455.7000
1451.4000
1450.2000
1449.4000
1446.6000
1444.2000
1432.3000
1425.1000
1417.9000
1410.7000
1403.8000
1393.8000
1383.8000
1373.6000
1366.8000
1362.5000
1356.8000
1360.6000
1363.5000
1365.9000
1372.0000
1376.7000
1381.3000
1383.1000
1383.5000
1386.0000
1389.3000
1392.2000
1393.3000
1391.8000
1393.8000
1399.1000
1404.5000
1411.6000
1417.5000
1420.5000
1422.8000
1428.5000
1437.4000
1445.1000
1456.5000
1435.9000
1416.2000
1412.9000
1412.1000
1422.5000
1421.8000
1411.9000
1389.4000
1375.5000
1372.1000
1362.2000
1357.3000
1367.0000
1358.4000
1349.2000
1344.5000
1335.3000
1340.4000
1336.2000
1343.2000
1339.4000
1326.8000
1321.2000
1319.6000
1346.9000
1383.3000
1396.6000
1405.4000
1405.6000
1417.6000
1435.5000
1461.9000
1479.1000
1483.0000
1489.1000
1499.0000
1503.5000
1520.0000
1535.4000
1545.8000
1555.7000
1564.6000
1562.0000
1570.7000
1583.7000
1588.9000
1583.9000
1586.1000
1573.0000
1557.6000
1548.7000
1550.1000
1547.5000
1537.1000
1521.5000
1504.0000
1489.1000
1481.0000
1470.8000
1476.8000
1470.6000
1459.3000
1445.3000
1436.5000
1427.7000
1415.3000
1407.8000
1396.4000
1383.4000
1383.7000
1385.4000
1391.2000
1415.8000
1423.6000
1429.8000
1447.3000
1454.2000
1466.1000
1476.7000
1486.4000
1490.6000
1485.2000
1482.1000
1494.3000
1494.9000
1516.2000
1524.1000
1539.2000
1553.5000
1588.4000
1593.9000
1588.7000
1574.2000
1573.5000
1560.8000
1564.4000
1495.1000
1470.5000
1448.0000
1408.9000
1424.7000
1419.7000
1407.0000
1386.9000
1372.2000
1373.8000
1373.6000
1376.0000
1386.8000
1387.9000
1376.7000
1362.7000
1357.0000
1359.4000
1364.6000
1368.0000
1371.0000
1365.2000
1366.6000
1371.1000
1397.2000
1430.9000
1445.1000
1448.7000
1454.8000
1472.8000
1491.0000
1514.4000
1543.5000
1551.9000
1561.3000
1583.6000
1575.2000
1580.6000
1589.0000
1592.9000
1595.1000
1597.2000
1601.5000
1600.0000
1604.8000
1609.4000
1610.1000
1610.8000
1579.3000
1552.7000
1541.2000
1534.8000
1535.4000
1523.2000
1505.9000
1484.0000
1463.8000
1459.3000
1452.5000
1442.6000
1441.8000
1428.2000
1408.3000
1395.1000
1377.6000
1367.7000
1351.0000
1351.7000
1338.9000
1343.6000
1339.0000
1336.9000
1350.4000
1373.1000
1382.2000
1389.7000
1416.4000
1427.1000
1445.2000
1461.7000
1463.9000
1488.8000
1492.2000
1502.1000
1505.1000
1502.7000
1503.5000
1508.4000
1514.1000
1521.6000
1536.5000
1542.0000
1547.7000
1554.3000
1560.1000
1560.1000
1534.1000
1497.0000
1488.0000
1487.2000
1493.0000
1498.0000
1499.5000
1489.2000
1476.9000
1471.9000
1464.9000
1459.4000
1477.7000
1479.1000
1479.6000
1478.1000
1475.0000
1473.7000
1480.6000
1486.6000
1482.0000
1471.9000
1471.2000
1464.9000
1497.1000
1520.5000
1529.9000
1524.3000
1517.6000
1519.4000
1525.3000
1537.9000
1547.1000
1545.9000
1548.9000
1557.5000
1549.1000
1552.6000
1559.3000
1563.3000
1568.3000
1573.0000
1581.6000
1588.4000
1602.6000
1614.0000
1619.0000
1623.0000
1599.4000
1576.5000
1567.8000
1565.1000
1571.2000
1566.4000
1552.8000
1533.3000
1523.2000
1522.5000
1513.2000
1502.0000
1503.2000
1497.1000
1486.9000
1480.6000
1477.3000
1474.3000
1467.6000
1466.8000
1462.4000
1458.1000
1457.6000
1452.4000
1467.4000
1482.0000
1487.8000
1492.2000
1492.3000
1497.9000
1505.8000
1517.7000
1522.2000
1521.5000
1526.3000
1531.8000
1521.0000
1518.0000
1520.4000
1521.0000
1526.9000
1528.2000
1532.1000
1527.1000
1526.3000
1529.3000
1535.3000
1540.2000
1506.5000
1471.5000
