4.8627
4.8984
4.8856
5.0652
5.1328
5.3916
5.5357
5.6190
5.8666
5.9762
6.0687
6.1124
6.2373
6.3538
6.5731
6.7350
6.8819
6.9639
6.9558
6.9422
6.9295
7.0213
7.1888
7.2904
7.3217
7.3816
7.5178
7.5915
7.6516
7.7111
7.8957
8.1022
8.2955
8.4776
8.6402
8.8216
8.9868
9.1711
9.3185
9.4663
9.6241
9.6785
9.6442
9.5708
9.4586
9.3898
9.3506
9.3986
9.5178
9.5997
9.6742
9.7842
9.7747
9.6593
9.4450
9.2042
9.0387
8.8962
8.7603
8.6140
8.3949
8.2900
8.2281
8.1043
8.0908
7.9302
7.8372
7.6581
7.5832
7.6545
7.7063
7.7042
7.8423
8.0389
8.2419
8.4867
8.7733
8.9486
9.0306
9.0943
9.2382
9.3934
9.4771
9.4183
9.3200
9.3226
9.3919
9.3918
9.4043
9.4583
9.5842
9.6777
9.7613
9.8362
9.8185
9.7459
9.6620
9.6920
9.6684
9.5532
9.5951
9.5820
9.5867
9.7023
9.6452
9.7366
9.6623
9.7164
10.0525
10.3632
10.4502
10.5781
10.4851
10.5230
10.4700
10.1150
10.1753
10.1811
10.3037
10.5018
10.6603
10.7838
10.8617
10.8536
10.7747
10.6781
10.6148
10.5455
10.4638
10.6436
10.5023
10.3790
10.2972
10.2805
10.1350
9.7891
9.5837
9.4966
9.1341
9.0759
9.0244
9.0893
9.0719
9.0784
9.2192
9.1777
8.4996
8.0841
7.6060
7.4272
7.7990
8.1879
8.5387
8.6174
8.6038
8.7296
8.6043
8.4134
8.0378
7.8103
8.0760
8.2277
7.7602
7.4158
7.4379
7.6059
7.8486
8.1854
8.5299
9.0274
9.1255
9.1911
9.2365
9.2112
9.3772
9.1542
8.0847
8.1924
9.2183
10.2336
10.4979
11.0535
11.8115
12.6770
13.0172
13.5878
14.5658
14.7011
14.6025
14.3341
13.7531
13.1659
12.7034
12.0628
11.8261
11.9335
11.9071
11.9158
11.7617
11.4452
10.9416
10.4505
10.1621
9.9832
9.7319
9.5173
9.4061
9.4288
9.5020
9.7115
9.7154
9.7660
9.7219
9.8420
10.0304
10.2702
10.3371
10.0802
9.5287
9.1279
8.9553
8.7432
8.7286
8.8383
8.9284
8.9924
8.9276
8.9180
9.0786
9.1804
9.3304
9.4340
9.5347
9.5279
9.4941
9.4677
9.5006
9.5443
9.6503
9.7163
9.8386
9.9063
9.9543
10.1485
10.4533
10.7784
11.0007
11.4443
11.7414
12.0341
11.9328
11.8476
11.6248
11.6358
11.5490
11.5991
11.6289
11.3344
11.1376
10.6188
10.6272
10.4690
10.5919
10.7812
10.3630
10.3773
10.2857
10.1455
10.1056
10.3053
10.2906
10.2733
10.1549
10.0899
10.0803
10.1707
10.1805
10.0369
10.1162
10.0592
10.3371
10.4735
10.4680
10.5228
10.2785
9.9054
9.6243
9.5217
9.7127
10.0051
10.2703
10.3249
10.2477
10.0846
9.9901
10.0303
10.0532
10.1020
10.1651
10.2759
10.4233
10.4542
10.3245
10.1392
10.2190
10.4600
10.3785
10.2612
10.3415
10.3943
10.3436
10.2072
10.0394
9.8394
9.6920
9.5169
9.2610
9.0790
8.8331
8.5770
8.3693
8.2070
8.0645
7.8763
7.6828
7.5954
7.6010
7.5595
7.5496
7.4644
7.3504
7.3319
7.4051
7.4528
7.4583
7.4865
7.5267
7.5282
7.4926
7.3830
7.2669
7.1636
7.1447
7.1645
7.1638
7.1518
7.0880
6.9877
6.8939
6.8054
6.7749
6.7213
6.6207
6.5447
6.5165
6.4661
6.3729
6.3063
6.2721
6.3134
6.3548
6.3736
6.3945
6.3754
6.3744
6.3835
6.3799
6.3227
6.2487
6.1699
6.1282
6.0046
5.7642
5.8115
5.8880
5.9322
6.0307
