-10.8269
-10.7971
-10.7916
-10.7544
-10.6869
-10.6087
-10.5223
-10.4560
-10.4007
-10.3589
-10.3206
-10.2801
-10.2389
-10.2032
-10.1790
-10.1629
-10.1539
-10.1553
-10.1687
-10.1620
-10.1637
-10.1302
-10.0968
-10.0557
-10.0145
-9.9750
-9.9468
-9.9050
-9.8455
-9.7774
-9.7015
-9.6189
-9.5295
-9.4441
-9.3779
-9.3392
-9.3161
-9.3091
-9.3158
-9.3128
-9.2940
-9.2778
-9.2735
-9.2707
-9.2725
-9.2804
-9.2865
-9.2970
-9.2944
-9.2870
-9.2872
-9.2718
-9.2309
-9.1829
-9.1361
-9.0993
-9.0761
-9.0252
-8.9726
-8.9371
-8.9326
-8.9709
-9.0272
-9.1460
-9.1633
-9.1381
-9.2206
-9.3023
-9.4310
-9.5407
-9.6123
-9.6703
-9.7196
-9.7516
-9.7482
-9.7528
-9.7573
-9.7681
-9.8002
-9.8418
-9.8877
-9.9321
-9.9680
-9.9883
-9.9959
-9.9927
-9.9779
-9.9672
-9.9548
-9.9416
-9.9288
-9.9175
-9.9052
-9.8936
-9.8805
-9.8601
-9.8392
-9.8204
-9.8225
-9.8446
-9.8684
-9.8764
-9.8658
-9.7907
-9.7539
-9.7478
-9.7599
-9.7851
-9.8122
-9.8331
-9.8527
-9.8844
-9.8791
-9.8480
-9.8460
-9.8302
-9.8106
-9.7731
-9.7154
-9.6403
-9.5933
-9.5623
-9.5381
-9.5168
-9.5037
-9.5020
-9.5103
-9.5202
-9.5356
-9.5391
-9.5476
-9.5369
-9.5258
-9.4999
-9.4915
-9.5006
-9.4954
-9.4912
-9.4679
-9.4408
-9.4115
-9.3720
-9.3373
-9.3222
-9.2782
-9.2396
-9.2760
-9.3378
-9.4456
-9.5559
-9.6380
-9.6778
-9.7154
-9.7710
-9.8551
-9.9231
-9.9833
-10.0446
-10.1112
-10.1649
-10.2091
-10.1684
-10.2543
-10.2989
-10.3247
-10.3382
-10.3623
-10.3682
-10.3413
-10.2835
-10.2480
-10.1738
-10.1232
-10.0892
-10.0594
-10.0775
-10.1263
-10.1210
-10.0975
-10.0816
-10.0962
-10.0623
-9.9674
-9.8168
-9.7022
-9.5113
-9.3207
-9.2629
-9.2843
-9.2042
-9.2881
-9.3037
-9.3379
-9.3676
-9.2001
-9.1097
-9.0408
-9.0062
-9.0553
-9.1002
-9.1431
-9.1723
-9.2049
-9.2501
-9.2509
-9.2215
-9.2314
-9.2744
-9.3400
-9.3818
-9.4892
-9.5945
-9.6925
-9.7534
-9.8019
-9.8595
-9.9608
-10.0292
-10.1184
-10.1488
-10.1555
-10.2157
-10.2669
-10.3023
-10.3262
-10.3087
-10.2555
-10.2323
-10.2641
-10.3040
-10.3241
-10.3050
-10.2920
-10.2767
-10.2530
-10.2378
-10.2282
-10.2224
-10.2218
-10.2132
-10.1969
-10.1806
-10.1570
-10.1298
-10.1018
-10.0536
-9.9992
-9.9183
-9.8744
-9.8538
-9.8230
-9.8242
-9.8381
-9.8591
-9.8889
-9.9266
-9.9080
-10.0370
-10.0115
-10.0669
-10.1034
-10.1405
-10.1622
-10.1826
-10.2177
-10.2494
-10.2689
-10.2855
-10.3018
-10.3147
-10.3262
-10.3319
-10.3228
-10.3246
-10.3268
-10.3364
-10.3430
-10.3695
-10.4070
-10.4421
-10.4494
-10.4591
-10.4574
-10.4634
-10.5128
-10.5674
-10.6105
-10.6469
-10.6736
-10.6692
-10.6270
-10.5797
-10.5650
-10.5805
-10.6055
-10.6314
-10.6608
-10.6884
-10.7104
-10.7253
-10.7278
-10.7280
-10.7385
-10.7337
-10.7140
-10.7270
-10.7018
-10.6900
-10.6787
-10.6836
-10.7007
-10.6987
-10.6913
-10.6731
-10.6352
-10.5971
-10.5666
-10.5417
-10.5146
-10.4850
-10.4786
-10.4728
-10.4709
-10.4716
-10.4617
-10.4442
-10.4313
-10.4200
-10.4256
-10.4265
-10.4324
-10.4535
-10.4701
-10.4896
-10.5092
-10.5351
-10.5635
-10.5859
-10.6104
-10.6294
-10.6471
-10.6577
-10.6729
-10.7002
-10.7300
-10.7547
-10.7739
-10.7978
-10.8288
-10.8599
-10.8895
-10.9256
-10.9656
-11.0097
-11.0479
-11.0701
-11.0833
-11.0925
-11.0989
-11.0999
-11.0955
-11.0865
-11.0712
-11.0510
-11.0282
-11.0069
-10.9921
-10.9821
-10.9722
-10.9586
-10.9380
-10.9181
-10.9194
-10.9221
-10.9067
-10.8880
-10.8670
