-4.2615
-4.3444
-4.4154
-4.6940
-4.8294
-5.0998
-5.2031
-5.2954
-5.5512
-5.6569
-5.7697
-5.8488
-6.0284
-6.1523
-6.3984
-6.5800
-6.7226
-6.8198
-6.8150
-6.7836
-6.7626
-6.8183
-6.9631
-7.0416
-7.0391
-7.1063
-7.2390
-7.2927
-7.3525
-7.4189
-7.6161
-7.8340
-8.0565
-8.2706
-8.4668
-8.6782
-8.8708
-9.0719
-9.2255
-9.3750
-9.5338
-9.5856
-9.5562
-9.4909
-9.3881
-9.3247
-9.2837
-9.3214
-9.4115
-9.4528
-9.4854
-9.5337
-9.4564
-9.2872
-9.0319
-8.7581
-8.5658
-8.3758
-8.1823
-7.9884
-7.7496
-7.6423
-7.5628
-7.4511
-7.3960
-7.2027
-7.1404
-7.0083
-7.0662
-7.2301
-7.3536
-7.4141
-7.5884
-7.8237
-8.0758
-8.3568
-8.6669
-8.8513
-8.9459
-9.0246
-9.1800
-9.3393
-9.4172
-9.3517
-9.2498
-9.2438
-9.3035
-9.2797
-9.2833
-9.3410
-9.4718
-9.5707
-9.6414
-9.7019
-9.6592
-9.5524
-9.4415
-9.4646
-9.4378
-9.3201
-9.3614
-9.3314
-9.3632
-9.5130
-9.4375
-9.5242
-9.4526
-9.5586
-9.9515
-10.2982
-10.3975
-10.5419
-10.4341
-10.4714
-10.4112
-10.0685
-10.1171
-10.1173
-10.2344
-10.4398
-10.5990
-10.7232
-10.7952
-10.7763
-10.6908
-10.5795
-10.5202
-10.4579
-10.3813
-10.5992
-10.4449
-10.3206
-10.2675
-10.2763
-10.1338
-9.7837
-9.5801
-9.4935
-9.1331
-9.0706
-9.0150
-9.0747
-9.0547
-9.0587
-9.1935
-9.1422
-8.4675
-8.0317
-7.5338
-7.3291
-7.6752
-8.0580
-8.3787
-8.4549
-8.4000
-8.5256
-8.4154
-8.2527
-7.8761
-7.6137
-7.8941
-8.0871
-7.5632
-7.1498
-7.0684
-7.2331
-7.4453
-7.8235
-8.1533
-8.6989
-8.7926
-8.8769
-8.9391
-8.9461
-9.1681
-8.9840
-7.7861
-7.7371
-8.6859
-9.8740
-10.2202
-10.8286
-11.7123
-12.6590
-13.0165
-13.5808
-14.5468
-14.6679
-14.5576
-14.2761
-13.7050
-13.1166
-12.6275
-12.0050
-11.7688
-11.8461
-11.8030
-11.8340
-11.7130
-11.4274
-10.9404
-10.4494
-10.1429
-9.9288
-9.6269
-9.3809
-9.2323
-9.2224
-9.2761
-9.5167
-9.5239
-9.5538
-9.5007
-9.6097
-9.8005
-10.0559
-10.1153
-9.9032
-9.3449
-8.9607
-8.8127
-8.6226
-8.6012
-8.7112
-8.8020
-8.8220
-8.7148
-8.7173
-8.8558
-8.9180
-9.0188
-9.0759
-9.1507
-9.1442
-9.1220
-9.0866
-9.0665
-9.0314
-9.0493
-9.0516
-9.1297
-9.1658
-9.2217
-9.4291
-9.7373
-10.0754
-10.3365
-10.8041
-11.1370
-11.4880
-11.4220
-11.3086
-11.0746
-11.0617
-10.9878
-11.0183
-11.1093
-10.7234
-10.5830
-10.1295
-10.0888
-9.9388
-10.0178
-10.1200
-9.7157
-9.6805
-9.5688
-9.4115
-9.3761
-9.5728
-9.5190
-9.5316
-9.4876
-9.3916
-9.3425
-9.4161
-9.3810
-9.1403
-9.1228
-9.0055
-9.1454
-9.1281
-9.0634
-9.0643
-8.6786
-8.1582
-7.7233
-7.5609
-7.5109
-7.6164
-7.8608
-7.9914
-8.0635
-8.0638
-7.9858
-7.9591
-8.0504
-8.3472
-8.6367
-8.8196
-8.9398
-8.9435
-8.7604
-8.6632
-8.9129
-9.3290
-9.5059
-9.5662
-9.7844
-9.9473
-9.9291
-9.7802
-9.5916
-9.4007
-9.3019
-9.1899
-8.9631
-8.8072
-8.5809
-8.2799
-7.9879
-7.8049
-7.6090
-7.2906
-6.9103
-6.6454
-6.5594
-6.4850
-6.4501
-6.3635
-6.0987
-5.7556
-5.5872
-5.5700
-5.4798
-5.3529
-5.3336
-5.4306
-5.5170
-5.5141
-5.4646
-5.4128
-5.4710
-5.5363
-5.5784
-5.6418
-5.6162
-5.5169
-5.4520
-5.4109
-5.4076
-5.3847
-5.2777
-5.1761
-5.1186
-5.0974
-5.0866
-5.1190
-5.1637
-5.2662
-5.3656
-5.4475
-5.5686
-5.6428
-5.6909
-5.7348
-5.7601
-5.6974
-5.6058
-5.5231
-5.5055
-5.4489
-5.2007
-5.1435
-5.2149
-5.2451
-5.3450
