2.3422
2.2629
2.0913
1.9032
1.7386
1.7497
1.8898
1.8794
1.8977
1.9275
1.8814
1.7757
1.6008
1.5874
1.5056
1.4365
1.4719
1.4094
1.3927
1.4754
1.5115
1.6761
1.7873
1.8885
2.0145
1.9969
2.0286
2.1086
2.1184
2.1027
2.0825
2.0676
1.9769
1.8620
1.7222
1.5840
1.4394
1.3454
1.3128
1.3114
1.3152
1.3377
1.2994
1.2339
1.1527
1.1040
1.1169
1.2023
1.4180
1.6729
1.9018
2.1996
2.4743
2.6552
2.7630
2.8306
2.8854
2.9979
3.1294
3.2229
3.2277
3.2124
3.2412
3.1877
3.2801
3.3180
3.2306
3.0871
2.7519
2.5134
2.3048
2.0943
1.9792
1.8476
1.6461
1.4791
1.3623
1.3159
1.2341
1.1231
1.0356
1.0063
1.0636
1.1185
1.1419
1.2092
1.2852
1.4465
1.5037
1.4853
1.4636
1.4355
1.5250
1.6199
1.7617
1.9323
2.0525
2.0870
2.0988
2.0972
2.1047
2.1768
2.0579
1.9075
1.9908
2.0229
2.0021
1.7440
1.4219
1.1595
1.0478
0.8748
1.0331
1.0411
1.1079
0.9682
1.0870
1.1382
1.1924
1.1393
1.1414
1.1414
1.2003
1.2929
1.3420
1.4480
1.4139
1.3561
1.3110
0.9713
1.0963
1.0997
0.7812
0.2951
-0.1545
-0.3271
-0.2624
-0.2464
-0.1361
-0.3103
-0.4121
-0.5150
-0.5575
-0.5974
-0.6883
-0.8064
-0.7374
-0.9192
-1.0451
-1.2036
-1.3838
-1.4524
-1.6450
-1.6654
-1.8616
-1.8762
-1.7929
-1.6367
-1.6044
-1.7414
-1.7041
-1.5145
-1.7375
-1.9684
-2.3152
-2.3520
-2.4835
-2.4069
-2.5068
-2.4130
-2.4423
-2.3827
-2.3250
-2.1941
-1.9689
-1.7574
-2.1771
-2.6931
-3.0875
-2.6889
-2.3984
-2.2186
-1.5277
-0.6755
0.1421
0.4346
0.7436
0.9864
1.1449
1.2873
1.1492
1.1387
1.3862
1.1804
1.1624
1.4418
1.5707
1.3940
1.0692
0.6380
0.1597
-0.1472
-0.6230
-1.0410
-1.4254
-1.6053
-1.7999
-1.9623
-2.0597
-1.9354
-1.9191
-2.0248
-2.0624
-2.1255
-2.1354
-2.0867
-2.1299
-1.8805
-1.8625
-1.7390
-1.5917
-1.4471
-1.4861
-1.4937
-1.4972
-1.7419
-1.9375
-1.8816
-1.9988
-2.1791
-2.3911
-2.5745
-2.6785
-2.6765
-2.6318
-2.6588
-2.8393
-3.0865
-3.3525
-3.5318
-3.6668
-3.7580
-3.7482
-3.7529
-3.8022
-3.8288
-3.7647
-3.7740
-3.7184
-3.5840
-3.4537
-3.5329
-3.5340
-3.6099
-3.5563
-3.6247
-3.4373
-3.6709
-3.4707
-3.1864
-3.3396
-3.2893
-3.4396
-3.7176
-3.6050
-3.7386
-3.7729
-3.7888
-3.7700
-3.8159
-3.9096
-3.8325
-3.6204
-3.6884
-3.7857
-3.8446
-3.9547
-4.1467
-4.3717
-4.4822
-4.8184
-5.1353
-5.2379
-5.3450
-5.5073
-5.6179
-5.7427
-5.7875
-6.1582
-6.4879
-6.6096
-6.5377
-6.3242
-6.0559
-6.0024
-6.1040
-6.0215
-5.6898
-5.3607
-5.2733
-5.3595
-5.4133
-5.4636
-5.2681
-4.9988
-4.7308
-4.1654
-3.7121
-3.3485
-3.0152
-2.8988
-2.9212
-2.9650
-2.9053
-2.7219
-2.4734
-2.3303
-2.2049
-2.0957
-2.2380
-2.4977
-2.5374
-2.6719
-2.9803
-3.3576
-3.6783
-3.8405
-3.8847
-3.9233
-3.9017
-4.1030
-4.5419
-4.8600
-4.9516
-5.0594
-5.2339
-5.3107
-5.2137
-5.0696
-4.9094
-4.7901
-4.6924
-4.5951
-4.5475
-4.4945
-4.3953
-4.3240
-4.2886
-4.2191
-4.1274
-4.0813
-4.0225
-3.9975
-4.0052
-4.0330
-3.9783
-3.8394
-3.6831
-3.5602
-3.4823
-3.4051
-3.3088
-3.1433
-2.9673
-2.8717
-2.8038
-2.7431
-2.7415
-2.7607
-2.7499
-2.6915
-2.5229
-2.4857
-2.7053
-2.7339
-2.7713
-2.7929
