1.7210
1.8870
1.9930
2.2040
2.4400
2.5770
2.7600
2.9310
2.9130
2.9570
3.1350
3.5110
3.6350
3.7050
3.7750
3.8340
3.9710
4.1490
4.1970
4.0230
3.9210
3.4570
3.1680
3.3060
3.4380
3.4140
3.5190
3.5910
3.6570
3.7260
3.7860
3.8550
3.9090
3.9350
3.9890
4.0690
4.0940
4.1190
4.1260
4.0820
4.0270
3.9740
3.9230
3.8860
3.8510
3.8160
3.7830
3.7450
3.7040
3.6840
3.6700
3.6460
3.6480
3.6590
3.6450
3.6290
3.6220
3.6260
3.6640
3.7800
3.8220
3.8460
3.7910
3.7060
3.6480
3.5590
3.4330
3.5260
3.9910
4.4750
5.3220
5.8240
5.9120
5.9660
6.0460
6.1910
6.3350
6.4700
6.5450
6.5990
6.6130
6.6050
6.6650
6.7290
6.7440
6.7310
6.7360
6.7150
6.6900
6.6380
6.6070
6.5990
6.6050
6.5860
6.5580
6.5710
6.6080
6.6300
6.6490
6.6480
6.6390
6.6230
6.5920
6.5450
6.4750
6.3850
6.2840
6.1700
6.0510
5.9370
5.8380
5.7830
5.7680
5.7630
5.6800
5.3540
4.9950
4.5520
3.9600
3.6290
3.6770
3.8450
3.8080
3.7370
3.8240
3.9780
4.0700
4.1700
4.3530
4.6030
4.8220
4.9710
5.1310
5.3860
5.6770
5.9320
6.1410
6.3490
6.5230
6.6810
6.8000
6.9040
7.0020
7.1000
7.1690
7.2160
7.2390
7.2470
7.2610
7.2750
7.3100
7.3410
7.3530
7.3470
7.3110
7.1660
6.9910
7.0280
7.0990
7.2670
7.2490
7.3060
7.3630
7.4650
7.5490
7.6380
7.6880
7.6880
7.6740
7.6660
7.6860
7.7070
7.7280
7.7710
7.8300
7.9120
8.0090
8.0890
8.1610
8.2290
8.2640
8.2540
8.2270
8.1840
8.1510
8.1300
8.1510
8.1570
8.1080
8.0760
8.0250
7.9680
7.9390
7.9270
7.9330
7.9880
8.0730
8.1430
8.1790
8.2190
8.2600
8.2920
8.3010
8.3090
8.3300
8.3230
8.2960
8.2230
8.1060
8.0080
7.9960
8.1410
7.8810
7.3850
7.0370
6.9460
7.0900
7.5050
7.7050
7.6720
7.6180
7.6660
7.7970
7.8610
7.7870
7.7400
7.7400
7.7420
7.6670
7.6360
7.6160
7.6830
7.8280
7.7300
7.5360
7.3080
7.1500
7.2610
7.8190
6.8400
6.4000
6.5440
6.7890
6.5910
6.3580
6.3440
6.7230
7.0540
7.1500
7.0280
6.8370
6.4140
6.1180
6.0570
6.0080
5.9120
6.2200
5.8330
6.3110
6.8370
6.9540
6.7720
6.7980
6.2950
5.4000
4.7150
5.2830
5.1320
2.9730
2.3750
1.4300
1.2790
3.3450
4.4750
4.9010
4.6720
4.7130
5.0880
5.2280
5.6480
5.1870
4.6370
4.6310
3.7460
3.1220
2.4390
1.7740
1.6840
2.8240
3.6670
4.0600
4.2510
4.4550
4.7830
5.0660
4.9810
4.7850
4.6520
4.9020
5.1930
5.7240
6.2190
6.4410
6.4210
6.4170
6.4240
6.3440
5.9830
5.4110
5.0260
5.1270
5.1920
5.2220
5.1510
5.0620
5.0940
5.1180
5.0090
4.8260
4.8390
4.8040
4.7300
4.6390
4.4960
4.3470
4.2700
4.2160
4.1300
4.0460
3.9140
3.7460
3.6190
3.6060
3.6090
3.5730
3.5670
3.5640
3.5850
3.5660
3.4460
3.3760
3.2590
3.1110
2.9560
2.8860
2.8180
2.8050
2.7760
2.7600
2.7730
2.7290
2.6910
2.6260
2.5220
2.4280
2.3590
2.3900
2.5510
2.6450
2.8290
3.0450
3.2090
3.3620
3.4370
3.2630
2.9500
2.8760
2.8820
2.7670
2.8240
2.9810
3.0380
3.1020
3.1220
3.2520
3.4660
3.6480
