1805.9000
1762.4000
1772.1000
1756.6000
1739.4000
1787.1000
1780.7000
1781.2000
1795.3000
1780.6000
1811.0000
1811.4000
1825.8000
1815.0000
1805.2000
1818.6000
1821.3000
1815.0000
1816.9000
1815.1000
1820.0000
1829.5000
1836.1000
1840.1000
1846.9000
1850.2000
1858.4000
1868.3000
1879.1000
1883.2000
1880.1000
1876.6000
1874.2000
1874.5000
1880.2000
1877.8000
1878.5000
1875.6000
1876.4000
1860.1000
1843.9000
1838.5000
1833.0000
1836.3000
1829.2000
1820.1000
1809.5000
1801.3000
1800.4000
1797.5000
1795.0000
1796.9000
1795.3000
1789.0000
1786.7000
1788.2000
1790.6000
1787.9000
1788.3000
1788.9000
1789.9000
1796.0000
1800.3000
1811.3000
1826.8000
1837.2000
1850.7000
1863.7000
1876.8000
1892.7000
1910.7000
1926.2000
1937.0000
1950.0000
1963.1000
1973.1000
1987.8000
2001.0000
2014.0000
2031.0000
2047.4000
2065.2000
2081.4000
2094.8000
2109.2000
2123.1000
2137.8000
2125.0000
2108.9000
2111.9000
2116.8000
2130.1000
2132.3000
2130.3000
2121.6000
2115.7000
2119.3000
2123.6000
2125.6000
2136.7000
2135.5000
2133.8000
2136.5000
2137.3000
2144.6000
2146.0000
2150.0000
2152.8000
2154.7000
2159.0000
2161.6000
2194.9000
2224.9000
2238.4000
2245.4000
2242.6000
2251.4000
2264.7000
2285.3000
2301.1000
2301.4000
2303.2000
2307.0000
2300.6000
2307.5000
2314.5000
2319.0000
2321.3000
2319.0000
2318.2000
2318.6000
2321.0000
2324.2000
2323.9000
2323.7000
2294.9000
2267.5000
2255.1000
2248.3000
2251.9000
2243.8000
2227.7000
2204.7000
2185.3000
2179.3000
2173.9000
2165.7000
2156.6000
2136.1000
2121.4000
2110.2000
2102.7000
2096.1000
2084.2000
2071.1000
2057.2000
2047.8000
2041.3000
2035.6000
2054.5000
2073.6000
2075.4000
2078.3000
2075.8000
2079.4000
2086.7000
2101.1000
2109.7000
2110.1000
2111.9000
2113.1000
2098.2000
2096.6000
2100.0000
2103.1000
2109.4000
2108.7000
2109.4000
2104.3000
2103.3000
2102.6000
2101.4000
2098.9000
2054.8000
2009.6000
1989.9000
1975.3000
1974.0000
1958.6000
1931.1000
1893.8000
1864.4000
1850.2000
1840.7000
1824.9000
1822.0000
1802.6000
1780.0000
1762.4000
1744.1000
1734.3000
1716.7000
1702.4000
1683.7000
1669.1000
1662.3000
1658.0000
1689.2000
1716.9000
1725.1000
1727.7000
1716.8000
1720.4000
1726.2000
1733.1000
1732.4000
1716.6000
1705.1000
1693.6000
1658.5000
1635.6000
1626.0000
1618.6000
1613.4000
1594.6000
1566.8000
1538.2000
1532.3000
1522.7000
1507.9000
1488.3000
1443.0000
1404.2000
1388.7000
1366.8000
1348.6000
1314.7000
1277.6000
1260.7000
1241.1000
1228.2000
1212.6000
1188.4000
1163.4000
1127.0000
1089.9000
1080.5000
1067.9000
1050.7000
1026.6000
1018.2000
1016.8000
1007.0000
987.8000
966.0000
981.4000
982.3000
962.9600
941.0500
911.1900
895.6900
875.5700
881.7400
880.2600
869.0800
889.6700
862.9400
838.3000
852.2300
826.7800
825.7900
835.0600
740.4000
689.4700
665.2100
667.2800
657.9300
622.2100
607.0200
573.0100
498.9500
473.9800
447.6900
461.2300
451.6300
417.4000
391.9100
371.0600
377.6100
402.9100
424.6700
469.2900
489.8700
507.4600
531.1500
539.9800
566.8700
594.7600
629.4200
655.7800
672.7100
687.8400
701.4500
747.2000
789.5700
819.1500
844.4400
854.2400
862.3800
874.3800
901.4000
920.6600
935.9400
960.3700
989.7100
1000.4000
1017.9000
1034.9000
1048.6000
1060.9000
1073.0000
1087.6000
1094.4000
1103.6000
1110.5000
1113.7000
1113.5000
1091.2000
1067.3000
1055.8000
1045.7000
1046.7000
1037.7000
1022.4000
1000.8000
980.2900
975.8800
969.5800
961.8100
979.7900
982.3600
983.3400
979.9200
978.6900
979.0500
979.0600
989.9000
992.9000
993.7800
997.1800
1006.7000
1039.5000
1069.9000
1082.9000
1086.3000
1080.4000
1085.8000
1101.0000
1119.4000
1142.9000
1154.3000
1159.9000
1163.6000
1152.5000
1139.9000
1136.5000
1137.9000
1144.8000
1138.1000
1138.1000
1133.4000
1130.8000
1136.0000
1135.4000
1138.8000
1115.2000
1087.0000
