1.9306
2.1941
2.3619
2.6975
3.0712
3.2889
3.5799
3.8507
3.8218
3.8921
4.1736
4.7705
4.9676
5.0791
5.1904
5.2838
5.5012
5.7835
5.8595
5.5842
5.4222
4.6849
4.2264
4.4463
4.6552
4.6168
4.7836
4.8982
5.0021
5.1118
5.2073
5.3165
5.4028
5.4445
5.5290
5.6566
5.6963
5.7364
5.7467
5.6770
5.5891
5.5060
5.4250
5.3660
5.3113
5.2550
5.2031
5.1419
5.0770
5.0450
5.0228
4.9858
4.9883
5.0053
4.9830
4.9575
4.9469
4.9528
5.0143
5.1974
5.2648
5.3023
5.2160
5.0802
4.9882
4.8468
4.6474
4.7950
5.5329
6.3012
7.6441
8.4411
8.5816
8.6674
8.7935
9.0238
9.2519
9.4660
9.5854
9.6714
9.6936
9.6798
9.7760
9.8770
9.9004
9.8800
9.8883
9.8547
9.8157
9.7332
9.6838
9.6718
9.6807
9.6503
9.6056
9.6265
9.6861
9.7202
9.7501
9.7491
9.7352
9.7097
9.6600
9.5856
9.4744
9.3314
9.1709
8.9905
8.8020
8.6212
8.4632
8.3768
8.3530
8.3442
8.2132
7.6950
7.1264
6.4224
5.4834
4.9590
5.0348
5.3006
5.2423
5.1300
5.2671
5.5124
5.6579
5.8163
6.1069
6.5038
6.8514
7.0885
7.3420
7.7462
8.2088
8.6133
8.9441
9.2742
9.5510
9.8008
9.9899
10.1545
10.3101
10.4667
10.5755
10.6507
10.6870
10.6991
10.7210
10.7430
10.7987
10.8489
10.8681
10.8579
10.8014
10.5712
10.2924
10.3514
10.4652
10.7304
10.7022
10.7933
10.8827
11.0456
11.1793
11.3202
11.3990
11.3992
11.3766
11.3643
11.3956
11.4294
11.4630
11.5308
11.6244
11.7550
11.9087
12.0355
12.1501
12.2578
12.3126
12.2968
12.2546
12.1869
12.1340
12.1005
12.1345
12.1438
12.0657
12.0150
11.9346
11.8426
11.7979
11.7784
11.7873
11.8748
12.0104
12.1206
12.1788
12.2416
12.3065
12.3575
12.3715
12.3843
12.4179
12.4071
12.3633
12.2481
12.0619
11.9061
11.8878
12.1175
11.7060
10.9186
10.3661
10.2211
10.4500
11.1093
11.4255
11.3740
11.2880
11.3640
11.5723
11.6738
11.5555
11.4820
11.4821
11.4853
11.3650
11.3171
11.2854
11.3909
11.6206
11.4665
11.1573
10.7962
10.5457
10.7215
11.6069
10.0538
9.3558
9.5834
9.9726
9.6584
9.2880
9.2668
9.8679
10.3938
10.5453
10.3512
10.0493
9.3777
8.9081
8.8118
8.7334
8.5805
9.0693
8.4556
9.2147
10.0494
10.2351
9.9460
9.9861
9.1884
7.7692
6.6815
7.5832
7.3427
3.9175
2.9685
1.4692
1.2291
4.5083
6.3008
6.9763
6.6126
6.6777
7.2737
7.4963
8.1624
7.4299
6.5572
6.5485
5.1435
4.1532
3.0692
2.0145
1.8720
3.6807
5.0183
5.6424
5.9459
6.2694
6.7891
7.2382
7.1030
6.7920
6.5812
6.9781
7.4401
8.2833
9.0675
9.4203
9.3879
9.3815
9.3926
9.2670
8.6928
7.7859
7.1751
7.3350
7.4389
7.4861
7.3729
7.2320
7.2831
7.3211
7.1473
6.8573
6.8787
6.8221
6.7048
6.5605
6.3341
6.0979
5.9753
5.8900
5.7530
5.6197
5.4106
5.1447
4.9423
4.9215
4.9266
4.8687
4.8592
4.8550
4.8886
4.8585
4.6679
4.5569
4.3714
4.1360
3.8899
3.7796
3.6707
3.6506
3.6040
3.5789
3.5996
3.5297
3.4699
3.3667
3.2010
3.0524
2.9423
2.9924
3.2480
3.3962
3.6887
4.0317
4.2926
4.5348
4.6535
4.3776
3.8812
3.7627
3.7737
3.5912
3.6814
3.9300
4.0203
4.1217
4.1534
4.3595
4.6995
4.9891
