-18.1956
-18.1336
-18.0462
-17.9515
-17.8669
-17.8132
-17.7622
-17.7337
-17.7459
-17.7336
-17.6932
-17.6973
-17.6992
-17.6860
-17.6897
-17.7058
-17.7032
-17.6976
-17.8387
-18.1080
-18.1002
-18.0878
-17.7997
-17.3134
-16.8403
-16.3905
-15.8966
-15.4764
-15.0349
-14.6202
-14.2407
-13.8490
-13.4630
-13.1092
-12.7877
-12.4944
-12.2061
-11.9352
-11.6897
-11.4548
-11.2211
-10.9913
-10.7695
-10.5575
-10.3477
-10.1439
-9.9577
-9.7880
-9.6333
-9.4952
-9.3738
-9.2668
-9.1712
-9.0861
-9.0151
-8.9632
-8.9302
-8.9133
-8.9119
-8.9364
-9.0106
-9.0838
-9.1706
-9.2397
-9.2473
-9.2743
-9.4368
-9.7849
-9.9783
-10.2475
-11.4022
-11.9680
-12.6522
-13.0550
-13.3062
-13.5178
-13.8086
-14.0674
-14.2211
-14.5170
-14.8124
-15.0035
-15.1485
-15.2200
-15.2755
-15.3498
-15.4348
-15.5301
-15.6297
-15.7378
-15.8224
-15.8838
-15.9310
-15.9886
-16.0505
-16.0816
-16.0725
-16.0336
-15.9882
-15.9655
-15.9511
-15.9452
-15.9409
-15.9488
-15.9704
-16.0114
-16.0457
-16.0628
-16.0659
-16.0673
-16.0627
-16.0477
-16.0417
-16.0539
-16.1853
-16.5298
-16.6805
-16.6205
-16.3274
-15.9257
-15.3825
-14.8457
-14.3816
-13.8813
-13.3142
-12.8301
-12.4395
-12.0973
-11.7384
-11.4264
-11.1622
-10.9156
-10.6237
-10.2713
-9.9679
-9.7761
-9.6525
-9.5745
-9.5259
-9.5061
-9.5009
-9.5038
-9.5160
-9.5457
-9.5967
-9.6711
-9.7675
-9.8876
-10.0302
-10.1881
-10.3565
-10.5442
-10.7602
-11.0111
-11.3093
-11.6400
-12.0019
-12.3338
-12.6761
-13.0107
-13.3506
-13.6742
-13.9613
-14.2187
-14.4175
-14.5769
-14.7159
-14.8287
-14.9115
-14.9724
-15.0187
-15.0568
-15.0868
-15.1090
-15.1197
-15.1264
-15.1382
-15.1524
-15.1643
-15.1709
-15.1658
-15.1547
-15.1442
-15.1309
-15.1028
-15.0656
-15.0207
-14.9744
-14.9446
-14.9087
-14.8826
-14.8518
-14.8181
-14.7958
-14.7617
-14.7112
-14.6468
-14.5784
-14.5142
-14.4497
-14.3950
-14.3387
-14.2995
-14.2660
-14.2281
-14.1874
-14.1438
-14.0982
-14.0354
-13.9044
-13.6410
-13.1963
-12.9068
-12.6285
-12.3559
-12.1335
-11.7201
-11.2582
-10.9362
-10.6343
-10.2828
-9.8623
-9.4508
-9.1280
-8.8343
-8.5350
-8.2023
-7.8530
-7.5287
-7.2265
-6.8935
-6.5914
-6.3403
-6.0805
-5.8406
-5.6475
-5.4776
-5.3346
-5.6165
-6.1155
-5.9649
-5.7899
-5.7210
-5.8634
-6.3148
-6.5786
-6.8641
-7.0510
-7.5016
-7.8328
-8.0068
-8.2696
-8.7613
-9.1461
-9.5163
-9.8381
-9.8861
-9.8965
-10.3746
-10.9724
-11.2542
-11.4140
-11.6868
-11.5970
-11.0150
-10.8826
-10.6007
-9.8442
-8.8808
-7.9942
-7.3138
-7.2996
-7.1872
-7.1827
-7.3710
-7.5965
-7.7805
-8.0109
-8.2700
-8.7518
-9.2632
-9.3219
-9.3746
-9.3303
-9.4967
-9.5893
-9.5764
-9.7315
-10.3306
-10.8804
-11.2148
-11.5911
-11.8516
-12.0707
-12.2946
-12.3876
-12.6143
-12.8593
-12.9625
-12.8958
-12.8122
-12.7630
-12.7310
-12.7638
-12.8193
-12.8451
-12.9188
-12.8130
-12.5844
-12.3361
-12.1509
-11.9705
-11.6600
-11.3700
-11.0821
-10.7975
-10.5821
-10.3801
-10.0582
-9.7757
-9.6193
-9.4466
-9.2430
-9.0664
-8.9535
-8.8914
-8.8573
-8.8573
-8.8595
-8.8397
-8.7856
-8.7173
-8.6596
-8.6160
-8.5813
-8.5644
-8.5940
-8.6505
-8.6877
-8.7456
-8.8439
-8.9926
-9.0930
-9.1831
-9.3224
-9.5042
-9.7086
-9.9512
-10.0791
-10.1458
-10.2011
-10.2546
-10.3246
-10.3952
-10.4656
-10.5271
-10.7008
-10.8362
-10.8050
-10.9100
-11.1141
-11.1306
-11.1249
-11.0114
-10.6715
-10.2532
-10.2193
-10.2061
-9.9878
-9.7268
-9.4312
-9.2217
-9.0919
-9.0296
-9.1152
-9.2786
-9.3758
