-1.9299
-2.0725
-1.9193
-1.8994
-1.8613
-1.5930
-1.4511
-1.4060
-1.1131
-0.6910
-0.3776
-0.1381
0.1146
0.4322
0.7691
1.0461
1.3013
1.4277
1.7194
2.0596
2.3326
2.3821
2.3252
2.4113
2.6210
2.7977
3.1083
3.3673
3.6102
3.7757
3.8481
3.8974
3.9207
3.8657
3.7797
3.7150
3.6911
3.7399
3.7969
3.8386
3.8544
3.8239
3.7591
3.7313
3.7108
3.6975
3.7273
3.7629
3.7876
3.8213
3.8805
3.9483
4.0354
4.1139
4.1422
4.1593
4.1871
4.2195
4.3030
4.5099
4.6067
4.6112
4.4614
4.2399
4.0479
3.7301
3.0774
2.2437
1.8893
1.1271
-1.0111
-1.2500
-1.0492
-1.1837
-1.4180
-1.5109
-1.5091
-1.3880
-1.2115
-1.0246
-0.7446
-0.5332
-0.3836
-0.2214
-0.0283
0.0813
0.1460
0.1928
0.1744
0.1485
0.1657
0.1767
0.1957
0.2195
0.2202
0.2216
0.2322
0.2659
0.3216
0.3740
0.3878
0.3697
0.3204
0.2594
0.2001
0.1720
0.1466
0.0902
-0.0211
-0.1635
-0.3103
-0.4433
-0.5397
-0.5996
-0.6579
-0.6852
-0.6841
-0.7324
-0.6894
-0.7567
-0.9473
-1.1945
-1.4853
-1.7265
-2.0412
-2.4410
-2.8269
-3.2686
-3.7895
-4.3342
-4.7563
-5.0124
-5.1505
-5.2630
-5.3892
-5.5345
-5.6706
-5.8267
-5.9219
-6.0039
-6.0551
-6.1003
-6.1426
-6.2266
-6.2940
-6.3392
-6.3852
-6.4231
-6.4653
-6.5239
-6.6052
-6.6598
-6.6477
-6.6153
-6.5787
-6.4433
-6.4235
-6.5329
-6.6907
-6.8490
-6.8712
-6.8801
-6.8937
-6.8948
-6.8496
-6.8320
-6.8169
-6.7351
-6.6603
-6.6238
-6.6278
-6.5939
-6.5523
-6.4870
-6.3949
-6.2984
-6.2236
-6.1154
-6.0341
-5.9426
-5.8325
-5.7116
-5.5557
-5.3700
-5.2100
-5.0602
-4.9535
-4.8580
-4.7302
-4.5547
-4.3567
-4.1885
-4.0665
-3.9448
-3.8583
-3.9058
-3.9946
-4.0230
-4.0193
-4.0203
-4.0426
-4.1002
-4.0921
-4.0520
-4.0283
-4.0039
-3.9945
-3.8855
-3.7005
-3.4894
-3.1842
-2.8428
-2.5011
-2.3825
-2.2485
-2.2064
-2.1446
-2.1305
-2.2635
-2.3114
-2.3162
-2.1540
-1.8421
-1.5180
-1.4662
-1.5597
-1.5259
-1.1839
-1.0751
-0.9897
-0.8159
-0.8834
-0.8146
-0.5056
-0.4659
-0.5231
-0.6890
-0.9490
-0.0543
-0.1891
-0.8969
-1.5892
-2.3843
-3.3998
-4.6438
-5.9866
-6.8921
-7.4040
-7.6613
-7.8406
-7.5978
-7.0432
-6.8499
-6.9706
-7.3222
-7.4274
-7.8278
-7.5560
-8.7084
-9.4745
-9.5346
-9.5042
-9.7237
-8.7946
-7.0590
-5.5802
-5.8508
-5.8269
-3.4552
-2.8543
-1.2614
-0.1915
-3.9042
-5.5788
-6.4784
-6.4840
-6.5968
-7.1407
-7.3974
-8.1480
-7.4298
-6.5550
-6.4446
-5.0112
-4.1341
-3.0002
-1.8466
-0.1403
1.6524
2.2649
2.7510
3.4719
3.7695
3.9260
4.1810
3.9455
4.0047
4.3686
5.1185
5.7186
6.5393
6.8919
6.9032
6.8152
6.6875
6.4390
6.2724
5.6717
4.8121
4.2419
4.0219
3.5991
3.3385
3.3235
3.2865
3.1928
3.1134
2.8729
2.4867
2.2932
2.1751
2.0438
1.8047
1.4574
1.0543
0.6585
0.3002
-0.0449
-0.3525
-0.6122
-0.7914
-0.9516
-1.1174
-1.2557
-1.3626
-1.4682
-1.5848
-1.6434
-1.6693
-1.7777
-1.9349
-2.0675
-2.1440
-2.1254
-2.1784
-2.3295
-2.5302
-2.6991
-2.8934
-3.0880
-3.2207
-3.3838
-3.3562
-3.1931
-3.0353
-2.9062
-2.9748
-3.2355
-3.2703
-3.2602
-3.1585
-3.0626
-3.0607
-2.8462
-2.3245
-1.7304
-1.4123
-1.2670
-1.1559
-1.0798
-0.9988
-0.8461
-0.6768
-0.4341
-0.1340
0.1756
0.4449
