0.0536
0.7203
1.3765
1.9153
2.4429
2.8773
3.2727
3.5849
3.6561
3.8302
4.1565
4.7685
4.9663
5.0606
5.1331
5.1792
5.3451
5.6045
5.6015
5.1905
4.8948
4.0341
3.5293
3.7357
3.8472
3.6726
3.6361
3.5572
3.4623
3.4460
3.5083
3.6160
3.7173
3.8339
4.0354
4.2657
4.3386
4.3496
4.3137
4.1825
4.0474
3.9615
3.9115
3.8563
3.8000
3.7341
3.6304
3.5043
3.3809
3.2939
3.1891
3.0445
2.9324
2.8511
2.7700
2.6975
2.6345
2.5936
2.5745
2.5834
2.5488
2.6175
2.7023
2.7986
2.9150
3.0947
3.4825
4.2377
5.2004
6.1996
7.5769
8.3480
8.5172
8.5862
8.6785
8.8965
9.1280
9.3637
9.5086
9.6169
9.6650
9.6651
9.7685
9.8746
9.9003
9.8796
9.8872
9.8528
9.8141
9.7320
9.6824
9.6702
9.6788
9.6478
9.6030
9.6239
9.6833
9.7166
9.7448
9.7420
9.7275
9.7027
9.6547
9.5821
9.4723
9.3298
9.1697
8.9901
8.8020
8.6196
8.4575
8.3651
8.3356
8.3226
8.1868
7.6645
7.0935
6.3805
5.4399
4.9010
4.9449
5.1643
5.0275
4.8308
4.8555
4.9424
4.9010
4.8109
4.7889
4.8491
4.9315
5.0123
5.2322
5.6836
6.1920
6.5998
6.9168
7.2154
7.4935
7.7465
7.9457
8.1179
8.2805
8.4132
8.4985
8.5588
8.5698
8.5566
8.5522
8.5353
8.5431
8.5642
8.5980
8.6100
8.5669
8.3806
8.0419
8.0295
8.0470
8.2603
8.2050
8.3162
8.4208
8.6295
8.8351
9.0261
9.1361
9.1967
9.2232
9.2343
9.2700
9.3356
9.4057
9.5330
9.7074
9.9253
10.1531
10.3661
10.5458
10.7210
10.8436
10.8899
10.9230
10.9400
10.9586
10.9916
11.0774
11.1297
11.0998
11.1182
11.1110
11.0772
11.0749
11.0982
11.1379
11.2140
11.3267
11.4335
11.4964
11.5626
11.6236
11.6574
11.6751
11.7027
11.7464
11.7432
11.7003
11.6154
11.4802
11.3833
11.4534
11.7793
11.4357
10.6555
10.1193
9.9801
10.2276
10.9030
11.1990
11.1366
11.0478
11.1580
11.4248
11.5746
11.4621
11.3756
11.3803
11.4241
11.3140
11.2737
11.2559
11.3566
11.5920
11.4554
11.1476
10.7835
10.5232
10.6794
11.6067
10.0520
9.3127
9.4507
9.6834
9.0402
8.0438
7.0734
7.0621
7.2947
7.2462
6.7581
6.5773
6.1916
5.6950
5.3906
4.7601
4.2964
4.5802
3.7952
3.0124
3.3502
3.7215
2.9315
2.2742
2.6611
3.2449
3.6748
4.8242
4.4680
1.8463
0.8152
-0.7532
-1.2141
-2.2544
-2.9287
-2.5882
-1.2982
-1.0362
-1.3849
-1.2139
0.4834
-0.0371
0.1708
1.1617
1.1591
0.3981
-0.6473
-0.8051
-1.8667
-3.2889
-4.4782
-4.9264
-4.8270
-5.0097
-5.5387
-5.9085
-5.9064
-5.4857
-4.9221
-4.7429
-4.7595
-5.0843
-5.8925
-6.4100
-6.4565
-6.5795
-6.8382
-6.8216
-6.5876
-6.1208
-5.7869
-6.1340
-6.5103
-6.7004
-6.5813
-6.4420
-6.5459
-6.6261
-6.5445
-6.3905
-6.4852
-6.4661
-6.3857
-6.3074
-6.1642
-6.0061
-5.9389
-5.8823
-5.7528
-5.6087
-5.3758
-5.0835
-4.8498
-4.7930
-4.7639
-4.6742
-4.6321
-4.5891
-4.6041
-4.5628
-4.3161
-4.1257
-3.8515
-3.5369
-3.2579
-3.0887
-2.8368
-2.6316
-2.3882
-2.1065
-1.8497
-1.4444
-0.7683
-0.2663
-0.2255
-0.3221
-0.4596
-0.3233
0.2847
0.9164
1.7256
2.5057
3.0079
3.3460
3.6816
3.7094
3.4741
3.4876
3.5546
3.4001
3.5195
3.8010
3.9302
4.0658
4.1307
4.3574
4.6963
4.9692
