1.3870
1.2540
1.2920
1.2400
1.2560
1.3110
1.2370
1.1890
1.0960
0.9470
0.8010
0.6820
0.6300
0.5790
0.7210
0.8410
0.9200
0.9040
0.8800
0.9360
1.0440
1.1620
1.0270
1.0910
1.3010
1.3910
1.3410
1.3470
1.5860
1.5560
1.5650
1.6180
1.6260
1.7300
1.9740
2.1610
2.4310
2.7930
3.1570
3.5160
3.5530
3.1760
3.1430
3.2510
3.3380
3.4830
3.6500
3.7690
3.8350
3.9090
3.9990
4.0600
4.0450
4.0270
4.0520
4.0680
4.0800
4.0990
4.1360
4.1860
4.2770
4.3320
4.3680
4.3630
4.3850
4.3760
4.3780
4.3930
4.3140
4.2930
4.2500
4.2680
4.4260
4.5860
4.6260
4.5120
4.3550
4.2290
4.1950
4.2370
4.2560
4.2790
4.2690
4.3020
4.3480
4.3710
4.4100
4.4150
4.4440
4.5040
4.5000
4.5330
4.5900
4.6560
4.6590
4.5660
4.4120
4.2930
4.2020
4.0790
3.9850
3.9860
4.0260
4.0680
4.1260
4.1990
4.2300
4.2100
4.1530
4.0420
3.9100
3.7930
3.6810
3.5860
3.4780
3.3320
3.1920
3.0620
2.9390
2.6620
2.2330
1.8960
1.6840
1.5240
1.3490
1.1590
0.9860
0.7750
0.5900
0.8150
1.0680
1.3080
1.5330
1.7390
1.8830
2.0240
2.1650
2.2800
2.3660
2.4500
2.5480
2.6300
2.7240
2.8420
3.0150
3.2000
3.3650
3.5050
3.6090
3.7040
3.8900
4.3140
4.9880
5.2370
5.2270
5.1820
5.1960
5.2200
5.2800
5.3340
5.2930
5.2940
5.3310
5.3260
5.3520
5.3100
5.2950
5.3060
5.3210
5.3140
5.2520
5.2510
5.3330
5.3610
5.2670
5.1810
5.1970
5.2430
5.2700
5.2660
5.2800
5.2900
5.2660
5.1260
5.0770
5.1130
5.0320
4.7530
4.5410
4.3980
4.3600
4.3390
4.3010
4.3110
4.2810
4.2510
4.2640
4.3090
4.4890
4.7990
4.9720
5.0980
5.2700
5.4170
5.5510
5.7130
5.8980
6.0510
6.1740
5.9450
5.4860
5.4410
5.3780
5.2710
4.9150
4.6730
4.5810
4.6680
4.6890
4.8090
4.8780
5.1960
5.4450
5.6540
5.8610
6.0270
6.1490
6.2770
6.4000
6.4880
6.7070
6.8190
6.9180
7.0650
7.2300
7.4220
7.7050
8.0880
8.2230
8.4370
8.7650
9.2550
9.2170
9.2000
10.3540
10.3890
9.0420
8.1250
8.6000
9.9130
10.2640
10.1670
9.9180
9.7450
9.5340
9.4640
9.8230
10.0970
10.2110
10.0790
9.9060
9.4410
9.1250
9.1160
8.8890
8.8640
8.9380
9.2220
9.4200
9.5890
9.7280
9.8810
9.9910
10.0790
10.0530
10.0280
10.0390
10.1320
10.1250
10.0020
9.9450
9.9470
9.8650
9.8140
9.7850
9.7170
9.7790
10.0680
10.3640
10.4710
10.4140
10.2440
10.2700
10.2110
10.2220
10.5710
10.7050
10.3300
10.0220
9.7680
9.3480
8.2470
6.4550
3.4460
3.1830
3.9260
3.8310
3.3660
4.1890
5.1840
5.0470
5.7870
6.3890
6.9030
7.6210
7.9720
8.0240
8.0640
8.0890
8.1450
8.2100
8.1010
8.0330
7.9040
7.6730
7.6600
7.2680
6.7390
6.6810
6.8700
7.0690
7.3480
7.5820
7.5010
7.2930
7.7570
7.6330
8.2480
8.7700
8.5910
8.3590
8.1940
8.2190
8.1030
7.7680
7.4930
7.8940
7.6330
7.3810
7.2030
7.0540
7.5300
7.4730
7.2630
7.7660
8.2770
7.8940
8.1110
8.1740
7.9610
7.9500
7.6400
7.4770
7.6850
7.6430
7.4620
7.5380
7.6230
7.7430
7.6840
7.4650
7.2710
7.1170
7.0810
7.0010
6.8980
6.8040
