716.5900
709.1200
714.6800
708.6200
698.8500
700.1300
677.2700
704.9800
708.1600
734.2600
735.2900
728.8900
739.8000
731.0100
741.3700
766.9900
774.4900
780.4200
773.3000
765.8700
774.4900
777.5400
773.3300
764.1600
764.1500
754.1900
749.1600
755.0800
772.5500
785.2600
788.6300
789.6700
785.1700
777.5300
779.6500
783.0800
787.6800
795.8900
796.8800
778.0600
753.4300
735.8200
727.1700
728.8700
717.9900
706.5900
692.7100
684.5900
683.0300
680.5900
677.4300
687.4400
686.7300
680.2800
677.0300
675.7300
678.6900
678.9700
685.2700
688.2000
688.7900
694.5700
701.3500
711.8100
729.3500
745.3300
755.3400
768.0800
782.9700
796.6600
810.4900
824.9600
837.2200
847.0100
858.3200
870.5500
885.2100
894.8900
906.0200
920.1400
932.7700
950.4700
969.3300
985.1500
1001.1000
1015.9000
1031.4000
1027.1000
1025.8000
1033.3000
1046.5000
1070.0000
1079.9000
1083.1000
1078.5000
1075.0000
1076.0000
1078.6000
1084.2000
1087.0000
1084.8000
1087.3000
1094.1000
1102.5000
1109.1000
1108.9000
1108.3000
1111.1000
1118.4000
1128.4000
1134.5000
1167.8000
1195.5000
1207.7000
1218.6000
1218.8000
1233.0000
1254.6000
1281.7000
1303.8000
1312.1000
1322.1000
1333.3000
1336.4000
1349.7000
1361.2000
1372.6000
1379.3000
1380.4000
1387.0000
1393.7000
1403.6000
1415.7000
1426.3000
1437.2000
1429.2000
1422.0000
1425.8000
1427.9000
1434.8000
1432.1000
1421.6000
1407.9000
1398.2000
1401.4000
1406.3000
1409.9000
1420.3000
1420.4000
1417.8000
1419.0000
1425.7000
1441.8000
1443.5000
1446.7000
1451.2000
1454.8000
1465.1000
1473.0000
1495.1000
1523.1000
1540.1000
1552.2000
1565.1000
1580.4000
1598.2000
1622.0000
1641.4000
1653.9000
1664.6000
1676.3000
1670.1000
1662.1000
1665.8000
1673.4000
1690.0000
1700.5000
1707.6000
1707.7000
1713.5000
1720.8000
1727.9000
1740.5000
1716.1000
1679.7000
1662.9000
1656.2000
1673.8000
1678.1000
1665.2000
1640.1000
1619.4000
1615.6000
1609.1000
1606.3000
1623.0000
1622.7000
1613.8000
1602.4000
1594.4000
1598.5000
1596.7000
1594.7000
1586.6000
1581.6000
1577.8000
1567.1000
1592.3000
1615.9000
1634.4000
1660.8000
1656.5000
1660.2000
1671.4000
1695.7000
1718.9000
1719.1000
1713.7000
1714.2000
1697.2000
1700.1000
1695.2000
1687.5000
1689.8000
1683.5000
1683.8000
1677.0000
1673.1000
1673.7000
1676.5000
1679.2000
1643.1000
1607.5000
1599.5000
1595.1000
1594.9000
1577.8000
1552.1000
1536.1000
1517.4000
1512.4000
1516.6000
1506.5000
1496.8000
1480.8000
1494.5000
1455.4000
1432.0000
1409.9000
1364.0000
1343.4000
1333.9000
1325.6000
1314.3000
1302.1000
1318.0000
1336.8000
1332.6000
1332.0000
1318.4000
1308.6000
1317.3000
1325.8000
1320.1000
1314.2000
1317.6000
1325.3000
1290.5000
1266.3000
1256.3000
1251.1000
1244.9000
1230.7000
1221.3000
1195.0000
1186.3000
1176.5000
1165.6000
1152.2000
1110.7000
1065.6000
1032.9000
1001.2000
987.1400
959.3800
923.0600
877.6600
822.4900
783.7400
760.5600
736.2600
729.4800
694.2900
669.9200
653.4800
604.5200
555.2300
574.8300
540.9300
544.2000
538.0600
567.0000
527.4600
541.2100
562.8400
534.3700
567.1200
539.3400
502.2700
479.1600
489.9200
488.8800
472.3900
453.1200
433.1200
398.1000
386.0400
378.3100
366.9600
354.4500
341.3400
338.8300
334.2100
332.5500
328.2200
319.9200
310.5600
271.7000
226.4400
207.9200
191.8300
179.2400
159.0700
140.0900
128.1100
99.1650
99.6170
78.0530
78.1970
132.3900
161.7800
177.9900
194.8400
214.4700
244.3800
281.4100
299.9600
325.9300
349.1700
409.5200
441.5000
503.4500
543.6000
587.7800
578.8600
611.3200
658.4300
679.0800
695.3100
744.0100
785.4700
815.6000
839.6600
840.1400
858.9600
881.2600
905.0200
936.5400
958.8200
985.9400
1014.7000
1040.6000
1078.1000
1112.0000
1144.7000
1137.2000
1126.3000
