1.4003
1.1904
1.2499
1.1678
1.1928
1.2807
1.1626
1.0871
0.9391
0.7017
0.4715
0.2823
0.2000
0.1189
0.3439
0.5339
0.6589
0.6348
0.5961
0.6850
0.8559
1.0436
0.8292
0.9314
1.2640
1.4065
1.3283
1.3377
1.7171
1.6691
1.6833
1.7671
1.7792
1.9445
2.3323
2.6292
3.0572
3.6323
4.2093
4.7785
4.8372
4.2390
4.1865
4.3585
4.4963
4.7263
4.9915
5.1802
5.2849
5.4033
5.5447
5.6423
5.6189
5.5898
5.6287
5.6541
5.6747
5.7048
5.7626
5.8417
5.9860
6.0730
6.1303
6.1224
6.1582
6.1440
6.1468
6.1699
6.0459
6.0119
5.9432
5.9718
6.2233
6.4766
6.5399
6.3589
6.1098
5.9098
5.8560
5.9223
5.9530
5.9894
5.9746
6.0264
6.0997
6.1351
6.1971
6.2058
6.2514
6.3461
6.3401
6.3923
6.4833
6.5875
6.5923
6.4456
6.2013
6.0126
5.8672
5.6731
5.5233
5.5254
5.5886
5.6556
5.7463
5.8633
5.9112
5.8809
5.7896
5.6138
5.4034
5.2185
5.0403
4.8893
4.7193
4.4866
4.2645
4.0585
3.8640
3.4242
2.7435
2.2084
1.8716
1.6174
1.3400
1.0384
0.7639
0.4291
0.1360
0.4929
0.8946
1.2756
1.6328
1.9589
2.1871
2.4121
2.6355
2.8174
2.9534
3.0882
3.2434
3.3735
3.5219
3.7091
3.9836
4.2777
4.5396
4.7610
4.9260
5.0778
5.3729
6.0453
7.1145
7.5100
7.4933
7.4228
7.4443
7.4828
7.5785
7.6637
7.5990
7.6002
7.6584
7.6506
7.6922
7.6263
7.6012
7.6190
7.6438
7.6320
7.5340
7.5321
7.6628
7.7064
7.5580
7.4214
7.4461
7.5198
7.5615
7.5555
7.5786
7.5932
7.5564
7.3333
7.2554
7.3125
7.1848
6.7426
6.4048
6.1785
6.1182
6.0851
6.0243
6.0410
5.9923
5.9446
5.9666
6.0365
6.3234
6.8144
7.0886
7.2889
7.5615
7.7950
8.0086
8.2648
8.5587
8.8008
8.9968
8.6335
7.9049
7.8338
7.7333
7.5639
6.9993
6.6153
6.4684
6.6066
6.6404
6.8304
6.9409
7.4443
7.8404
8.1720
8.4999
8.7642
8.9572
9.1608
9.3559
9.4945
9.8423
10.0197
10.1777
10.4110
10.6716
10.9764
11.4259
12.0340
12.2477
12.5873
13.1082
13.8854
13.8246
13.7980
15.6298
15.6852
13.5471
12.0930
12.8462
14.9302
15.4867
15.3321
14.9384
14.6627
14.3279
14.2173
14.7861
15.2211
15.4032
15.1929
14.9189
14.1806
13.6797
13.6644
13.3047
13.2659
13.3823
13.8332
14.1475
14.4160
14.6360
14.8795
15.0530
15.1929
15.1514
15.1114
15.1303
15.2774
15.2664
15.0711
14.9804
14.9833
14.8542
14.7728
14.7260
14.6189
14.7172
15.1749
15.6450
15.8144
15.7245
15.4549
15.4968
15.4026
15.4202
15.9740
16.1866
15.5916
15.1021
14.7004
14.0335
12.2863
9.4424
4.6683
4.2511
5.4298
5.2782
4.5402
5.8470
7.4253
7.2078
8.3828
9.3376
10.1540
11.2934
11.8490
11.9330
11.9954
12.0356
12.1250
12.2266
12.0540
11.9462
11.7412
11.3751
11.3543
10.7325
9.8928
9.8016
10.1005
10.4173
10.8592
11.2313
11.1021
10.7725
11.5091
11.3115
12.2880
13.1159
12.8316
12.4637
12.2026
12.2422
12.0578
11.5253
11.0894
11.7256
11.3119
10.9114
10.6295
10.3930
11.1483
11.0584
10.7247
11.5236
12.3337
11.7265
12.0708
12.1710
11.8322
11.8143
11.3228
11.0644
11.3946
11.3269
11.0411
11.1610
11.2957
11.4865
11.3930
11.0447
10.7378
10.4926
10.4359
10.3083
10.1458
9.9964
