-11.3748
-11.3491
-11.3249
-11.3162
-11.2977
-11.2862
-11.2827
-11.2767
-11.2587
-11.2354
-11.2121
-11.1993
-11.1720
-11.1521
-11.1533
-11.1600
-11.1390
-11.1087
-11.0675
-11.0438
-11.0417
-10.9988
-10.8488
-10.7820
-10.8495
-10.6906
-10.2665
-9.7358
-9.2946
-8.8511
-8.4003
-8.0853
-7.8633
-7.7032
-7.5815
-7.4749
-7.3920
-7.3347
-7.3849
-7.5449
-7.5644
-7.4604
-7.4829
-7.5951
-7.7250
-7.8874
-8.0865
-8.2906
-8.4728
-8.6748
-8.8330
-8.9365
-9.0200
-9.0659
-9.1443
-9.2244
-9.3563
-9.4820
-9.6102
-9.7062
-9.6783
-9.7771
-9.8685
-9.9477
-10.1621
-10.4289
-10.5619
-10.6551
-10.7822
-10.7697
-10.7712
-10.8908
-11.1879
-11.4782
-11.5329
-11.4771
-11.4232
-11.3058
-11.2092
-11.2023
-11.2301
-11.2998
-11.3432
-11.4081
-11.4043
-11.4232
-11.5038
-11.6098
-11.8282
-12.0744
-12.3338
-12.6419
-12.7350
-12.7580
-12.6532
-12.4488
-12.2409
-12.1009
-11.9967
-11.9306
-11.8870
-11.8784
-11.9168
-11.8600
-11.7767
-11.7215
-11.6653
-11.6639
-11.7253
-11.7444
-11.6819
-11.5876
-11.5158
-11.4548
-11.3903
-11.3188
-11.2549
-11.1938
-11.1551
-11.3566
-11.5627
-11.3450
-10.9340
-10.4448
-9.9080
-9.3485
-8.9310
-8.5801
-8.2410
-7.9382
-7.6884
-7.5062
-7.4083
-7.3866
-7.4053
-7.4572
-7.5298
-7.5869
-7.6497
-7.7070
-7.7440
-7.7777
-7.8225
-7.8792
-7.9716
-8.1007
-8.2814
-8.4850
-8.6323
-8.7935
-9.0911
-9.7786
-10.7364
-11.0966
-11.2911
-11.5208
-11.8227
-12.0554
-12.2017
-12.3332
-12.5003
-12.5902
-12.6500
-12.7251
-12.7232
-12.7500
-12.8343
-12.9984
-13.1913
-13.3717
-13.5170
-13.5786
-13.5583
-13.5652
-13.6206
-13.6324
-13.6108
-13.5652
-13.4762
-13.4480
-13.2981
-13.2507
-13.4682
-13.6674
-13.5852
-13.3527
-13.3618
-13.6868
-13.9790
-14.0129
-13.8662
-13.8754
-14.0020
-14.0566
-14.1453
-14.2583
-14.3283
-14.3234
-14.2220
-14.1286
-14.0632
-13.9219
-13.7655
-13.7020
-13.6603
-13.5487
-13.3469
-13.0543
-12.8541
-13.2351
-14.0071
-14.2893
-14.4967
-14.5162
-14.4831
-14.3701
-14.2270
-14.0002
-13.6996
-13.3213
-13.0615
-12.9093
-12.7728
-12.7466
-12.7411
-12.6787
-12.5149
-12.3958
-12.2662
-12.1128
-12.0156
-11.7013
-11.0523
-10.3865
-9.6429
-9.1247
-8.5856
-8.3620
-8.3553
-8.3306
-8.4773
-8.8293
-8.9633
-8.8421
-9.4613
-11.2386
-11.0650
-9.9167
-9.0173
-9.2305
-9.8219
-10.3255
-10.8995
-11.3629
-11.7951
-12.1387
-12.4957
-12.5360
-12.5177
-12.4313
-12.2475
-12.0630
-11.8686
-11.7362
-11.7549
-11.7106
-11.7169
-11.8664
-11.9712
-11.9797
-11.9511
-11.9549
-11.9906
-12.0125
-12.0271
-12.0031
-11.9991
-12.0036
-12.0427
-12.1145
-12.1877
-12.2634
-12.3179
-12.3182
-12.2534
-12.1371
-12.0059
-11.8261
-11.6044
-11.4120
-11.2922
-11.2274
-11.1988
-11.2111
-11.2454
-11.2391
-11.2305
-11.2456
-11.2583
-11.2779
-11.2725
-11.2326
-11.0855
-11.0926
-10.9294
-10.7077
-10.6543
-10.4210
-10.0415
-9.6793
-9.3869
-9.0525
-8.7250
-8.2854
-7.7180
-7.1558
-6.6307
-6.0952
-5.4941
-4.9884
-4.5288
-4.1859
-3.8320
-3.6368
-3.3299
-3.0749
-2.8253
-2.4907
-2.0816
-1.8269
-1.6147
-1.3659
-1.1939
-1.0090
-0.8857
-0.8315
-1.3408
-0.9840
-1.2213
-1.8750
-2.1463
-2.4147
-2.7706
-3.0984
-3.3178
-3.4525
-3.7869
-4.0759
-4.5631
-7.6184
-9.4859
-10.7740
-11.3004
-11.7490
-11.9852
-12.0537
-12.1105
-11.8021
-11.7541
-11.9995
-11.9412
-11.9817
-12.0463
-11.9099
-12.2542
-12.5960
-12.7959
-12.9844
-13.1107
-13.2651
-13.5707
-13.8519
-14.0918
-14.2996
-14.4637
-14.5918
-14.7467
