-1.1971
-1.0372
-1.1298
-1.1238
-1.1915
-1.2763
-1.1626
-1.0870
-0.9382
-0.6923
-0.4659
-0.2582
-0.1323
0.0207
0.3127
0.5111
0.6547
0.6259
0.5678
0.6241
0.7442
0.8609
0.7224
0.7752
0.9508
1.0292
0.8972
0.8637
1.1846
1.0944
0.7806
0.4794
-0.0389
-0.4886
-0.6109
-0.7781
-0.8751
-1.1028
-1.6037
-2.1186
-2.3832
-2.4243
-2.4974
-2.6413
-2.7265
-2.8517
-3.0932
-3.3391
-3.5260
-3.6980
-3.9573
-4.2219
-4.4719
-4.6681
-4.9100
-5.1279
-5.3147
-5.4644
-5.5978
-5.7269
-5.9052
-6.0182
-6.0967
-6.1176
-6.1568
-6.1233
-6.0573
-5.9646
-5.7304
-5.5396
-5.3120
-5.2160
-5.2765
-5.2550
-5.1421
-4.9627
-4.7665
-4.6585
-4.6654
-4.7269
-4.7351
-4.7357
-4.7203
-4.7009
-4.6580
-4.5021
-4.2001
-3.8110
-3.4137
-2.9781
-2.3587
-1.5531
-1.0414
-0.6533
-0.3006
-0.0449
0.1414
0.3750
0.5958
0.7302
0.8890
1.1267
1.3705
1.6138
1.8988
2.1443
2.3463
2.5166
2.6722
2.7700
2.8419
2.9183
3.0058
3.1064
3.1381
3.0532
2.9328
2.8038
2.7094
2.4442
1.9649
1.5338
1.2182
0.9772
0.7807
0.6219
0.4786
0.2564
-0.1108
-0.4283
-0.7495
-1.0853
-1.4006
-1.7079
-1.9569
-2.1613
-2.3583
-2.5335
-2.6786
-2.8316
-3.0182
-3.1873
-3.3600
-3.5547
-3.8153
-4.0728
-4.3285
-4.5691
-4.7434
-4.8885
-5.1328
-5.6224
-6.3431
-6.6384
-6.7854
-6.8840
-7.0035
-7.1634
-7.3585
-7.5421
-7.5647
-7.6001
-7.6316
-7.5283
-7.4245
-7.1927
-6.9754
-6.6951
-6.3396
-5.9085
-5.4641
-5.2015
-5.1876
-5.2862
-5.4173
-5.5422
-5.5464
-5.4613
-5.3925
-5.1844
-5.3286
-5.4927
-5.2305
-4.9123
-5.1897
-5.7740
-5.9580
-5.3754
-4.9428
-4.9568
-5.1802
-5.2593
-5.1519
-5.2150
-5.1852
-5.0242
-4.8955
-4.9647
-5.4625
-6.0297
-6.1183
-6.1934
-6.4975
-6.7800
-7.0052
-7.3451
-7.8195
-8.2543
-8.6189
-8.1392
-6.7940
-6.4849
-6.3495
-6.2643
-5.7593
-5.3452
-5.3059
-5.5612
-5.7310
-6.0376
-6.3353
-6.9655
-7.4107
-7.7129
-8.0025
-8.2267
-8.4338
-8.6981
-8.8514
-8.7961
-8.8149
-8.7312
-8.6019
-8.3572
-7.8807
-7.4789
-6.3434
-5.3591
-4.5696
-4.4800
-4.6443
-5.0089
-5.7263
-5.5618
-4.3911
-4.8942
-6.7533
-6.5040
-5.7709
-6.2254
-7.1889
-7.5901
-7.1357
-6.4716
-6.1505
-6.5644
-7.4933
-8.2281
-8.8701
-9.2622
-9.6223
-9.4476
-9.6739
-10.1652
-9.8311
-9.3628
-9.0349
-9.4494
-9.7516
-9.7371
-9.5766
-9.5893
-9.4206
-9.1340
-8.8300
-8.4702
-8.0881
-7.7628
-7.4877
-7.0801
-6.7489
-6.6298
-6.6374
-6.6114
-6.5063
-6.3609
-6.3750
-6.5420
-6.7416
-6.5819
-6.2459
-5.9789
-5.8594
-5.6812
-5.3723
-5.7548
-6.0234
-4.8704
-4.9368
-4.3030
-3.6866
-1.4544
-2.3255
-1.3540
-1.2927
-2.8837
-1.4907
-0.8793
-0.3089
-0.0556
-0.4779
-0.3188
0.3532
1.4920
2.2497
2.9254
3.4566
4.3473
5.0005
5.8307
6.8665
7.6179
8.3850
8.4489
8.2780
9.3364
8.9914
8.7801
9.1067
9.7099
9.9833
10.2814
10.6270
10.5606
10.2680
10.9050
11.3108
12.2160
12.6342
11.9042
11.5088
11.4261
11.4742
11.2206
10.5868
10.0925
9.6526
9.2505
7.9725
3.2587
2.0794
2.0740
2.1697
2.4073
2.2668
2.8057
3.0209
3.2670
2.7836
3.4232
3.4658
3.2520
3.3381
3.2628
3.4573
3.0718
3.0738
3.3829
3.6641
3.9315
4.1849
4.5306
4.7723
4.9483
5.0288
5.0616
4.9295
