0.7264
0.5842
0.5346
0.3176
0.0574
-0.1061
0.0000
-0.0147
-0.0409
-0.1147
-0.0720
-0.1142
-0.1499
-0.1171
-0.1430
-0.1544
-0.0743
-0.1060
-0.1817
-0.2824
-0.4227
-0.5899
-0.4072
-0.5165
-0.8329
-0.9586
-0.9794
-1.0215
-1.2431
-1.2603
-1.4914
-1.7008
-1.7788
-1.8821
-2.2509
-2.5115
-2.9293
-3.4608
-3.8918
-4.2832
-4.2094
-3.4774
-3.3600
-3.4670
-3.5753
-3.7690
-3.9176
-3.9604
-3.9367
-3.9396
-3.8838
-3.7432
-3.4021
-3.0748
-2.7522
-2.3818
-1.9891
-1.6388
-1.3685
-1.1527
-0.9802
-0.8142
-0.6408
-0.2421
0.1330
0.5041
1.0450
1.5786
1.9275
2.3358
2.6655
2.9079
3.2998
3.7857
4.0408
3.9759
3.8223
3.6366
3.5394
3.5678
3.6079
3.6668
3.6626
3.7709
3.9382
4.1678
4.5567
4.8977
5.2370
5.6039
5.8850
6.2007
6.3991
6.5551
6.5855
6.4455
6.1997
6.0009
5.8369
5.6259
5.4512
5.4093
5.4179
5.4204
5.4235
5.4572
5.4256
5.3153
5.1360
4.8828
4.5956
4.3262
4.0460
3.7756
3.5248
3.2875
3.0959
2.9342
2.7550
2.3981
1.9146
1.5888
1.4209
1.2888
1.0891
0.8316
0.5953
0.3441
0.0789
-0.2440
-0.4884
-0.6703
-0.8394
-0.9594
-0.9767
-1.0709
-1.1766
-1.2325
-1.2442
-1.2325
-1.1875
-1.1052
-1.0557
-1.0590
-1.1457
-1.3081
-1.3683
-1.3382
-1.3290
-1.3735
-1.5881
-2.2212
-3.2221
-3.5116
-3.1792
-2.7763
-2.5234
-2.1629
-1.8127
-1.3597
-0.7212
-0.0344
0.6402
1.3625
2.0117
2.5347
3.0204
3.6364
4.2705
4.8309
5.1870
5.4476
5.6398
5.6076
5.2704
4.9358
4.9681
5.1693
5.3007
5.4962
5.3890
5.2427
5.4536
5.4449
5.0703
4.4871
4.0155
4.0704
4.0731
3.6883
3.2554
3.0608
3.1226
3.0491
3.0036
3.1773
3.4110
3.4338
3.1853
3.1747
3.5798
3.8431
3.8677
3.8463
3.8814
3.7890
3.4795
3.0530
2.5803
2.8795
4.0410
4.3948
4.4145
4.2392
3.9775
3.8975
3.6997
3.5665
3.3541
3.1941
2.8355
2.6265
2.5598
2.7004
2.8650
3.0219
3.0170
2.8746
3.0308
3.5741
4.3780
4.9152
5.4400
6.2085
7.1957
8.0341
9.5032
10.7749
11.3633
11.7631
12.2579
12.9505
12.5829
12.6274
15.0003
14.9020
11.7437
10.1950
11.4769
13.5704
13.7170
13.3216
13.1239
13.1573
12.9407
12.6111
12.7467
12.8054
12.5929
12.0431
11.4010
10.5752
9.6722
9.1315
8.9647
9.3979
9.8720
10.1027
10.2498
10.6306
11.0679
11.3774
11.7407
12.1406
12.3124
12.5144
12.7870
13.1582
13.3040
13.3046
13.3740
13.4367
13.2888
13.2108
13.2107
13.1624
13.2648
13.6924
14.1179
14.3797
14.4308
14.2515
14.3464
14.3165
14.4541
14.9014
15.0242
14.8114
14.2724
14.0565
13.5406
12.1999
9.1515
4.4677
4.0498
4.6008
5.0633
4.4543
5.8388
7.4251
7.1919
8.3768
9.3310
10.0438
11.0671
11.4822
11.4214
11.1799
10.9477
10.6310
10.1163
9.3417
8.5091
8.1530
7.8018
6.4615
5.8602
4.5583
3.6247
2.7817
2.9754
3.4951
3.6346
3.4250
3.2579
3.6795
0.1247
-1.3279
-3.5222
-4.7895
-4.7843
-4.2835
-4.2678
-4.4147
-4.5555
-4.5951
-6.6572
-6.5106
-7.4497
-10.1176
-10.1829
-10.9537
-10.8435
-10.4510
-11.2984
-12.0103
-11.3307
-11.6203
-11.8484
-11.3262
-11.2945
-10.8457
-10.5489
-10.9175
-10.7864
-10.6052
-10.7294
-10.7773
-10.8865
-10.6931
-10.2212
-9.7352
-9.3445
-9.1882
-8.9984
-8.7930
-8.6964
