3.7600
4.1160
4.4420
4.6900
4.9160
4.9350
4.9390
5.0120
4.9830
5.1020
5.4010
5.6120
5.6360
5.6350
5.2330
4.3810
4.4710
4.8010
4.4760
4.8870
5.0670
5.1910
4.9320
4.0480
4.3570
4.6750
4.8560
5.1140
5.2950
5.6350
5.9330
6.2890
5.9770
5.8900
5.9570
5.9400
6.2620
6.6350
7.1710
7.7350
7.9760
7.6340
7.2680
6.8630
6.8550
6.8170
6.9360
6.8710
6.6860
6.3150
5.7630
5.2870
5.0200
4.7670
4.4080
4.2310
4.3130
4.4860
4.5930
4.5180
4.8040
5.1120
4.8770
4.3840
4.0400
3.8340
3.5940
3.5130
3.2180
3.4040
3.6830
4.1660
4.7070
5.3250
5.6360
5.6640
5.4210
5.3420
5.1530
5.0610
5.0820
5.0990
4.9810
4.9190
4.8690
4.9000
4.9920
5.1660
5.2840
5.2830
5.3910
5.4740
5.5720
5.5790
5.6320
5.6180
5.6180
5.5350
5.4520
5.5310
5.5670
5.4710
5.2350
5.1220
5.1370
5.1060
5.1380
5.2700
5.0360
5.2080
4.9430
4.8240
5.1060
5.3700
5.5220
5.2930
5.0920
4.8870
4.6190
4.5580
4.8890
5.1670
5.3880
5.6940
5.8870
6.0170
6.1740
6.2910
6.4610
6.5240
6.5910
6.7770
7.4330
7.8750
7.9420
7.8860
7.8830
7.9120
8.1820
7.9080
7.7540
7.9030
7.7630
7.7990
7.8180
7.9990
8.1930
8.1580
8.1220
8.1870
8.1240
8.2030
7.8630
8.2180
8.2110
8.0110
7.7280
7.6900
7.5030
7.5030
7.9560
7.8030
7.6320
7.9300
7.8880
7.8150
8.0440
7.8500
7.5550
7.4520
7.5850
7.7060
7.6190
7.4050
7.2010
7.1370
7.1280
7.1570
6.9730
6.7170
6.5440
6.4260
6.4150
6.4180
6.3980
6.2860
6.1620
6.0240
5.7950
5.6040
5.3060
4.8870
4.5600
4.4730
4.5150
4.4840
4.4160
4.2430
3.8240
3.5590
3.4380
3.3570
3.1470
2.8440
2.3720
2.1080
2.0230
1.9910
2.0840
2.2400
2.3580
2.2070
2.0320
1.9830
2.0900
2.1410
2.1430
2.2240
2.3060
2.3370
2.3370
2.2780
2.2490
2.2090
2.2730
2.4630
2.6100
2.9160
3.1230
3.1440
3.5940
3.9150
3.9480
4.2360
4.3860
4.7890
4.9140
4.7840
4.5880
4.7820
4.6340
4.6880
4.8330
4.5220
4.5000
4.1730
3.7520
3.4910
3.5170
3.3760
3.4130
3.3960
3.3030
3.4470
3.3980
3.2980
3.0400
3.2370
3.2930
3.1750
3.1820
3.2350
3.2530
3.2630
3.2380
3.1310
3.1490
3.1560
3.0960
2.8050
2.5900
2.4860
2.2280
1.9800
1.7910
1.6970
1.7550
1.7570
1.5840
1.5120
1.5230
1.5380
1.6300
1.6630
1.6450
1.6840
1.5860
1.4430
1.3930
1.3050
1.1490
1.0950
1.1450
1.2440
1.3510
1.4270
1.4410
1.4450
1.5080
1.6200
1.7240
1.8170
1.8320
1.8340
1.8760
2.0220
2.1340
2.0700
1.9290
1.7190
1.5350
1.3600
1.2780
1.3180
1.3240
1.2900
1.1760
0.9830
0.8380
0.6990
0.5910
0.6910
1.0000
1.3520
1.7350
2.0520
2.3700
2.7110
3.2880
3.5320
3.7200
3.7770
3.7740
3.7280
3.6690
3.7410
3.7390
3.8170
4.3010
4.6620
4.7710
4.8040
4.9850
4.7750
4.7930
4.8550
4.7690
4.8150
5.1530
5.1560
4.8910
4.8320
5.1270
5.2760
5.1590
5.1760
5.1220
5.0080
5.0530
5.0300
4.9660
4.7760
4.4930
4.1750
3.8140
3.8490
3.7190
4.1050
4.0860
3.7850
3.9140
3.9490
3.8370
4.0040
4.3110
4.3730
4.4570
