314.8200
349.4600
366.4600
337.0200
389.8600
354.3200
355.5900
344.1200
344.3100
319.6400
294.7900
289.9300
282.0500
267.2900
282.2700
304.6600
326.3000
303.6600
326.2000
315.7700
296.2000
319.7700
341.7400
397.5600
381.0800
367.6300
378.2300
367.0200
399.8500
404.6500
400.1400
386.1800
394.5400
410.3200
397.2400
390.1400
373.7800
351.3200
314.2000
280.7200
243.6400
227.9300
223.3300
211.3600
190.9800
187.2500
162.5700
142.9100
137.5300
138.2400
162.4200
164.7600
146.6800
141.4300
140.3500
137.7400
139.2500
129.4500
121.8400
126.0100
127.4200
117.2100
104.6300
84.9040
79.2440
59.5260
57.4180
56.0970
52.1140
55.5610
61.5200
57.8870
55.7800
57.7680
66.0070
81.6550
99.2480
106.0400
114.0600
127.1900
147.7900
164.7000
183.4500
196.1900
204.6100
213.7200
222.1900
183.6100
151.3400
143.4300
140.7900
151.5900
153.3000
142.5900
115.6200
107.8200
108.0400
105.7400
103.8300
104.2300
96.3160
88.4480
80.6170
76.5760
74.5160
73.3560
80.4650
68.7730
66.3600
67.8820
61.2160
82.8040
98.3060
109.0100
100.4700
89.6990
92.2970
95.1800
114.8000
121.0700
109.1300
107.4300
103.8800
106.5800
126.2900
131.1700
133.3200
129.9900
127.3500
128.7400
130.3000
125.0200
117.2200
111.4300
108.5800
93.0430
71.4850
61.0720
54.6580
34.2340
38.3130
29.9810
12.5790
3.5934
-9.8571
-23.3480
-54.9160
-60.0450
-78.6730
-88.3410
-86.8670
-101.4400
-94.5500
-117.6100
-138.9200
-121.8500
-105.7800
-113.4200
-119.2600
-105.2400
-120.1100
-100.1500
-90.3490
-102.0100
-95.3850
-78.9990
-74.2050
-70.3240
-55.3000
-59.1370
-68.4110
-80.4050
-66.4490
-63.2650
-63.2390
-60.9880
-62.4920
-70.3510
-67.0160
-57.7630
-43.0020
-54.1660
-55.3750
-100.7700
-146.4000
-172.2900
-178.1000
-172.1300
-174.2500
-199.3400
-226.3000
-239.3200
-244.9800
-251.5400
-263.2300
-260.2400
-268.1400
-273.8500
-284.1300
-287.7600
-288.2500
-289.1100
-286.6500
-291.3700
-290.1500
-290.0000
-294.8600
-267.8600
-243.1900
-234.0200
-224.9900
-226.8700
-220.3300
-209.7700
-189.7400
-183.6900
-184.1200
-179.4600
-175.6900
-170.7800
-157.9600
-151.2700
-142.8900
-141.5100
-137.0800
-133.8500
-128.5100
-122.8800
-121.8300
-121.2300
-122.0000
-146.1000
-163.9300
-167.1400
-164.4900
-172.3600
-181.6100
-190.8400
-204.2900
-215.7800
-214.3600
-221.7700
-231.0200
-216.9800
-224.3400
-210.7700
-194.0700
-185.2200
-191.9600
-184.5400
-185.8300
-190.0900
-183.9200
-191.6400
-187.4800
-170.6400
-144.3200
-142.9400
-135.2900
-119.9700
-95.6210
-91.4610
-65.1450
-48.6620
-59.1420
-40.1630
-43.2010
-36.4840
-19.2080
-7.3563
-0.9838
1.4643
12.2050
14.9070
14.6340
18.3200
25.5550
29.4860
32.8340
5.6178
-18.3610
-23.5030
-20.9340
-6.5535
-11.2980
-31.8540
-56.3590
-69.1380
-65.2940
-70.2340
-68.5190
-49.7500
-47.0180
-45.8070
-44.3720
-38.5390
-29.2550
-21.9480
-12.5400
-12.6230
-9.9335
-5.5714
-4.9892
23.2800
51.0940
55.8070
59.1870
58.6380
71.3240
85.8960
109.3300
120.3100
121.4500
121.4500
121.1600
114.6200
116.9500
118.3800
121.9000
124.3600
122.3600
119.3200
111.3400
110.3000
106.3000
102.8800
96.2820
72.3070
44.7300
26.2820
12.5840
4.0365
-17.4850
-33.0710
-46.7930
-70.3210
-72.8720
-72.8530
-95.7100
-101.6600
-91.7070
-93.8700
-89.4970
-89.0090
-95.3860
-88.4720
-77.2990
-51.6700
-67.0070
-74.3380
-61.7430
-43.6720
-25.6610
-24.8510
0.3445
-5.0685
35.3840
77.0170
83.0610
89.6780
123.4700
132.4700
150.1000
120.2000
125.5900
128.5000
150.4600
137.9500
129.7800
150.0200
142.8900
148.8300
147.7500
151.5600
142.2000
115.9900
88.0300
