5.1663
5.7314
6.2490
6.6426
7.0009
7.0311
7.0371
7.1531
7.1068
7.2950
7.7706
8.1049
8.1427
8.1409
7.5031
6.1520
6.2940
6.8181
6.3021
6.9539
7.2400
7.4373
7.0253
5.6235
6.1132
6.6177
6.9057
7.3147
7.6019
8.1407
8.6139
9.1792
8.6844
8.5465
8.6523
8.6250
9.1370
9.7286
10.5789
11.4742
11.8568
11.3134
10.7330
10.0901
10.0769
10.0164
10.2063
10.1031
9.8086
9.2211
8.3442
7.5894
7.1648
6.7638
6.1945
5.9140
6.0443
6.3175
6.4886
6.3697
6.8222
7.3115
6.9389
6.1558
5.6103
5.2840
4.9025
4.7736
4.3055
4.6019
5.0436
5.8101
6.6682
7.6493
8.1423
8.1880
7.8025
7.6772
7.3767
7.2305
7.2631
7.2901
7.1036
7.0057
6.9256
6.9754
7.1203
7.3971
7.5848
7.5826
7.7536
7.8856
8.0412
8.0519
8.1361
8.1148
8.1149
7.9822
7.8515
7.9761
8.0330
7.8805
7.5071
7.3266
7.3510
7.3018
7.3520
7.5624
7.1903
7.4635
7.0431
6.8537
7.3015
7.7204
7.9613
7.5992
7.2793
6.9537
6.5291
6.4326
6.9574
7.3995
7.7488
8.2351
8.5417
8.7479
8.9969
9.1822
9.4524
9.5526
9.6590
9.9538
10.9948
11.6952
11.8018
11.7132
11.7078
11.7547
12.1834
11.7482
11.5039
11.7405
11.5186
11.5759
11.6047
11.8932
12.2005
12.1447
12.0874
12.1916
12.0915
12.2160
11.6773
12.2402
12.2282
11.9115
11.4629
11.4021
11.1063
11.1060
11.8244
11.5815
11.3098
11.7838
11.7163
11.6009
11.9643
11.6559
11.1887
11.0251
11.2353
11.4269
11.2891
10.9508
10.6269
10.5248
10.5103
10.5564
10.2653
9.8582
9.5838
9.3958
9.3786
9.3845
9.3516
9.1745
8.9772
8.7584
8.3949
8.0918
7.6200
6.9537
6.4349
6.2969
6.3649
6.3154
6.2073
5.9324
5.2678
4.8465
4.6553
4.5264
4.1937
3.7129
2.9630
2.5448
2.4106
2.3586
2.5059
2.7537
2.9421
2.7024
2.4242
2.3457
2.5159
2.5969
2.5996
2.7295
2.8583
2.9086
2.9079
2.8141
2.7687
2.7044
2.8069
3.1078
3.3418
3.8273
4.1556
4.1894
4.9032
5.4124
5.4648
5.9207
6.1596
6.7994
6.9974
6.7907
6.4802
6.7873
6.5527
6.6387
6.8695
6.3746
6.3400
5.8215
5.1529
4.7389
4.7800
4.5568
4.6149
4.5883
4.4409
4.6688
4.5920
4.4332
4.0234
4.3367
4.4258
4.2386
4.2492
4.3328
4.3623
4.3780
4.3382
4.1679
4.1965
4.2072
4.1128
3.6515
3.3095
3.1440
2.7351
2.3414
2.0422
1.8926
1.9852
1.9873
1.7139
1.5995
1.6163
1.6401
1.7868
1.8392
1.8103
1.8719
1.7163
1.4893
1.4108
1.2704
1.0238
0.9372
1.0171
1.1736
1.3429
1.4634
1.4866
1.4921
1.5920
1.7699
1.9347
2.0826
2.1075
2.1093
2.1774
2.4076
2.5856
2.4838
2.2615
1.9275
1.6353
1.3586
1.2275
1.2917
1.3012
1.2471
1.0655
0.7603
0.5293
0.3090
0.1375
0.2966
0.7866
1.3444
1.9534
2.4557
2.9610
3.5013
4.4174
4.8040
5.1028
5.1933
5.1888
5.1160
5.0217
5.1365
5.1335
5.2558
6.0243
6.5971
6.7699
6.8228
7.1095
6.7763
6.8059
6.9039
6.7667
6.8399
7.3758
7.3817
6.9612
6.8664
7.3346
7.5720
7.3867
7.4133
7.3277
7.1460
7.2176
7.1806
7.0795
6.7783
6.3298
5.8247
5.2517
5.3069
5.1009
5.7138
5.6833
5.2059
5.4111
5.4665
5.2877
5.5538
6.0401
6.1390
6.2729
