-2.9025
-2.8774
-2.8199
-2.7547
-2.7207
-2.7202
-2.7097
-2.7124
-2.7479
-2.8075
-2.8843
-2.9553
-3.0086
-3.0480
-3.0806
-3.1161
-3.2407
-3.2527
-3.2834
-3.2488
-3.2141
-3.1977
-3.1787
-3.1523
-3.1284
-3.1273
-3.0932
-3.0777
-3.0824
-3.0873
-3.0903
-3.0770
-3.0622
-3.0998
-3.0941
-3.1049
-3.1282
-3.1889
-3.2249
-3.2295
-3.1960
-3.1983
-3.2207
-3.2400
-3.2352
-3.2348
-3.2531
-3.2860
-3.3047
-3.3210
-3.3196
-3.3055
-3.2819
-3.2440
-3.1543
-3.0401
-2.9572
-2.9180
-2.8789
-2.8342
-2.6491
-2.4637
-2.4305
-2.3358
-2.3189
-2.3195
-2.2853
-2.2524
-2.0848
-2.2485
-2.2450
-2.2656
-2.2037
-2.1999
-2.0893
-1.9295
-1.9676
-2.2346
-2.3361
-2.3480
-2.4280
-2.5103
-2.5330
-2.4873
-2.4642
-2.4208
-2.3691
-2.3580
-2.4905
-2.5717
-2.5806
-2.6013
-2.6034
-2.5827
-2.5441
-2.5001
-2.4421
-2.3642
-2.2789
-2.2142
-2.1602
-2.0893
-1.9705
-1.8907
-1.8534
-1.7393
-1.6487
-1.1381
-0.9856
-1.0631
-1.1631
-1.1104
-1.1547
-1.1330
-1.1175
-1.0392
-1.0685
-1.0618
-1.0274
-0.9659
-0.9496
-1.0396
-1.0991
-1.1193
-1.1466
-1.1470
-1.1483
-1.0219
-0.8930
-0.7576
-0.6129
-0.5494
-0.6480
-0.8257
-0.9289
-1.0687
-1.2269
-1.3238
-1.3331
-1.3620
-1.3771
-1.3834
-1.3738
-1.2536
-1.1923
-1.1493
-1.0833
-1.1118
-1.0893
-1.1503
-1.1686
-1.2010
-1.2598
-1.3351
-1.3454
-1.3758
-1.4103
-1.4566
-1.5007
-1.5832
-1.6358
-1.7334
-1.8605
-1.8159
-1.8078
-1.8131
-1.7823
-1.7924
-1.8304
-1.8067
-1.7753
-1.7722
-1.7640
-1.7408
-1.7345
-1.7181
-1.6967
-1.6975
-1.6856
-1.6444
-1.5792
-1.4799
-1.3729
-1.2243
-1.0854
-0.9593
-0.8484
-0.7672
-0.7034
-0.6363
-0.6125
-0.6080
-0.5877
-0.5527
-0.5201
-0.5069
-0.4715
-0.4342
-0.4219
-0.4275
-0.4225
-0.4162
-0.4199
-0.4371
-0.4833
-0.5249
-0.5422
-0.5516
-0.5729
-0.6156
-0.6529
-0.7006
-0.6725
-0.5438
-0.2104
0.2267
0.6231
1.0539
1.3807
1.6797
1.9081
1.9524
1.8847
1.9259
1.9949
2.0021
1.9184
1.8449
1.9993
2.0653
2.0506
2.0654
2.1340
2.0412
1.8021
1.6809
1.5538
1.3871
1.1205
0.9320
0.7985
0.6344
0.4911
0.2635
0.0125
-0.2634
-0.5161
-0.5239
-0.5940
-0.7401
-0.7967
-0.8053
-0.9403
-1.0353
-1.1460
-1.2826
-1.4128
-1.3822
-1.4354
-1.5840
-1.6299
-1.6317
-1.6521
-1.6526
-1.6261
-1.6397
-1.5376
-1.2956
-1.1407
-1.1089
-1.0526
-0.6312
-0.3264
-0.1940
0.0749
0.2407
0.4094
0.4467
0.4306
0.3778
0.2403
0.1197
0.0243
-0.0771
-0.0573
-0.0150
0.0513
0.1176
0.0844
0.1756
0.2420
0.1437
0.0450
-0.0467
-0.1914
-0.3649
-0.5110
-0.5625
-0.5800
-0.6120
-0.6541
-0.7099
-0.6852
-0.6377
-0.6182
-0.4912
-0.4329
-0.5255
-0.5761
-0.6254
-0.4881
-0.1836
0.2517
0.7214
1.1441
1.5513
1.9704
2.3627
2.6949
2.9557
3.1316
3.2347
3.2500
3.2891
3.2959
3.1235
3.0398
2.5544
1.8381
1.7431
1.6424
1.6531
1.5848
1.4759
1.3308
1.1897
1.1531
0.9761
0.9676
0.8306
0.4913
0.3814
0.2842
-0.1099
-0.1954
0.1321
0.5286
0.6690
0.6872
1.0805
1.6109
1.4610
1.1937
1.2026
1.2299
1.1109
0.8703
0.5937
0.5211
0.4364
0.3366
0.2796
0.1787
0.0769
0.0179
-0.0969
-0.1744
-0.0988
-0.2455
-0.3374
-0.3208
-0.2520
-0.2139
-0.2968
-0.3749
-0.4256
-0.2927
