-4.9682
-5.5722
-6.1096
-6.4620
-6.7636
-6.7308
-6.6266
-6.6690
-6.4931
-6.6070
-6.9898
-7.2758
-7.3292
-7.3053
-6.8903
-5.8367
-5.7946
-6.0999
-5.5971
-5.7535
-5.7927
-5.3339
-4.8551
-3.5172
-4.0187
-4.2317
-4.3651
-4.5082
-5.0400
-5.2537
-5.3216
-6.2007
-6.0195
-6.6954
-7.0028
-7.0108
-7.1954
-7.7682
-8.0547
-8.4032
-8.5683
-8.3640
-8.2515
-8.2960
-9.0280
-9.1629
-9.3712
-9.3174
-9.0687
-8.7422
-8.1412
-7.4760
-6.9619
-6.4789
-5.9022
-5.5759
-5.5910
-5.8249
-5.9385
-5.8057
-6.2455
-6.7935
-6.4940
-5.7927
-5.4412
-5.2558
-4.8843
-4.5920
-4.2513
-4.5724
-4.9850
-5.5734
-6.0859
-6.8717
-7.3174
-7.6201
-7.4622
-7.4935
-7.2396
-7.0547
-7.0604
-7.1471
-6.9888
-6.9328
-6.8723
-6.9208
-7.0874
-7.3969
-7.5114
-7.4389
-7.6684
-7.8203
-7.9868
-8.0184
-8.1214
-8.1126
-8.1136
-7.9730
-7.8233
-7.9061
-7.8773
-7.6158
-7.1115
-6.7536
-6.5928
-6.1816
-4.5957
-4.1916
-4.4797
-4.7560
-4.7908
-5.3580
-6.2014
-6.5668
-6.6631
-6.4113
-6.2647
-6.1120
-5.9507
-6.0185
-6.5364
-6.9934
-7.4920
-8.0677
-8.4253
-8.6349
-8.8866
-9.0263
-9.2563
-9.3043
-9.4141
-9.7641
-10.8004
-11.4185
-11.4602
-11.3860
-11.3399
-11.3760
-11.6126
-11.4040
-11.0303
-11.2350
-10.9758
-10.9688
-11.0525
-11.2673
-11.5697
-11.5361
-11.4892
-11.5497
-11.4088
-11.5358
-11.1627
-11.5076
-11.3988
-11.0978
-10.6750
-10.6651
-10.4021
-10.5333
-11.0514
-10.8225
-10.6611
-10.9072
-10.7986
-10.7350
-11.0834
-10.7469
-10.3383
-10.2323
-10.4659
-10.5810
-10.3282
-10.0328
-9.8176
-9.7586
-9.8154
-9.8817
-9.5682
-9.1679
-8.8046
-8.7036
-8.6040
-8.4874
-8.3848
-8.1303
-7.8082
-7.4904
-6.9815
-6.7105
-6.1805
-5.4561
-4.8745
-4.5406
-4.4140
-4.0757
-3.7175
-3.3887
-2.8288
-2.2488
-1.6392
-0.9651
-0.2045
0.5549
1.2058
1.6248
1.9052
2.0869
2.3751
2.7023
2.9324
2.7000
2.3987
2.2818
2.3690
2.3955
2.3846
2.4356
2.4215
2.2901
1.9928
1.5017
0.8775
0.2811
-0.1872
-0.5349
-0.9336
-1.3655
-1.2769
-1.4769
-1.6492
-1.1492
-1.4562
-1.6346
-1.9047
-2.2082
-2.1904
-2.3553
-2.5925
-2.8513
-2.9282
-3.1824
-3.4795
-3.3890
-3.8159
-4.0523
-4.0144
-3.8560
-3.9396
-3.8947
-3.7909
-3.8256
-3.9191
-4.0124
-4.0063
-3.9399
-3.5553
-3.9095
-4.0996
-3.9250
-4.1211
-4.2828
-4.3614
-4.3680
-4.3298
-4.1424
-4.1255
-3.9745
-3.7241
-3.2297
-2.7530
-2.5672
-2.1468
-1.7432
-1.5658
-1.3494
-1.3241
-1.2716
-1.3038
-1.3571
-1.2747
-1.2277
-1.2829
-1.2464
-1.2323
-1.1951
-1.0073
-0.8890
-0.7894
-0.7816
-0.6940
-0.5390
-0.5928
-0.7290
-0.8155
-0.8551
-0.8330
-0.8772
-1.0182
-1.1394
-1.1689
-1.1370
-1.1728
-1.2238
-1.0802
-0.9724
-0.8543
-0.6726
-0.4962
-0.4193
-0.3325
-0.2267
-0.0339
0.1236
0.2308
0.3964
0.5143
0.5131
0.4709
0.3085
0.0858
-0.2572
-0.7695
-1.3269
-1.9449
-2.3886
-2.9374
-3.2345
-3.9217
-3.9721
-4.1461
-4.3922
-4.6861
-4.8071
-4.9115
-5.0510
-5.0135
-5.1575
-5.9122
-6.4960
-6.7349
-6.7978
-7.0953
-6.7525
-6.6690
-6.6104
-6.5294
-6.4908
-6.5298
-6.5522
-6.3401
-6.3309
-6.8531
-6.9873
-6.6367
-6.5321
-5.8747
-5.3801
-5.4636
-5.0846
-4.3165
-4.1054
-3.5748
-3.8371
-3.8048
-3.9923
-3.4440
-4.0822
-4.1936
-3.5781
-3.2742
-3.0907
-3.2494
-3.3115
-3.5894
-2.9049
-2.3758
