-1.4170
-1.3416
-1.3127
-1.5382
-1.8071
-2.0331
-2.3683
-2.5868
-2.8890
-3.0926
-3.3950
-3.5710
-3.5478
-3.5926
-2.9700
-1.9442
-2.4570
-3.0458
-2.8965
-3.9055
-4.3431
-5.1829
-5.0777
-4.3878
-4.6066
-5.0880
-5.3511
-5.7603
-5.6910
-6.2185
-6.7734
-6.7682
-6.2598
-5.3118
-5.0816
-5.0238
-5.6313
-5.8566
-6.8582
-7.8130
-8.1957
-7.6181
-6.8637
-5.7433
-4.4765
-4.0460
-4.0435
-3.9062
-3.7372
-2.9328
-1.8293
-1.3071
-1.6932
-1.9422
-1.8805
-1.9709
-2.2966
-2.4456
-2.6146
-2.6204
-2.7451
-2.7030
-2.4444
-2.0830
-1.3670
-0.5449
0.4220
1.3041
0.6806
0.5199
0.7666
1.6414
2.7252
3.3603
3.5711
2.9962
2.2791
1.6694
1.4156
1.5850
1.7039
1.4370
1.2721
1.0077
0.8576
0.8707
0.6839
-0.0462
-1.0523
-1.4689
-1.1461
-1.0123
-0.9334
-0.7333
-0.4891
-0.1901
0.1457
0.3820
0.6652
1.0544
1.5739
2.0253
2.4050
2.8405
3.2515
3.8864
5.7386
6.2945
5.6243
5.7519
5.1627
4.2738
3.8541
4.0599
4.3572
4.0797
3.7069
3.3163
2.6866
2.2705
2.3837
2.4176
1.9782
1.6519
1.4050
1.4016
1.4042
1.6848
1.9152
2.1637
2.1609
1.9340
2.0580
2.5289
2.8190
2.7491
2.9118
2.9598
3.6855
2.8231
3.2669
3.4078
3.4942
3.6995
3.5372
3.8073
3.8725
3.7963
3.7557
3.9038
4.0056
4.0195
3.4284
4.1708
4.4266
4.3270
4.1763
4.0329
3.8917
3.5201
4.2051
4.1238
3.7752
4.4599
4.5455
4.3978
4.5058
4.5128
4.2787
4.1052
4.0861
4.3146
4.5577
4.3888
4.0678
3.9421
3.7583
3.7134
3.7183
3.6240
3.7852
3.5395
3.7323
4.0041
4.1408
4.2508
4.4296
4.5390
4.6619
4.5217
4.4571
4.3110
4.2010
4.3628
4.5856
4.8242
4.9710
4.8693
4.4439
4.2932
4.3571
4.4223
4.1887
3.6712
2.7066
1.9587
1.4769
1.0989
0.7992
0.5293
0.2387
-0.1150
-0.3506
-0.5436
-0.8470
-1.0027
-1.0350
-1.2320
-1.5186
-1.7932
-2.1177
-2.3799
-2.6260
-2.6898
-2.8006
-3.0614
-3.2088
-3.5754
-3.9545
-3.9204
-4.6176
-5.2890
-5.2672
-5.6906
-5.8577
-6.4308
-6.6457
-6.3691
-5.9391
-6.1594
-5.8621
-5.8262
-5.9231
-5.3991
-5.0630
-4.1796
-3.2307
-2.7547
-2.7071
-2.3654
-2.6318
-2.5333
-2.0888
-2.3873
-2.2441
-2.0323
-1.8835
-1.8769
-1.6678
-1.6001
-1.0355
-0.6564
-0.0859
0.2947
0.2699
0.4603
0.7688
1.3800
1.7455
1.7036
1.8367
1.8151
1.6946
1.5631
1.3111
1.3271
1.4792
1.5273
1.1125
0.8464
0.9937
1.0876
1.2437
1.3524
1.3262
1.4408
1.3896
1.1948
1.1692
1.0014
0.7527
0.7667
0.8265
0.9197
1.0670
1.1875
1.2313
1.2070
1.2238
1.3544
1.5416
1.7448
1.7510
1.7180
1.8906
2.2025
2.4404
2.3910
2.2063
1.8814
1.6012
1.3396
1.2271
1.2857
1.2806
1.1824
0.9332
0.5611
0.2418
0.0176
-0.1074
-0.1477
-0.1631
-0.2160
-0.1817
-0.5702
-0.3729
-1.3405
-2.0332
-2.7021
-2.9746
-2.7712
-2.2280
-1.7507
-1.0463
-0.9329
-1.1036
-1.0120
-1.1566
-1.1504
-0.6875
-0.5835
-0.4494
0.5674
1.3582
1.9914
1.7763
2.1571
3.4300
3.3996
2.8743
2.6584
2.6137
2.9177
3.2432
3.5054
4.3798
4.7031
4.7162
5.0703
5.6113
5.3936
5.2236
4.3822
3.6200
3.4964
3.7627
3.9979
3.8358
3.7813
4.3082
4.5089
4.1714
4.4586
4.8579
5.4082
5.8056
