2.1320
2.1640
2.1480
2.0470
1.9180
1.9230
1.9280
1.9390
1.9500
1.9550
2.0200
2.1210
2.1540
2.3220
2.3970
2.5980
2.8350
3.0190
3.0700
2.8740
2.7050
2.7640
2.9020
2.9000
2.9780
3.1670
3.2260
3.2430
3.2920
3.3140
3.2780
3.1900
3.1190
3.1180
3.1330
3.1500
3.1820
3.1320
3.0250
2.9840
2.9740
2.9450
2.7850
2.3510
2.2340
2.4090
2.7760
3.1550
3.3820
3.4730
3.5870
3.7650
3.9120
4.0250
4.0910
4.0990
4.1370
4.1680
4.2660
4.2070
4.1720
3.9980
3.7450
3.5060
3.2870
2.9330
2.5680
2.3100
2.0820
2.1270
2.4840
3.2360
4.0870
3.9160
4.2830
4.3670
4.5170
4.5870
4.5930
4.5830
4.5350
4.4610
4.4320
4.5960
4.8170
4.3070
3.6640
3.3760
3.3630
3.4130
3.7600
3.9940
3.6460
3.2070
2.9290
2.8250
3.0830
3.2500
3.4000
3.5270
3.6960
3.7890
3.7260
3.7450
3.8130
3.6530
3.3220
2.9120
2.8320
2.9230
2.9190
2.9760
2.9960
2.9970
2.8980
2.4820
2.1410
2.0950
2.1390
2.1290
2.2240
2.4100
2.5000
2.5440
2.5450
2.4780
2.4040
2.3680
2.4190
2.5540
2.7080
2.8950
3.0950
3.2810
3.4630
3.6280
3.7360
3.8360
3.8760
3.8670
3.8390
3.7660
3.6800
3.6390
3.6690
3.6840
3.7520
3.8830
4.0100
4.1010
4.2030
4.3220
4.3890
4.4270
4.4460
4.4390
4.4890
4.5200
4.6090
4.8530
5.1830
5.0870
5.2120
5.3660
5.5240
5.5670
5.6000
5.7400
5.8200
5.8880
5.9620
5.9960
6.0810
6.1400
6.1610
6.1810
6.1780
6.1450
6.1050
6.0790
6.0920
6.1070
6.1250
6.1280
6.1510
6.2120
6.2820
6.3480
6.4010
6.4240
6.4380
6.4360
6.4650
6.4980
6.5400
6.6220
6.6440
6.6380
6.6350
6.6540
6.6720
6.6480
6.5810
6.5100
6.4200
6.3280
6.2660
6.2090
6.0670
5.7230
5.1790
5.0070
4.4740
4.0300
3.7940
3.7160
4.0180
4.1240
4.0830
4.2330
4.3520
4.3580
4.3870
4.4110
4.3980
4.3330
4.2470
4.1320
3.9790
3.7990
3.6150
3.3890
3.1890
3.0460
2.9610
2.9950
3.1470
3.4270
3.7270
3.9420
4.1760
4.4010
4.7060
5.0410
5.5020
5.8250
6.0520
6.2800
6.4600
6.6230
6.7160
6.5070
6.3510
6.3600
6.3310
6.3580
6.2390
6.1590
6.1900
6.2390
6.2150
6.2150
6.2690
6.2430
6.3430
6.5180
6.4670
6.3250
6.1970
6.1110
6.0480
5.9510
5.9720
6.0100
5.9360
5.7940
5.5290
5.3450
5.5710
5.5960
5.5440
5.6570
5.7430
5.7260
5.6720
5.6220
5.5800
5.5080
5.4830
5.4540
5.4950
5.6280
5.7210
5.7500
5.7180
5.6740
5.6100
5.5370
5.4660
5.4090
5.3490
5.3010
5.2260
5.1450
4.9540
4.6610
4.2680
3.6450
3.1630
2.8480
2.7450
2.6030
2.3300
2.0500
1.8870
1.7700
1.9180
1.9670
2.0770
2.3250
2.8570
2.9200
2.7290
3.2990
3.5140
3.8030
4.3140
4.4750
4.0510
4.2600
4.4470
4.6150
4.8190
4.8800
5.1790
5.3270
5.4620
5.8680
5.7900
5.8400
5.8760
5.6810
5.7640
5.7680
6.0220
5.8070
5.5350
5.4760
5.4760
5.5470
5.7710
5.7170
5.5950
5.3790
5.4660
5.4340
5.4810
5.6550
5.6870
5.7440
6.1590
6.1220
6.3090
6.7190
6.9390
7.2150
7.4640
7.6940
7.6910
7.6970
7.7530
7.5680
7.6260
7.9130
8.3210
8.6180
9.0820
