1168.7000
1166.3000
1170.5000
1184.7000
1202.2000
1189.8000
1185.0000
1180.8000
1182.2000
1176.7000
1172.5000
1170.0000
1169.3000
1170.9000
1158.9000
1178.2000
1190.6000
1205.6000
1185.5000
1187.5000
1183.7000
1187.8000
1186.5000
1185.1000
1175.7000
1174.2000
1163.5000
1151.9000
1149.8000
1148.7000
1141.0000
1129.0000
1122.2000
1116.3000
1109.8000
1104.7000
1098.9000
1090.9000
1085.3000
1051.5000
1017.3000
999.4500
985.1400
979.4400
962.8500
946.0100
919.5800
899.5100
887.4800
878.1900
866.3600
866.9500
856.5100
845.1200
835.1000
821.7900
816.0900
808.0500
803.6100
796.4500
787.0900
782.8000
776.3000
773.6700
770.2400
772.9500
777.5100
781.8900
784.0700
787.6300
788.2800
794.5800
807.8100
814.3800
823.4500
834.5600
847.1200
862.6000
872.9600
881.5300
890.4300
904.7600
918.3200
924.5400
932.6300
933.9700
938.2000
907.3300
882.2400
874.1400
882.6200
891.9700
887.7400
874.2400
854.9800
840.3900
837.9900
835.4500
838.0800
850.2300
847.7300
844.0000
841.7100
844.1700
852.1800
855.1200
858.9900
857.5200
858.6200
863.3200
866.3500
893.9700
918.8400
927.6500
928.4200
921.8500
925.1000
934.4800
947.2400
954.9400
954.1100
953.9200
955.2300
959.5900
971.3000
979.1200
981.8500
981.1000
981.7900
985.7200
991.0300
996.4700
997.6400
996.7700
999.5100
978.3700
961.7500
958.1300
953.3200
955.4500
947.9600
937.8000
919.7300
906.8700
901.3100
895.9800
889.6800
877.8200
859.3500
848.3200
838.1200
833.6700
826.4200
811.7100
802.0000
792.3400
790.2500
792.4800
788.5700
806.4800
821.0900
825.3600
829.8900
831.8300
842.6700
854.6900
872.1400
884.3700
889.5900
897.4800
903.9800
910.7200
926.1100
938.5400
947.8200
953.7800
966.6100
980.1600
997.0800
1011.0000
1021.3000
1030.2000
1037.4000
1001.0000
967.4400
958.1100
956.3600
966.1500
962.9800
948.4200
922.6600
907.9500
907.7300
904.9500
903.3500
917.7400
917.5700
910.8700
903.9100
898.7500
896.3500
893.7800
896.8200
890.7200
886.7400
887.8000
886.4200
917.9400
947.1500
956.2300
960.3200
952.1300
956.5100
969.8500
987.5000
996.1900
992.0400
992.0000
991.7800
981.0300
980.8700
982.1800
979.0200
972.7200
966.3000
962.9900
956.5000
955.3200
951.0300
944.5900
939.0400
910.9700
881.5000
865.0900
851.5700
843.5400
824.1800
803.1800
775.3700
750.9700
736.0900
719.8200
701.2800
689.1600
662.7200
648.1700
636.6600
629.7100
624.6200
618.9000
610.5900
602.7000
606.3400
613.4300
615.3100
647.5800
676.6500
692.1100
707.4600
713.8000
733.4800
751.2100
779.7700
795.7900
804.2800
811.1700
821.3800
824.3100
833.5600
843.1300
854.5400
861.7400
872.3900
881.1000
885.9000
895.1500
905.5200
913.2800
918.5100
880.8000
850.7700
839.4000
834.3200
842.1900
832.5300
815.4400
786.9200
769.4200
767.4500
765.5100
761.8300
780.8300
786.4000
785.0600
780.6400
779.3200
783.5700
787.2700
795.8800
796.4100
792.0100
791.2800
789.2900
813.8200
840.0800
848.4500
853.1000
850.5500
859.5200
874.3200
896.5700
915.0700
922.3400
927.4600
926.3800
906.4000
895.8000
905.0000
912.9100
914.2300
893.3300
888.3900
898.2000
890.2000
872.7000
871.0500
884.1000
864.4900
838.7200
829.3000
814.4600
811.6000
798.1300
786.8400
760.5000
758.5800
749.3100
747.4700
730.8200
743.6800
748.0300
756.3000
759.5300
752.2900
751.2500
767.2800
778.8100
786.9400
791.0700
793.3800
791.9100
818.7300
846.4100
875.6000
894.5800
901.0500
914.4200
925.7400
940.5300
955.0200
957.2700
999.4500
1018.1000
996.3000
995.2300
997.1600
1004.9000
1017.7000
1025.7000
1030.1000
1020.2000
1035.3000
1059.7000
1054.4000
1048.0000
1002.4000
962.1900
