2.5825
2.6331
2.6080
2.4472
2.2432
2.2514
2.2594
2.2769
2.2947
2.3012
2.4055
2.5655
2.6182
2.8838
3.0037
3.3224
3.6978
3.9901
4.0713
3.7608
3.4917
3.5860
3.8052
3.8022
3.9259
4.2258
4.3192
4.3456
4.4232
4.4582
4.4012
4.2610
4.1489
4.1472
4.1715
4.1988
4.2488
4.1697
3.9995
3.9344
3.9191
3.8725
3.6198
2.9306
2.7448
3.0229
3.6049
4.2064
4.5660
4.7111
4.8924
5.1741
5.4081
5.5871
5.6918
5.7047
5.7641
5.8137
5.9688
5.8748
5.8204
5.5438
5.1431
4.7626
4.4154
3.8542
3.2748
2.8654
2.5038
2.5752
3.1419
4.3344
5.6858
5.4137
5.9963
6.1296
6.3681
6.4780
6.4877
6.4725
6.3966
6.2790
6.2317
6.4921
6.8431
6.0349
5.0138
4.5575
4.5367
4.6162
5.1661
5.5382
4.9845
4.2887
3.8478
3.6827
4.0920
4.3572
4.5950
4.7971
5.0648
5.2121
5.1129
5.1426
5.2501
4.9965
4.4713
3.8203
3.6933
3.8386
3.8317
3.9214
3.9538
3.9547
3.7980
3.1377
2.5978
2.5249
2.5935
2.5774
2.7290
3.0239
3.1675
3.2364
3.2374
3.1312
3.0150
2.9578
3.0379
3.2525
3.4975
3.7940
4.1104
4.4056
4.6949
4.9570
5.1279
5.2871
5.3501
5.3355
5.2921
5.1760
5.0389
4.9741
5.0215
5.0456
5.1542
5.3616
5.5623
5.7072
5.8695
6.0579
6.1648
6.2238
6.2539
6.2430
6.3223
6.3727
6.5139
6.9000
7.4234
7.2723
7.4694
7.7150
7.9658
8.0333
8.0855
8.3074
8.4346
8.5424
8.6599
8.7139
8.8496
8.9420
8.9759
9.0074
9.0027
8.9509
8.8868
8.8460
8.8669
8.8902
8.9192
8.9236
8.9594
9.0563
9.1673
9.2730
9.3572
9.3934
9.4163
9.4132
9.4581
9.5101
9.5781
9.7072
9.7429
9.7323
9.7274
9.7587
9.7872
9.7491
9.6422
9.5293
9.3876
9.2409
9.1422
9.0524
8.8268
8.2805
7.4178
7.1448
6.2997
5.5951
5.2208
5.0957
5.5760
5.7434
5.6789
5.9164
6.1048
6.1150
6.1610
6.1993
6.1778
6.0761
5.9389
5.7560
5.5142
5.2274
4.9357
4.5771
4.2594
4.0336
3.8986
3.9524
4.1941
4.6379
5.1135
5.4557
5.8269
6.1825
6.6667
7.1991
7.9296
8.4434
8.8026
9.1643
9.4502
9.7089
9.8563
9.5251
9.2773
9.2915
9.2452
9.2893
9.1002
8.9724
9.0226
9.0995
9.0620
9.0622
9.1475
9.1064
9.2646
9.5427
9.4621
9.2362
9.0333
8.8966
8.7963
8.6426
8.6757
8.7368
8.6185
8.3936
7.9728
7.6807
8.0395
8.0793
7.9972
8.1763
8.3122
8.2850
8.1997
8.1204
8.0549
7.9394
7.9000
7.8538
7.9198
8.1305
8.2775
8.3233
8.2735
8.2030
8.1011
7.9855
7.8735
7.7829
7.6872
7.6114
7.4922
7.3646
7.0611
6.5962
5.9720
4.9829
4.2187
3.7182
3.5562
3.3298
2.8971
2.4535
2.1944
2.0087
2.2429
2.3213
2.4951
2.8886
3.7339
3.8333
3.5294
4.4346
4.7755
5.2343
6.0445
6.3001
5.6279
5.9593
6.2568
6.5234
6.8468
6.9441
7.4175
7.6524
7.8661
8.5104
8.3874
8.4674
8.5238
8.2136
8.3462
8.3517
8.7557
8.4148
7.9826
7.8886
7.8886
8.0016
8.3572
8.2712
8.0779
7.7346
7.8735
7.8220
7.8975
8.1739
8.2240
8.3141
8.9729
8.9144
9.2103
9.8614
10.2111
10.6491
11.0441
11.4089
11.4043
11.4140
11.5018
11.2084
11.3005
11.7557
12.4033
12.8755
13.6103
