-9.1685
-9.2576
-9.3399
-9.4115
-9.4554
-9.4740
-9.4874
-9.4988
-9.5055
-9.5052
-9.5124
-9.5252
-9.5384
-9.5518
-9.5648
-9.6114
-9.6846
-9.7372
-9.7613
-9.9111
-9.7446
-9.3939
-9.0102
-8.6470
-8.2236
-7.7750
-7.4141
-7.0666
-6.6682
-6.2774
-5.9355
-5.6056
-5.2786
-4.9381
-4.6045
-4.3169
-4.0635
-3.8175
-3.5653
-3.3195
-3.1013
-2.9415
-2.8660
-3.1569
-3.6132
-3.9820
-4.3856
-4.5695
-4.5829
-4.6238
-4.6900
-4.7210
-4.7180
-4.7539
-4.7999
-4.7744
-4.7727
-4.7890
-4.5834
-4.4108
-4.1134
-3.9397
-3.8016
-3.6637
-3.5239
-3.3675
-3.2659
-3.2788
-3.3540
-3.4661
-3.5198
-3.7185
-4.2799
-4.7366
-5.3577
-5.5770
-5.6569
-5.6490
-5.7329
-5.8471
-5.8544
-5.8250
-5.9876
-6.1641
-6.0944
-5.7878
-5.6106
-5.6504
-5.6941
-5.7258
-6.1097
-6.5772
-7.1222
-7.5138
-7.8891
-7.8553
-7.5695
-7.4892
-7.5610
-7.6848
-7.8728
-8.0642
-8.2037
-8.2967
-8.4650
-8.4975
-8.4806
-8.4843
-8.7164
-8.9555
-9.0205
-9.1225
-9.0480
-9.0517
-9.0404
-9.1491
-9.0160
-8.6156
-8.1743
-7.7510
-7.2557
-6.8006
-6.4191
-6.1096
-5.8772
-5.7531
-5.7077
-5.6402
-5.5246
-5.4101
-5.3194
-5.2401
-5.1715
-5.0987
-5.0356
-4.9930
-4.9623
-4.9837
-5.0411
-5.1359
-5.2700
-5.3964
-5.5098
-5.6124
-5.7027
-5.7862
-5.8344
-5.8727
-5.9251
-6.0139
-6.0598
-5.9966
-5.9815
-5.9957
-6.0261
-6.1086
-6.2521
-6.4413
-6.5368
-6.4876
-6.1788
-6.1569
-6.1824
-6.4109
-6.5399
-6.6433
-6.7813
-6.8984
-6.9992
-7.1196
-7.2295
-7.4121
-7.6438
-7.8856
-8.0850
-8.2060
-8.2824
-8.3822
-8.4610
-8.4629
-8.4380
-8.4263
-8.4356
-8.4624
-8.4928
-8.5505
-8.6280
-8.7462
-8.9054
-9.0451
-9.1592
-9.2388
-9.2791
-9.2996
-9.2962
-9.2428
-9.1964
-9.1441
-9.0633
-8.9465
-8.8059
-8.6384
-8.4787
-8.3794
-8.3138
-8.2333
-8.1416
-8.0957
-8.1425
-8.3829
-8.6637
-8.5108
-8.2710
-7.8749
-7.4130
-6.9156
-6.3486
-5.8671
-5.4099
-4.8760
-4.4179
-4.0275
-3.6288
-3.2732
-2.9571
-2.6527
-2.3706
-2.1213
-1.9038
-1.7143
-1.5564
-1.4551
-1.4239
-1.4497
-1.5650
-1.7030
-1.7430
-1.8896
-1.9599
-1.9056
-1.8118
-1.7736
-1.8180
-1.8990
-1.8825
-1.8389
-1.8224
-1.8543
-1.9773
-2.1519
-2.3311
-2.5871
-2.7593
-2.9704
-3.2246
-3.4927
-3.8228
-4.2363
-4.6647
-5.0814
-5.4583
-5.8248
-6.1233
-6.2850
-6.4055
-6.5027
-6.5993
-6.7079
-6.8181
-6.9191
-7.0177
-7.1081
-7.1817
-7.2417
-7.3190
-7.4085
-7.4871
-7.5390
-7.5354
-7.5335
-7.5509
-7.5465
-7.5351
-7.5296
-7.5152
-7.4821
-7.4448
-7.4254
-7.4071
-7.3777
-7.3125
-7.2449
-7.2013
-7.1641
-7.1313
-7.1096
-7.1036
-7.0840
-7.0619
-7.0546
-7.0216
-6.9744
-6.9477
-6.9620
-7.0137
-7.0397
-7.0745
-7.0380
-6.9499
-6.7951
-6.6147
-6.3795
-6.0679
-5.7190
-5.4761
-5.3520
-5.2299
-5.1780
-5.1460
-5.1199
-5.1480
-5.1356
-5.0451
-5.2204
-5.1321
-5.1231
-5.3599
-5.3321
-4.9456
-4.9831
-5.0773
-5.1461
-5.2172
-5.1838
-5.3904
-5.6647
-5.7738
-6.0508
-5.9085
-6.1433
-6.3860
-6.5056
-6.6000
-6.5194
-6.6255
-6.8238
-6.9150
-7.0133
-7.0608
-7.0854
-7.1317
-7.2066
-7.2798
-7.3422
-7.4145
-7.4359
-7.4724
-7.5137
-7.5452
-7.5744
-7.6089
-7.6846
-7.7589
-7.8177
-7.8565
-7.8540
-7.8510
-7.8678
-7.9179
-7.9772
-8.0155
-8.0518
-8.0876
-8.1215
-8.1570
-8.1924
-8.2310
