1.8668
2.0848
2.1069
1.9982
1.7880
1.7096
1.7115
1.6439
1.5690
1.5057
1.5451
1.6320
1.6484
1.7968
1.9208
2.2002
2.5896
2.9028
2.9664
2.8097
2.6390
2.6282
2.6532
2.6543
2.6743
2.7191
2.7451
2.8219
2.9337
2.9505
2.8578
2.7563
2.6753
2.6889
2.7012
2.6685
2.6582
2.5088
2.2801
2.1207
1.9772
1.7301
1.1423
-0.1855
-1.4889
-2.2974
-3.1657
-3.9062
-4.2835
-4.4464
-4.6196
-4.8768
-5.0811
-5.2530
-5.3399
-5.3240
-5.3571
-5.3687
-5.3976
-5.1990
-4.9595
-4.5671
-4.0548
-3.5479
-3.0273
-2.2364
-1.4297
-0.7230
-0.0729
0.4637
0.8086
0.8881
0.6888
0.2365
0.2440
0.3867
0.6705
1.1967
1.6109
2.0438
2.3537
2.5544
2.6420
2.5312
2.8414
3.3675
3.6587
3.7240
3.8150
4.1441
5.1425
5.5120
4.7665
3.7723
3.1548
2.3813
1.8658
1.5772
1.6357
1.8963
2.1326
2.3338
2.2719
2.2425
2.3157
2.0984
1.8428
1.6401
1.7683
1.9358
1.9771
2.0674
1.9849
2.0212
2.0110
1.8275
1.7433
1.7243
1.7668
1.7931
1.8266
1.9092
1.8779
1.7599
1.4886
1.0228
0.4673
-0.0471
-0.4222
-0.7471
-1.0782
-1.3833
-1.6591
-1.8721
-2.0811
-2.2310
-2.4076
-2.6442
-2.8928
-3.1536
-3.4294
-3.6496
-3.8797
-4.1654
-4.4990
-4.7648
-5.0338
-5.3244
-5.5599
-5.6995
-5.8420
-6.0135
-6.0961
-6.1253
-6.1123
-6.0356
-5.9830
-5.7603
-5.7316
-6.0190
-6.4161
-6.2213
-6.2687
-6.2143
-6.1430
-6.0317
-5.9339
-5.9625
-5.9478
-5.9344
-5.8700
-5.7334
-5.5993
-5.3651
-5.0978
-4.8814
-4.6307
-4.2386
-3.8566
-3.6368
-3.4766
-3.3233
-3.1553
-2.9733
-2.8204
-2.6309
-2.4419
-2.1879
-1.8185
-1.4182
-1.0764
-0.7361
-0.4189
-0.1537
0.0264
0.1035
0.1692
0.2206
0.2754
0.3384
0.3722
0.3636
0.3529
0.3073
0.2447
0.2471
0.2712
0.2605
0.2477
0.1922
0.1144
0.0774
0.1197
0.1123
0.0755
0.0413
0.0323
-0.0654
-0.2122
-0.3255
-0.4403
-0.5756
-0.7071
-0.8193
-0.9244
-0.9983
-1.0756
-1.1538
-1.2186
-1.2866
-1.4203
-1.6100
-1.9174
-2.2607
-2.6995
-3.1779
-3.5817
-4.1706
-4.7781
-5.0950
-5.4234
-5.7275
-6.1457
-6.6157
-7.1954
-7.3884
-7.5026
-7.7120
-7.7857
-7.6461
-7.4233
-7.0338
-6.6443
-6.5761
-6.3617
-6.1038
-5.6907
-5.4193
-5.2696
-5.2117
-5.1039
-4.9067
-4.6818
-4.4424
-4.3075
-4.2264
-3.9566
-3.5915
-3.3843
-3.2426
-3.0960
-3.0092
-2.9682
-2.9924
-2.8078
-2.5682
-2.3094
-2.1173
-2.3127
-2.3385
-2.2945
-2.4864
-2.5970
-2.5537
-2.6033
-2.6586
-2.7309
-2.7544
-2.7959
-2.9092
-2.9695
-3.1217
-3.3642
-3.5552
-3.6613
-3.6843
-3.7165
-3.7992
-3.8620
-3.9276
-4.0136
-4.0879
-4.1230
-4.1237
-4.1230
-3.7180
-3.3358
-2.7321
-2.3119
-1.9478
-1.7024
-1.5630
-1.3898
-1.3857
-1.6729
-1.8454
-2.2246
-2.3135
-2.4929
-2.8874
-3.7305
-3.7991
-3.4802
-4.4333
-4.7490
-5.2136
-6.0310
-6.2302
-5.6071
-5.9593
-6.2564
-6.5185
-6.8454
-6.9368
-7.4118
-7.6333
-7.8661
-8.4928
-8.3656
-8.4450
-8.5217
-8.2015
-8.3273
-8.3509
-8.7557
-8.4125
-7.9755
-7.8677
-7.8727
-7.9998
-8.3560
-8.2619
-8.0665
-7.7124
-7.8232
-7.7326
-7.7972
-8.0760
-8.1069
-8.1223
-8.6596
-8.4449
-8.7054
-9.2837
-9.5413
-9.9971
-10.2854
-10.5999
-10.5295
-10.3317
-10.4571
-10.2005
-10.1725
-10.6018
-11.3089
-11.6185
-11.7897
