1.7846
1.6084
1.5371
1.4127
1.3547
1.4650
1.4751
1.5754
1.6745
1.7402
1.8437
1.9795
2.0341
2.2557
2.3092
2.4895
2.6396
2.7376
2.7885
2.4999
2.2864
2.4398
2.7276
2.7224
2.8742
3.2348
3.3346
3.3047
3.3103
3.3422
3.3472
3.2495
3.1712
3.1574
3.1788
3.2417
3.3146
3.3304
3.2859
3.3140
3.3838
3.4645
3.4348
2.9247
2.3059
1.9646
1.7245
1.5605
1.5812
1.5571
1.6110
1.7285
1.8519
1.9030
1.9703
2.0491
2.1273
2.2306
2.5481
2.7356
3.0463
3.1426
3.1639
3.1772
3.2142
3.1390
2.9462
2.7727
2.5027
2.5331
3.0361
4.2424
5.6439
5.4085
5.9913
6.1174
6.3327
6.3665
6.2846
6.1414
5.9478
5.7360
5.6439
5.9783
6.2253
5.0080
3.4282
2.6273
2.4552
2.0337
0.4929
-0.5381
-1.4577
-2.0403
-2.2029
-2.8093
-3.6419
-4.0617
-4.2940
-4.4063
-4.5939
-4.6604
-4.5804
-4.6279
-4.7118
-4.5345
-4.0739
-3.4504
-3.2425
-3.3147
-3.2823
-3.3322
-3.4194
-3.3992
-3.2219
-2.5506
-1.9260
-1.8443
-1.8987
-1.8515
-2.0275
-2.3450
-2.5508
-2.7161
-2.8748
-2.9595
-2.9786
-2.9574
-3.0084
-3.1655
-3.3272
-3.5328
-3.7606
-3.9881
-4.2085
-4.4266
-4.5275
-4.5784
-4.5006
-4.3037
-4.0306
-3.6704
-3.2152
-2.7187
-2.2303
-1.6599
-1.1071
-0.6305
-0.1632
0.2955
0.5674
0.7317
0.9180
1.1028
1.3235
1.5958
2.0434
2.7258
3.0950
3.3736
3.7337
3.7657
4.0614
4.5720
5.0712
5.3060
5.4921
5.7846
5.9805
6.1446
6.3668
6.5620
6.8530
7.1537
7.3878
7.5700
7.7205
7.8837
8.0064
8.0638
8.1569
8.2456
8.3425
8.4137
8.5039
8.6657
8.8361
9.0112
9.1788
9.2857
9.3546
9.3844
9.4488
9.5088
9.5781
9.7066
9.7414
9.7298
9.7235
9.7528
9.7801
9.7424
9.6357
9.5244
9.3844
9.2376
9.1382
9.0486
8.8234
8.2783
7.4169
7.1444
6.2985
5.5940
5.2202
5.0955
5.5759
5.7430
5.6750
5.9075
6.0889
6.0878
6.1202
6.1450
6.1083
5.9935
5.8406
5.6392
5.3779
5.0666
4.7269
4.2846
3.8034
3.3406
2.8128
2.3500
2.1821
2.0287
1.8215
1.9509
2.1306
2.3279
2.5836
2.8388
3.3324
4.0870
4.6040
4.9507
5.3562
5.9833
6.4840
6.4228
6.4748
6.5640
6.7084
7.0025
7.1014
7.1509
7.3238
7.4592
7.4879
7.6189
7.8587
7.9493
8.2023
8.5557
8.5951
8.5093
8.3753
8.2846
8.2335
8.1018
8.1521
8.2084
8.1483
7.9910
7.6310
7.3831
7.6997
7.7334
7.6609
7.7891
7.8961
7.8816
7.7755
7.6729
7.5778
7.4463
7.3887
7.2952
7.3421
7.5073
7.5630
7.5259
7.4193
7.3290
7.1984
7.0238
6.8612
6.7192
6.5562
6.4204
6.2557
6.1018
5.7324
5.4485
4.9534
4.1672
3.5288
3.1671
3.1223
2.9402
2.5419
2.0247
1.4200
0.7934
0.2857
0.1904
0.1032
-0.0840
-0.1582
-0.5109
-0.5871
-0.1077
-0.5023
-0.4650
0.4045
0.9360
0.4836
-0.0088
-0.0682
-0.2521
0.1348
-0.3198
-0.2914
0.5399
-0.0109
0.5463
0.6040
0.6155
0.1861
0.4464
0.5611
0.1212
-0.0128
-0.1972
-0.3378
-0.5738
-0.5008
-0.1668
-0.1410
-0.3923
-0.4291
-0.5863
-0.8880
-1.1793
-1.2546
-1.2609
-1.3830
-1.7754
-2.3501
-2.8547
-3.0077
-3.3258
-3.6373
-3.6690
-4.0230
-4.2195
-4.3804
-4.8514
-4.7895
-4.6452
-4.9216
-5.0793
-5.0943
-5.5489
-6.8002
