3.8310
3.9840
4.1350
4.2530
4.4350
4.5840
4.7600
4.8560
5.0470
5.2050
5.3690
5.4480
5.4870
5.5240
5.5430
5.5110
5.4420
5.1230
4.8520
4.5480
3.9250
3.6020
3.4110
3.5460
3.6880
3.6310
3.6510
3.6660
3.6460
3.6550
3.6500
3.6420
3.6610
3.6780
3.6930
3.7240
3.7400
3.7620
3.8450
3.9590
3.9920
3.9440
3.9800
4.2240
4.4990
4.6010
4.4330
4.2930
4.2350
4.2130
4.2290
4.3450
4.5350
4.8420
5.1290
5.6980
6.2250
6.4660
6.5900
6.5650
6.4440
6.3310
6.2340
6.2170
6.3010
6.4620
6.5470
6.5430
6.6650
6.7300
6.7790
6.8500
6.9560
6.9930
6.9700
6.9580
6.9340
6.8630
6.7850
6.7580
6.7110
6.6790
6.6530
6.6370
6.6200
6.6130
6.6400
6.6860
6.7360
6.7810
6.8420
6.8740
6.9120
6.9160
6.9000
6.8650
6.8150
6.7480
6.6980
6.6980
6.7010
6.7640
6.8700
6.9240
6.8870
6.9370
6.9190
6.8480
6.7530
6.6090
6.4890
6.2900
6.0770
5.8980
5.4980
4.8880
4.6280
4.6610
4.6790
4.6910
4.7710
4.8080
4.7140
4.5620
4.4000
4.2930
4.2300
4.1710
4.0810
3.9920
3.8990
3.7350
3.5870
3.4760
3.5000
3.6240
3.8610
3.9940
4.2010
4.4500
4.7560
5.1630
5.4590
5.7090
5.9660
6.1330
6.2320
6.3470
6.4060
6.4340
6.5160
6.4930
6.5380
6.4110
6.4040
6.2400
6.0070
5.8150
5.6390
5.4650
5.4460
5.4680
5.3810
5.1510
4.9660
4.8520
4.8570
4.8240
4.8630
4.7700
4.7150
4.7440
4.7400
4.8150
4.9200
4.9430
4.8320
4.7830
4.8250
4.8240
4.7630
4.6750
4.5980
4.5430
4.5180
4.4840
4.4830
4.5040
4.4720
4.3190
4.2490
3.9600
3.6070
3.3170
3.0890
3.0790
3.1040
3.1330
3.0010
2.8490
2.7370
2.6540
2.6270
2.6790
2.8210
2.9280
2.9700
3.0080
3.1700
3.4220
3.4090
3.1650
2.8510
2.2740
1.9490
1.8760
1.8980
1.9450
1.9990
1.9160
2.0840
2.1210
2.2190
2.3750
2.4030
2.4920
2.6320
2.7270
2.8980
3.0860
3.2440
3.3520
3.0040
2.5250
2.5980
2.7860
3.0920
3.3360
3.1830
2.9080
2.2630
2.3900
2.4940
2.7210
3.2280
3.3490
3.7140
3.8870
3.4060
2.9890
2.9700
2.8400
2.7040
3.0350
3.4360
3.5710
5.0220
4.6990
4.4170
3.9310
4.3870
4.9270
5.1510
5.1920
5.9640
6.1460
6.5700
6.7130
6.7180
6.1600
5.9550
5.7890
5.6710
5.9700
6.2890
6.4960
6.6850
6.8760
7.0080
6.9300
6.7280
6.7140
6.5690
6.5000
6.6070
6.4190
7.1970
8.1000
8.1380
8.0010
8.2790
6.0050
5.3510
5.0980
5.4380
6.0780
6.6490
7.0210
7.1200
6.7870
6.4970
6.2320
5.8990
6.0190
6.2930
6.4480
6.2680
6.4320
6.9400
7.2920
7.8080
7.9310
7.9990
7.9180
7.9370
7.8580
8.0650
7.8740
7.8970
7.7750
7.3160
7.0870
6.6260
7.0390
6.5510
6.1630
5.9060
6.0120
4.1920
4.5240
6.4950
8.3000
7.0490
5.6010
4.3770
6.0850
5.6600
5.6630
6.1230
6.7490
6.4650
6.2040
5.7760
4.6760
5.2710
5.9420
5.9570
6.6840
4.7430
4.7390
4.3150
3.7240
3.3190
3.1360
3.0270
2.7340
2.3190
2.2980
2.2270
2.3540
2.7530
2.9760
3.7010
5.0220
5.5310
5.5470
5.9950
6.1990
6.0830
6.0290
6.0410
5.9020
5.7280
5.5180
5.5780
5.8360
5.9650
