638.7000
644.1800
651.6000
647.2300
635.8200
648.1800
641.0100
651.5300
669.5600
679.5800
685.3500
684.8700
684.1300
696.3100
715.0300
738.0500
756.2800
757.6100
768.0800
775.7800
782.6100
793.1300
811.7300
808.2800
813.1800
811.1500
816.0800
819.3900
826.7200
828.5400
831.9800
830.5300
835.4800
839.2300
842.8100
848.0800
844.6000
845.0600
841.0500
822.2900
809.2800
799.0500
786.9900
782.2700
775.1000
768.7800
757.4400
751.2800
746.9800
743.6400
741.9400
747.3200
748.1500
747.5700
748.0900
752.2500
760.7400
769.7400
783.0600
791.7600
798.4000
804.4500
808.6900
804.4400
799.8600
804.1000
810.3600
819.6000
825.9300
827.5200
827.8600
830.8800
835.8300
841.8500
847.6600
855.8800
861.9400
865.1800
867.7000
868.6700
875.0400
884.9600
892.8000
897.4600
903.2500
911.8100
917.2600
891.0100
866.9200
861.0800
862.5100
871.4500
869.8900
863.5500
843.9500
835.6900
837.0700
839.0600
841.2400
855.2500
855.2000
852.7700
850.0900
849.4300
848.8200
850.4400
853.2500
850.3000
849.7000
850.6200
853.4700
874.2300
892.3500
898.3400
898.2000
893.4800
894.4400
897.2200
908.0800
913.9200
914.1500
915.3400
917.8000
915.1300
921.4500
922.5800
923.2700
922.8000
921.4700
921.1000
916.7400
913.7900
909.4800
904.2200
898.8800
872.9600
855.2300
841.3800
832.8400
825.7700
810.4900
794.4800
769.1400
751.8000
739.5300
732.9300
723.9800
721.0600
702.0100
693.4900
681.9900
684.4500
688.4700
676.2800
677.3000
671.5700
667.5900
668.4800
669.2400
687.4200
690.4700
695.5100
699.0400
698.2000
708.6000
716.5600
727.0300
735.8500
746.2000
755.1600
759.6800
750.7200
749.2700
754.8500
758.1300
764.9300
769.4800
771.9100
767.4800
767.4100
770.8500
777.4500
779.3000
753.9300
724.4700
720.5800
719.1700
727.0100
732.2700
721.5800
709.1200
699.1100
698.8200
700.2400
699.5500
720.1900
723.8200
722.5700
716.5000
712.5900
713.4300
711.8400
714.7000
711.2600
712.2700
715.5600
719.4300
744.3800
770.9800
780.4300
779.7400
769.9400
775.4500
774.5400
783.3600
793.0900
783.8100
783.7500
794.3600
788.6800
803.6100
806.3200
810.3100
814.5600
816.4400
814.5500
812.0700
806.7800
806.0400
799.1300
788.6500
738.5400
717.4600
688.9100
672.1600
701.1500
688.4800
649.4300
611.0800
609.9500
596.1600
568.8600
563.7300
570.3500
561.3300
524.2200
498.1200
501.1400
469.1600
455.4000
441.5600
470.9500
512.5700
445.8300
442.5300
506.1800
480.7200
519.1000
521.8400
529.6100
523.9800
525.0400
566.5800
595.3700
569.8400
565.3700
543.8300
538.3000
535.3700
569.3900
610.4900
620.3200
612.9600
593.5200
594.4000
613.5100
622.1100
624.7600
628.3600
588.4700
554.9200
546.4400
543.4700
556.8100
562.6600
547.1400
539.7700
549.9400
541.9200
574.6700
571.6500
613.8000
601.5600
595.1100
581.5500
565.3500
568.8000
562.5200
563.0700
548.0100
528.8200
513.8600
498.6400
501.9000
519.1200
511.9600
491.6300
477.6400
487.0700
499.3300
519.1300
513.4300
492.2800
499.8600
498.1100
474.9800
476.5400
473.9200
452.9400
460.7000
470.7700
464.8600
450.3900
437.2000
416.2400
402.0300
390.5100
370.6000
331.5900
314.9800
275.2400
324.4600
281.6600
219.9200
193.4600
145.9500
181.8000
207.9600
130.8800
131.4200
138.9400
192.0700
196.8400
114.6900
83.4300
140.5400
110.8600
128.3800
132.5000
164.4300
156.8500
183.3800
190.7600
228.1100
250.6800
243.0400
250.0200
280.4300
291.2800
305.2800
284.4700
272.4000
275.7500
285.7900
294.8900
315.3000
320.8800
322.6100
329.5600
331.4700
336.7800
343.7700
356.0100
363.2200
372.2400
343.4000
315.1500
