5.2791
5.5214
5.7607
5.9486
6.2365
6.4742
6.7536
6.9046
7.2080
7.4592
7.7197
7.8442
7.9058
7.9651
7.9955
7.9446
7.8355
7.3289
6.8988
6.4166
5.4276
4.9156
4.6125
4.8273
5.0523
4.9609
4.9927
5.0169
4.9845
4.9993
4.9923
4.9796
5.0094
5.0359
5.0591
5.1092
5.1343
5.1691
5.3012
5.4818
5.5350
5.4575
5.5158
5.9024
6.3381
6.5006
6.2342
6.0118
5.9196
5.8853
5.9105
6.0950
6.3962
6.8826
7.3391
8.2420
9.0779
9.4599
9.6570
9.6166
9.4255
9.2451
9.0924
9.0645
9.1987
9.4532
9.5883
9.5823
9.7760
9.8789
9.9574
10.0692
10.2373
10.2969
10.2592
10.2412
10.2022
10.0895
9.9668
9.9237
9.8489
9.7984
9.7572
9.7312
9.7049
9.6937
9.7362
9.8098
9.8878
9.9604
10.0570
10.1076
10.1684
10.1739
10.1486
10.0927
10.0136
9.9077
9.8286
9.8275
9.8330
9.9325
10.1008
10.1868
10.1283
10.2076
10.1785
10.0654
9.9147
9.6862
9.4961
9.1808
8.8424
8.5590
7.9245
6.9563
6.5442
6.5966
6.6250
6.6436
6.7705
6.8295
6.6804
6.4387
6.1809
6.0113
5.9117
5.8183
5.6751
5.5349
5.3874
5.1259
4.8921
4.7154
4.7542
4.9501
5.3270
5.5381
5.8664
6.2608
6.7467
7.3919
7.8620
8.2590
8.6664
8.9324
9.0892
9.2713
9.3651
9.4093
9.5393
9.5030
9.5740
9.3724
9.3617
9.1012
8.7324
8.4275
8.1474
7.8723
7.8420
7.8760
7.7381
7.3727
7.0802
6.8985
6.9068
6.8537
6.9166
6.7688
6.6808
6.7272
6.7214
6.8410
7.0073
7.0436
6.8678
6.7889
6.8553
6.8543
6.7578
6.6182
6.4962
6.4084
6.3695
6.3146
6.3140
6.3464
6.2954
6.0534
5.9416
5.4829
4.9238
4.4625
4.1012
4.0853
4.1251
4.1710
3.9620
3.7213
3.5436
3.4118
3.3684
3.4502
3.6765
3.8453
3.9120
3.9736
4.2303
4.6303
4.6098
4.2219
3.7232
2.8077
2.2922
2.1762
2.2121
2.2868
2.3723
2.2406
2.5069
2.5648
2.7207
2.9690
3.0132
3.1533
3.3766
3.5270
3.7982
4.0960
4.3471
4.5195
3.9666
3.2065
3.3220
3.6213
4.1065
4.4938
4.2499
3.8146
2.7911
2.9917
3.1569
3.5171
4.3219
4.5134
5.0926
5.3679
4.6052
3.9429
3.9132
3.7065
3.4901
4.0159
4.6527
4.8660
7.1685
6.6557
6.2088
5.4377
6.1611
7.0173
7.3737
7.4383
8.6628
8.9527
9.6243
9.8515
9.8604
8.9750
8.6490
8.3862
8.1979
8.6735
9.1785
9.5076
9.8079
10.1101
10.3204
10.1957
9.8753
9.8535
9.6239
9.5136
9.6843
9.3861
10.6197
12.0536
12.1139
11.8960
12.3367
8.7278
7.6903
7.2885
7.8289
8.8449
9.7509
10.3414
10.4977
9.9688
9.5088
9.0881
8.5605
8.7512
9.1861
9.4315
9.1455
9.4057
10.2126
10.7703
11.5890
11.7844
11.8926
11.7642
11.7941
11.6696
11.9973
11.6949
11.7310
11.5373
10.8082
10.4459
9.7145
10.3690
9.5954
8.9785
8.5711
8.7395
5.8524
6.3778
9.5055
12.3704
10.3850
8.0871
6.1448
8.8554
8.1803
8.1863
8.9160
9.9089
9.4583
9.0445
8.3650
6.6202
7.5630
8.6282
8.6517
9.8053
6.7256
6.7191
6.0469
5.1091
4.4663
4.1755
4.0026
3.5376
2.8799
2.8455
2.7328
2.9354
3.5680
3.9220
5.0723
7.1693
7.9760
8.0013
8.7127
9.0363
8.8530
8.7661
8.7852
8.5645
8.2886
7.9551
8.0504
8.4608
8.6650
