-4.8068
-4.7833
-4.7649
-4.7625
-4.7589
-4.7661
-4.7593
-4.7283
-4.6977
-4.6712
-4.6533
-4.6477
-4.6744
-4.7241
-4.7906
-4.8888
-5.1097
-5.5030
-5.7046
-5.7423
-5.6173
-5.3035
-4.9183
-4.4137
-3.9599
-3.5605
-3.0656
-2.6771
-2.3007
-1.9543
-1.6777
-1.3964
-1.1304
-0.9082
-0.7113
-0.5140
-0.3386
-0.1949
-0.0622
0.0705
0.1871
0.2907
0.3806
0.4796
0.5918
0.7027
0.7963
0.8648
0.9081
0.9194
0.9180
0.9265
0.9365
0.9086
0.8246
0.5561
0.1243
-0.2301
-0.5388
-0.8449
-1.1370
-1.4292
-1.7504
-2.0489
-2.3591
-2.7416
-3.1320
-3.4854
-3.8058
-4.1196
-4.3215
-4.4936
-4.6017
-4.7418
-4.9347
-5.1168
-5.2763
-5.4278
-5.5336
-5.5887
-5.6411
-5.7058
-5.7831
-5.8496
-5.9114
-5.9727
-6.0215
-6.0493
-6.0805
-6.1187
-6.1508
-6.1827
-6.2113
-6.2549
-6.2966
-6.3354
-6.3688
-6.3967
-6.4172
-6.4028
-6.3549
-6.2956
-6.2360
-6.1847
-6.1321
-6.0596
-5.9900
-5.9258
-5.8764
-5.8338
-5.7862
-5.7193
-5.6069
-5.4879
-5.3585
-5.2242
-5.0170
-4.7536
-4.4399
-4.0552
-3.6636
-3.2508
-2.8496
-2.5452
-2.2696
-2.0212
-1.8012
-1.5883
-1.3622
-1.1097
-0.8870
-0.7209
-0.6387
-0.6941
-0.8644
-1.0398
-1.2485
-1.2332
-1.2022
-1.0760
-1.0504
-0.8780
-0.7382
-0.6221
-0.6083
-0.6608
-0.7600
-0.8336
-0.8543
-0.8428
-0.8009
-0.8791
-0.9726
-0.9852
-1.0829
-1.0785
-1.0609
-1.1159
-1.1416
-1.2149
-1.2151
-1.2927
-1.3611
-1.6899
-1.7059
-1.5742
-1.5462
-1.5018
-1.5003
-1.5793
-1.5960
-1.6639
-1.7354
-1.7894
-1.8888
-2.0736
-2.1238
-1.9838
-1.7421
-1.4645
-1.3575
-1.3992
-1.4692
-1.4143
-1.2135
-1.0595
-1.0026
-0.9641
-1.0284
-1.1389
-1.3298
-1.3750
-1.3735
-1.3666
-1.3589
-1.4480
-1.5031
-1.4402
-1.2424
-1.0787
-0.9813
-0.9202
-0.9083
-0.9944
-1.1803
-1.3723
-1.4377
-1.4933
-1.7290
-2.0574
-2.0518
-1.7684
-1.7525
-1.7928
-1.5473
-1.1738
-0.6833
-0.2961
0.0833
0.5427
0.9097
1.2647
1.5881
1.8548
2.1191
2.3397
2.5431
2.7521
2.9370
3.1056
3.2504
3.3782
3.4376
3.3645
3.3309
3.3345
3.4840
3.7327
3.8501
3.5083
2.9938
2.9028
3.4841
3.5869
3.5415
3.9095
4.3620
4.5482
4.5241
4.3135
4.2466
4.3010
4.4059
4.5967
4.6963
4.6235
4.4500
4.1050
3.7021
3.5837
2.9040
2.2820
2.1248
1.8096
1.5086
1.3261
1.1676
0.8912
0.8114
0.6702
0.3856
0.1400
-0.0181
0.0240
0.0891
0.0992
0.1685
0.3498
0.3204
0.3483
0.0492
0.1382
0.4782
0.4268
0.3371
0.4445
0.0843
-0.0216
-0.5175
-1.2524
-2.3671
-2.7695
-2.5973
-2.3410
-2.4889
-2.8602
-3.3535
-3.8162
-4.1820
-4.5664
-4.7949
-4.9638
-5.0643
-5.0696
-5.0191
-4.8932
-4.6772
-4.4383
-4.1864
-4.0316
-3.9115
-3.7747
-3.5758
-3.3922
-3.0180
-2.6063
-2.0953
-2.0550
-1.8705
-1.7813
-1.6331
-1.2645
-1.0114
-0.3376
0.1182
0.4475
1.0945
0.5652
0.3997
1.3613
2.0289
1.9659
1.6518
0.9631
2.0098
2.8061
2.9510
3.0813
3.0008
3.1129
3.1625
2.8880
2.8359
3.2345
3.8194
4.1569
4.0645
3.6369
3.1286
3.1026
2.8502
2.8279
2.7460
2.7206
2.5791
2.3968
2.2446
2.1462
2.1052
2.1475
2.2551
2.3037
2.2200
1.9929
1.1668
0.7537
0.3397
0.1713
0.0889
0.0480
0.2642
0.6687
0.7331
0.7391
0.7855
1.1466
1.6206
