3.4027
3.4732
3.5814
3.6454
3.7435
3.7624
3.8214
3.8875
4.1024
4.2897
4.4604
4.6598
4.7914
4.8513
4.8599
4.7712
4.6311
4.2285
3.8576
3.4884
2.9103
2.6094
2.4003
2.5094
2.6687
2.5740
2.5831
2.5436
2.4535
2.3228
2.1447
1.9179
1.6816
1.4973
1.3276
1.1350
0.9112
0.6029
0.1776
-0.1428
-0.1436
-0.0947
-0.7058
-1.4217
-1.9106
-1.9444
-1.6782
-1.5053
-1.4693
-1.5566
-1.7400
-1.9099
-2.0343
-2.2486
-2.3956
-3.0493
-3.7367
-4.3380
-4.7101
-4.9210
-5.0503
-5.1554
-5.2278
-5.3498
-5.4532
-5.4901
-5.3171
-5.1899
-5.1571
-5.0840
-4.8860
-4.7007
-4.5761
-4.4234
-4.2773
-4.0588
-3.8940
-3.7949
-3.7197
-3.7163
-3.7451
-3.7713
-3.7707
-3.7575
-3.7253
-3.6686
-3.6444
-3.6523
-3.6636
-3.6522
-3.6721
-3.7165
-3.7960
-3.8064
-3.8064
-3.7735
-3.7184
-3.6536
-3.6327
-3.7038
-3.7902
-3.9362
-4.1019
-4.2736
-4.3874
-4.5174
-4.5519
-4.4858
-4.3810
-4.2611
-4.1889
-4.0100
-3.7073
-3.5236
-3.2731
-2.9660
-2.7919
-2.8343
-2.9323
-2.8547
-2.7238
-2.5571
-2.3992
-2.2080
-2.0650
-2.0864
-2.1891
-2.3257
-2.4599
-2.6087
-2.7681
-2.9239
-3.1683
-3.5499
-4.0325
-4.4588
-5.0108
-5.2512
-5.5829
-5.9775
-6.4459
-6.9946
-7.3955
-7.7222
-8.0568
-8.2905
-8.4291
-8.5699
-8.6438
-8.6814
-8.7706
-8.7086
-8.7296
-8.5264
-8.3680
-8.0661
-7.6210
-7.2122
-6.8892
-6.5469
-6.4867
-6.3486
-6.0411
-5.5784
-5.0309
-4.7705
-4.6902
-4.4318
-4.5046
-4.2923
-4.0910
-3.9725
-3.7492
-3.5705
-3.5477
-3.3741
-2.8586
-2.3114
-1.8678
-1.6596
-1.3669
-1.1202
-0.9270
-0.6614
-0.3768
0.0057
0.3126
0.5116
0.8494
0.9649
1.2732
1.4465
1.4174
1.4087
1.3146
1.3097
1.3268
1.3707
1.3034
1.2085
1.0951
0.9315
0.7832
0.6707
0.5843
0.4114
0.2937
0.1547
0.1487
0.4288
0.7522
0.9829
1.1795
0.9431
0.8279
0.9388
1.1124
1.2620
1.3502
1.2329
1.3322
1.2400
1.1699
1.3196
1.3846
1.4918
1.7444
2.0154
2.3124
2.6073
2.8095
2.7716
2.1891
1.2163
0.3148
0.6675
0.9473
1.6956
1.2098
0.1940
-0.8150
-1.1300
0.1247
0.2930
0.7769
1.0625
1.8546
2.4653
1.6466
0.9101
0.4593
0.5602
1.2779
1.0724
0.8305
0.3135
-0.6030
-0.6617
-1.8998
-1.6297
-2.3120
-2.0621
-2.3245
-3.0516
-3.0453
-2.0144
-1.5128
-0.9220
-0.9985
-0.8599
-0.9235
-1.2896
-1.3264
-1.4342
-1.3523
-0.8104
-0.1272
0.5772
1.2110
1.2249
1.5198
2.3434
2.6861
2.9992
3.7272
4.2097
5.2532
7.9022
8.7457
8.0874
9.5848
7.3496
6.0612
4.5663
3.7275
3.3069
3.3280
3.0218
2.7705
1.8619
1.0782
0.6342
0.2570
-0.0704
0.2442
1.2320
1.7941
2.3385
3.4185
4.3487
5.1766
5.6881
6.1145
6.1867
6.8063
6.7870
7.4092
7.5409
7.5415
7.3022
6.5495
6.7589
7.0814
7.6092
6.8823
6.7707
6.4693
6.8593
3.8552
4.5459
6.7086
10.6465
9.4173
7.4152
5.4075
5.6869
5.8538
6.4486
5.5661
5.6163
6.1760
7.1379
6.7817
4.2716
3.6902
5.3619
5.3594
6.7561
5.2380
6.2695
5.3706
4.2745
3.7267
3.7164
3.8326
3.3860
2.6045
2.2750
1.7238
1.1569
0.4564
0.0345
-0.0871
-0.0830
-0.4249
1.0181
2.2097
2.9519
3.5762
3.9497
4.3536
4.3799
4.2482
4.1445
4.3222
4.7988
4.9973
