4.0362
4.2922
4.5121
4.7008
4.9881
5.2687
5.5685
5.7063
5.9267
6.1024
6.3006
6.3100
6.2884
6.3172
6.3490
6.3524
6.3203
5.9860
5.7194
5.3855
4.5814
4.1658
3.9388
4.1237
4.2899
4.2408
4.2726
4.3243
4.3389
4.4269
4.5081
4.5954
4.7187
4.8082
4.8818
4.9816
5.0528
5.1338
5.2982
5.4799
5.5331
5.4567
5.4705
5.7286
6.0433
6.2030
6.0041
5.8204
5.7343
5.6758
5.6485
5.7880
6.0640
6.5049
6.9372
7.6571
8.2731
8.4066
8.4305
8.2621
7.9583
7.6742
7.4392
7.3174
7.4080
7.6956
7.9790
8.0552
8.3051
8.4702
8.6762
8.9046
9.1576
9.2984
9.3250
9.4025
9.4298
9.3486
9.2467
9.2016
9.1091
9.0436
8.9991
8.9765
8.9614
8.9727
9.0284
9.1045
9.1840
9.2667
9.3627
9.3995
9.4333
9.4350
9.4078
9.3607
9.2976
9.2095
9.1326
9.1028
9.0732
9.1193
9.2304
9.2470
9.1287
9.1536
9.1040
9.0105
8.8942
8.6986
8.5223
8.2587
8.0277
7.8001
7.2169
6.2923
5.9187
5.9566
5.9407
5.9990
6.1984
6.3327
6.2347
6.0483
5.8258
5.6376
5.4914
5.3333
5.1143
4.8816
4.6219
4.2101
3.7275
3.1037
2.5183
2.1501
1.8078
1.7594
1.8018
1.8619
1.9918
2.3907
2.6679
2.9288
3.1929
3.3249
3.4004
3.5375
3.6040
3.6288
3.7517
3.8036
3.9313
3.8913
4.1976
4.2154
4.2632
4.3597
4.3496
4.3717
4.4068
4.6612
4.8356
4.8205
4.9820
4.9832
5.0701
5.2281
5.2485
5.2338
5.2817
5.4290
5.5786
5.8353
6.0429
6.1828
6.2446
6.3833
6.5959
6.6504
6.6182
6.5227
6.4297
6.3742
6.3583
6.3146
6.3063
6.3258
6.2378
5.9760
5.8035
5.2887
4.7153
4.2344
3.8848
3.8697
3.9059
3.9393
3.7415
3.5196
3.3702
3.2822
3.2761
3.3844
3.6298
3.8232
3.9010
3.9706
4.2277
4.6104
4.5480
4.1059
3.5315
2.6446
2.1375
1.9633
1.9121
1.9070
1.9506
1.8709
2.1236
2.2451
2.4563
2.6596
2.6762
2.7780
2.8910
2.8945
3.0131
3.1589
3.3173
3.5698
3.3078
2.9668
3.3071
3.5593
3.9958
4.1617
4.0741
3.8097
2.6694
2.7700
3.1544
3.5048
4.2515
4.3866
4.7429
4.7683
4.3008
3.8364
3.8862
3.6639
3.2478
3.8701
4.5780
4.8559
7.1431
6.6227
5.9110
5.1877
5.7108
6.7075
6.9978
6.7835
8.1099
8.7232
9.5047
9.8082
9.8097
8.9337
8.5995
8.2864
8.0899
8.5541
9.0783
9.4730
9.8070
10.0936
10.2491
10.1218
9.7577
9.5708
9.2415
9.0285
8.9383
8.3891
9.2294
9.1019
8.3820
8.7241
7.7669
4.7073
4.7331
5.6808
6.8846
8.2034
9.1654
9.8901
10.1255
9.7934
9.4475
9.0660
8.5566
8.7509
9.1829
9.3507
8.9678
9.1104
9.6234
9.8533
10.3686
10.3208
10.2003
10.0061
9.6320
9.4929
9.4361
8.9390
8.9856
8.9324
8.5978
7.9645
6.6501
7.0439
6.6861
5.8967
5.6225
5.4156
4.4032
4.4733
6.7342
6.2991
4.3775
3.2276
2.9186
6.7880
5.7141
5.0428
6.9651
8.1635
7.1635
5.5546
4.8971
5.0576
6.6016
6.7599
6.7918
7.1063
4.2186
2.4164
2.7787
2.7986
2.4616
1.9033
1.1539
1.0247
1.2291
1.7093
2.1205
2.6978
3.5387
3.9219
5.0716
7.1688
7.9647
7.9363
8.4279
8.5406
8.0985
7.8258
7.6306
7.3598
7.1172
6.7902
6.7917
6.9683
7.0788
