3.7840
3.8280
3.9180
4.0200
4.2830
4.4630
4.7320
5.0650
5.5780
6.7910
6.7860
6.9860
6.9320
7.0140
6.9140
6.8470
6.9510
7.4400
6.5030
6.4990
6.7270
6.5350
6.6700
7.8460
8.7410
9.2590
9.4070
9.8190
10.6730
10.2550
9.3150
8.7530
9.1410
9.6870
10.1110
10.3880
10.4600
10.3240
10.1150
10.0840
10.1270
10.1860
9.8990
9.3450
9.0050
8.6840
8.5630
8.4860
8.5980
9.0000
9.2440
8.8160
7.9570
9.6990
8.2590
10.0570
6.7880
5.6580
5.7680
5.1540
5.1710
5.8630
6.2860
7.0760
9.5950
5.9250
5.2280
6.0980
4.2670
3.7030
4.0580
3.5710
2.6610
1.6090
1.4340
1.8500
2.1470
2.5900
1.7810
1.6930
1.3730
1.4480
2.3080
1.8140
1.8710
1.7240
2.2140
2.7980
3.4600
4.3630
5.3840
4.3040
4.0480
2.4640
3.1910
4.2510
4.7420
5.4630
3.6570
2.6890
1.3420
1.7530
1.9950
2.3440
2.8110
2.3470
2.4940
2.7550
3.0120
3.1830
3.6350
4.3110
3.6080
3.3420
2.8730
2.4820
2.6390
3.1040
3.3830
3.7180
3.6570
3.5750
2.9780
2.6340
2.4830
2.0860
1.5880
1.4100
1.1570
0.7200
0.6250
1.0080
1.1500
1.6200
2.0550
2.4590
2.9020
3.2050
3.2210
3.6820
3.9290
4.4250
5.0460
5.6120
5.3440
5.2080
5.2070
5.3840
5.4830
5.5670
5.4700
5.4700
5.7700
6.0210
5.9000
5.9350
6.2250
6.2790
6.5660
5.9870
5.7140
5.8010
5.7580
5.4580
5.6510
5.4750
5.2900
5.6840
5.7540
5.3430
5.3480
5.6930
6.4610
5.6890
5.5960
5.2600
4.6390
4.2190
4.1220
3.9100
4.1400
4.3010
4.3020
4.3640
3.8900
2.9660
2.4520
2.2700
1.7760
1.3640
2.0700
3.3920
2.9880
2.4910
1.8740
1.6270
2.6350
2.3280
3.2950
3.2540
3.0430
2.5630
1.7230
1.3040
1.9710
1.8060
2.2260
1.4600
0.9620
1.4050
0.9650
1.4760
1.1800
1.3400
1.7100
1.9860
2.2410
2.7450
2.1940
1.9850
2.9970
3.5880
3.4380
3.2410
3.0310
2.6480
1.6570
2.7560
3.2490
3.3280
4.3250
3.4050
5.0260
5.6470
7.1720
5.7710
6.0600
5.7410
5.4460
6.0010
6.1980
6.8570
7.2930
7.5400
7.8160
7.7510
7.8220
8.3780
8.0190
7.7450
7.4530
7.9240
8.1790
7.9410
7.4490
6.1360
5.6770
5.4210
3.9600
3.2970
2.7340
2.5190
2.3670
2.3920
2.4610
2.8620
2.7880
5.0900
3.7560
2.4530
3.6010
4.7370
6.3380
6.1060
6.0560
5.7800
6.2010
6.9860
6.7760
6.4250
6.6860
7.0290
7.1360
7.2560
7.0110
6.9870
7.1160
7.0830
7.0740
6.9990
7.1310
7.9220
9.3430
11.0630
11.2450
10.6870
10.5490
10.0460
8.8320
7.8520
6.8180
5.1960
4.4090
4.5900
5.2500
6.0240
5.9600
6.0620
6.9660
7.8130
8.1050
8.0730
7.8640
7.6040
7.6860
7.7080
8.4590
8.1510
6.4420
5.7310
5.4120
5.6120
5.1890
4.8440
4.8590
4.8360
4.6920
4.6580
4.6560
4.6370
4.5940
4.5560
4.2290
3.7270
2.5330
1.4910
2.2110
3.0790
3.4130
3.6520
3.9250
4.4050
4.6830
4.9120
5.0040
5.0180
4.9550
5.2760
5.4220
4.8440
4.3770
4.8480
5.2620
5.2960
5.0590
4.8320
4.4500
3.7580
3.3740
3.5900
3.1510
2.7020
2.3450
1.9330
2.6060
2.8400
1.7430
2.3180
2.6120
1.9450
1.8170
1.8810
1.7360
2.0710
2.5130
3.0890
3.9140
