513.8200
490.1000
480.1200
518.4700
550.8100
562.4100
558.3800
554.6800
555.4300
602.6100
566.6900
569.8600
575.4900
545.0200
515.4900
525.8200
516.9000
549.4500
519.3400
474.7200
468.8600
428.5100
427.1100
416.8100
391.1100
367.2700
339.7200
347.6700
354.4400
352.3200
309.6900
265.4300
268.3700
264.5900
264.2700
268.8700
257.6100
250.8900
245.9700
224.8900
212.2100
197.4500
173.3500
160.1800
109.5600
78.9870
107.9500
87.6470
67.8870
4.6721
45.7390
-38.9840
4.3404
89.0810
84.5950
169.0100
114.6200
108.0200
27.2000
121.2500
111.2900
55.0380
6.3920
-1.9648
-197.5100
245.3700
164.5400
168.7900
248.3600
247.1400
206.7700
196.3400
188.2200
242.7400
281.3300
311.8100
315.0700
302.8500
280.8300
249.3000
293.0800
330.3200
285.9900
339.5100
345.9900
358.4100
340.6600
288.0100
248.4800
199.3200
164.7600
197.4400
245.0800
256.4200
237.8100
273.5300
218.7500
173.7500
310.0600
335.7600
314.0400
337.6600
364.1600
376.6800
413.9300
388.6000
423.8900
437.3800
449.5700
450.9600
468.0100
550.4800
560.3700
563.7100
575.7700
573.6900
587.9100
619.8200
649.5400
689.0500
698.4200
707.2500
690.9500
662.0500
674.8600
679.2000
685.7100
696.1900
700.4100
698.8200
711.5700
716.1700
741.2000
728.7900
708.4600
688.9000
674.0400
666.7200
667.0000
649.3600
653.5200
647.9500
631.5200
615.7200
629.0700
638.2900
631.7100
578.8400
564.5600
559.1700
559.7200
554.6000
531.7200
496.3900
521.6100
522.5500
510.4500
535.5000
510.5300
555.7600
564.9800
563.6900
574.4800
565.8100
579.2700
625.8500
628.4500
625.5900
613.4300
604.6400
627.0600
634.1500
612.6400
643.9200
642.0100
637.6400
648.3800
679.9600
678.0900
675.1400
692.7600
690.3900
676.4700
606.0900
549.5100
576.4000
557.9000
600.3700
568.1400
512.0100
521.9000
531.3300
552.2100
506.5100
517.2600
515.7800
517.2900
526.1600
534.7700
523.4800
529.4300
527.4700
510.9800
486.8600
489.3900
486.2400
480.1400
534.3100
562.0300
552.5400
551.2000
554.9000
561.5900
576.5600
588.1700
600.8400
599.8300
591.4000
617.4600
634.7900
628.1600
619.1400
626.6000
634.8700
642.0800
640.0800
671.9600
679.3500
642.3500
657.9900
609.2700
636.2900
567.8100
572.1800
487.7600
622.0700
583.8800
527.3100
501.5700
485.4800
479.5000
424.1300
388.1400
441.0300
399.3900
323.5500
375.1400
352.4800
340.2700
301.8900
304.7300
296.4800
253.2500
218.0000
204.0300
276.0200
312.4200
332.0900
354.4400
377.4100
368.6300
324.2000
389.9500
388.7700
390.3400
420.7100
427.1500
413.5700
376.1200
412.2100
447.4300
444.8400
426.9400
429.3800
419.6200
404.8200
396.5700
395.5200
402.7500
386.0900
361.5900
368.1100
360.4200
364.4600
374.1500
369.8700
355.7100
358.0600
367.4500
373.2100
383.1800
412.1700
429.4900
445.1000
448.0500
443.5500
446.7000
444.5100
450.8400
426.4500
441.0900
461.3800
456.8900
505.6600
526.2800
543.2400
548.8800
538.8700
525.5900
551.1200
587.7000
620.5500
636.7000
647.9200
651.6600
654.7500
637.2700
668.0300
690.3200
709.2700
727.0100
736.0500
731.5400
730.7200
728.9800
723.5700
716.6800
687.4000
658.3100
642.2600
633.4500
631.1600
622.9400
614.1000
593.4200
594.9600
601.9700
608.2000
611.3300
612.2100
611.7200
595.0100
595.1900
598.9400
598.9200
591.1600
589.9600
562.2100
538.8400
610.8000
619.9700
608.5800
647.0000
622.3800
681.2000
663.4800
657.9300
723.0500
780.6900
777.1400
803.7600
813.7800
810.2500
816.6700
826.6900
883.6500
838.7900
834.7700
839.2500
829.2500
804.6300
796.7300
804.3600
810.9100
818.8000
785.9500
757.5300
