5.2037
5.2747
5.4176
5.5781
5.9955
6.2814
6.7081
7.2362
8.0504
9.9757
9.9682
10.2852
10.1999
10.3302
10.1708
10.0651
10.2291
11.0059
9.5183
9.5124
9.8742
9.5694
9.7832
11.6499
13.0695
13.8925
14.1266
14.7798
16.1355
15.4721
13.9807
13.0890
13.7054
14.5704
15.2435
15.6839
15.7984
15.5825
15.2496
15.2014
15.2687
15.3622
14.9073
14.0279
13.4888
12.9794
12.7882
12.6648
12.8438
13.4804
13.8689
13.1888
11.8267
14.5898
12.3054
15.1584
9.9706
8.1786
8.3527
7.3778
7.4058
8.5039
9.1743
10.4272
14.4254
8.6011
7.4952
8.8763
5.9704
5.0764
5.6396
4.8660
3.4225
1.7523
1.4746
2.1355
2.6067
3.3090
2.0252
1.8870
1.3779
1.4974
2.8618
2.0779
2.1691
1.9351
2.7122
3.6393
4.6906
6.1226
7.7432
6.0287
5.6234
3.1094
4.2625
5.9453
6.7248
7.8687
5.0030
3.4661
1.3288
1.9815
2.3654
2.9186
3.6608
2.9241
3.1573
3.5713
3.9786
4.2512
4.9677
6.0401
4.9246
4.5031
3.7593
3.1376
3.3867
4.1259
4.5680
5.1000
5.0023
4.8718
3.9256
3.3794
3.1391
2.5095
1.7199
1.4366
1.0361
0.3427
0.1921
0.7999
1.0240
1.7701
2.4607
3.1016
3.8045
4.2850
4.3116
5.0426
5.4345
6.2206
7.2064
8.1052
7.6791
7.4634
7.4615
7.7429
7.8999
8.0331
7.8791
7.8792
8.3561
8.7534
8.5619
8.6182
9.0774
9.1635
9.6188
8.7000
8.2670
8.4049
8.3373
7.8600
8.1668
7.8879
7.5937
8.2188
8.3302
7.6786
7.6866
8.2333
9.4525
8.2273
8.0788
7.5469
6.5615
5.8944
5.7407
5.4041
5.7694
6.0244
6.0268
6.1245
5.3725
3.9056
3.0908
2.8024
2.0184
1.3648
2.4837
4.5826
3.9410
3.1527
2.1742
1.7814
3.3817
2.8943
4.4281
4.3638
4.0285
3.2673
1.9337
1.2696
2.3269
2.0661
2.7325
1.5169
0.7265
1.4298
0.7304
1.5414
1.0722
1.3259
1.9137
2.3511
2.7552
3.5558
2.6815
2.3493
3.9550
4.8937
4.6555
4.3424
4.0093
3.4017
1.8297
3.5728
4.3559
4.4811
6.0626
4.6030
7.1748
8.1601
10.5797
8.3577
8.8158
8.3101
7.8417
8.7229
9.0355
10.0797
10.7726
11.1650
11.6021
11.4984
11.6113
12.4941
11.9246
11.4901
11.0257
11.7731
12.1781
11.8012
11.0198
8.9369
8.2087
7.8025
5.4839
4.4316
3.5378
3.1972
2.9557
2.9953
3.1043
3.7406
3.6234
7.2762
5.1594
3.0922
4.9135
6.7158
9.2571
8.8880
8.8090
8.3719
9.0397
10.2851
9.9512
9.3950
9.8093
10.3536
10.5229
10.7142
10.3252
10.2864
10.4908
10.4384
10.4249
10.3052
10.5153
11.7696
14.0254
16.7546
17.0435
16.1584
15.9388
15.1413
13.2148
11.6589
10.0189
7.4445
6.1953
6.4829
7.5310
8.7583
8.6565
8.8194
10.2527
11.5967
12.0606
12.0096
11.6788
11.2658
11.3954
11.4308
12.6231
12.1344
9.4226
8.2938
7.7870
8.1045
7.4329
6.8859
6.9097
6.8730
6.6450
6.5905
6.5876
6.5573
6.4897
6.4300
5.9099
5.1144
3.2185
1.5652
2.7085
4.0854
4.6149
4.9943
5.4279
6.1903
6.6303
6.9948
7.1406
7.1623
7.0619
7.5716
7.8037
6.8856
6.1456
6.8930
7.5501
7.6028
7.2280
6.8667
6.2614
5.1623
4.5536
4.8967
4.1997
3.4876
2.9204
2.2667
3.3352
3.7058
1.9660
2.8784
3.3444
2.2861
2.0834
2.1840
1.9539
2.4867
3.1877
4.1016
5.4111
