-0.5257
-0.4880
-0.4072
-0.3715
-0.3693
-0.3905
-0.4148
-0.4641
-0.7409
-1.3228
-1.5332
-1.8953
-2.0692
-2.1173
-2.1828
-2.2079
-2.0951
-2.1525
-2.5625
-2.4489
-2.3130
-2.2641
-1.9280
-1.3009
-0.8373
-0.5560
-0.3760
-0.2045
-0.1655
-0.7526
-0.2665
0.5434
1.2968
1.8455
2.2067
2.4667
2.8703
3.2965
3.6226
3.9167
4.2355
4.3592
4.5163
4.7155
4.8405
4.9901
5.1412
5.3080
5.4644
5.5966
5.7154
5.7881
5.6818
-0.1057
1.2019
-0.3886
-0.6659
-0.5169
-0.4085
-0.4812
-1.3465
-1.9225
-2.3039
-2.4021
-2.4796
-3.2453
-3.4909
-3.6109
-3.7690
-3.7954
-3.7940
-3.6805
-3.4407
-3.4059
-3.6892
-3.9699
-4.0836
-4.1108
-4.0230
-3.9687
-3.9664
-3.9524
-3.8526
-4.0298
-4.0382
-4.0187
-3.9883
-3.9460
-3.8927
-3.8738
-3.7542
-3.6542
-3.5408
-3.3594
-3.6771
-3.9996
-4.0317
-4.0300
-4.2487
-4.3714
-4.3723
-4.4229
-4.4549
-4.5036
-4.5247
-4.4139
-4.4009
-4.3633
-4.3319
-4.4554
-4.5456
-4.7732
-4.8000
-4.8016
-4.7758
-4.6561
-4.3114
-3.9216
-3.6312
-3.2824
-2.9778
-2.7954
-2.5986
-2.2623
-1.9019
-1.5516
-1.2020
-0.9262
-0.6865
-0.5345
-0.4360
-0.3210
-0.2051
-0.1418
-0.1261
-0.2200
-0.4852
-0.6912
-0.7273
-0.7535
-0.8180
-1.0462
-1.5546
-1.9034
-1.6454
-1.6119
-1.5930
-1.4922
-1.5618
-1.8216
-1.9272
-1.9293
-1.9783
-1.9709
-2.1768
-2.4349
-2.5843
-2.6878
-2.6364
-2.7357
-2.6951
-2.7813
-2.8184
-2.7085
-2.8581
-2.8531
-2.7512
-2.8562
-3.0222
-3.1346
-3.2098
-3.1626
-3.0187
-3.0229
-3.1650
-3.1877
-3.2093
-3.3180
-3.3130
-3.2763
-3.3362
-3.3103
-3.0811
-2.5407
-1.9961
-1.8416
-1.8884
-2.0900
-2.3231
-2.5076
-2.5103
-2.8076
-3.0797
-3.3212
-3.5695
-3.6361
-3.8760
-3.9735
-4.1824
-4.3294
-4.2217
-4.5012
-4.2813
-4.1278
-4.4659
-4.4267
-4.1468
-4.3830
-4.6381
-4.6164
-4.5942
-4.5752
-4.2857
-4.0067
-3.8050
-3.6805
-3.5972
-3.6037
-3.5832
-3.4389
-3.3035
-3.2159
-3.1503
-2.9819
-2.7849
-2.7243
-2.7927
-2.6170
-2.3820
-2.7479
-2.7468
-3.0101
-3.1936
-2.9002
-3.0924
-3.3631
-3.2472
-3.0334
-2.8232
-2.9658
-2.9859
-2.9573
-3.1100
-3.2879
-3.2197
-2.9783
-3.3943
-3.1150
-2.9077
-2.1523
-2.1853
-2.2546
-2.1600
-2.0897
-1.4838
-1.0322
-1.0393
-1.2071
-0.6373
-0.7680
-0.8740
-0.9199
-1.0831
-1.2349
-1.4403
-1.6131
-1.4439
-1.0999
-0.9998
-0.9480
-1.4115
-1.3022
-1.1619
-1.3429
-1.4944
-1.3012
-1.0738
-0.6130
-0.5659
-0.8006
-0.9214
-0.9389
-0.9095
-1.1357
-1.2527
-1.4735
-1.6524
-1.8206
-1.9164
-2.0851
-2.1666
-2.1552
-2.3270
-2.8161
-2.5370
-2.4860
-2.4902
-2.6473
-2.6329
-2.3602
-2.4118
-2.8909
-3.0335
-3.0646
-2.8049
-2.5397
-2.3643
-2.1762
-1.7700
-1.4925
-1.3297
-1.0947
-0.8418
-0.6713
-0.7031
-0.7609
-0.7435
-0.7231
-0.9144
-0.9758
-0.8933
-0.6825
-0.4644
-0.3030
0.0033
0.3941
0.8730
1.3037
1.6435
1.9455
2.2115
2.4174
2.5711
2.6365
2.3509
1.2958
0.0366
-1.2680
-1.8118
-2.0930
-2.3952
-2.5755
-2.6173
-2.8089
-2.9357
-2.8422
-2.6749
-2.7276
-2.6962
-2.9111
-3.0481
-2.7662
-2.8260
-2.8130
-2.8582
-2.7430
-2.5131
-2.7127
-2.6409
-2.6044
-2.4612
-2.1211
-1.8590
-1.8186
-1.9155
-2.1883
-2.1234
-2.1516
-2.1001
-2.1385
-2.0828
-1.8944
-1.9070
-2.0428
-2.1450
-2.2814
-2.5830
