1.2699
1.3605
1.4517
1.0515
1.0940
1.2829
1.6637
2.0015
2.7827
4.3667
4.8386
5.1143
5.2785
5.3622
4.8780
4.3999
4.3202
5.1456
4.0065
3.4304
3.9083
3.2756
2.4059
2.3409
2.7957
3.0742
3.3351
3.8042
4.6009
5.5562
3.1957
1.6906
1.9855
2.3615
2.3708
1.9937
1.9172
2.7038
3.7365
4.9171
6.6181
7.8982
8.4849
8.3533
7.6248
7.2480
7.8278
7.1137
6.3526
5.5999
6.8416
5.3584
5.9458
14.5700
12.0072
14.9406
7.1954
3.2133
1.4777
0.0093
-3.9530
-5.1632
-6.2708
-6.7502
-10.1136
3.7192
-3.2914
-2.8475
-1.5022
-3.4755
-4.0679
-2.9549
-2.1244
-0.3419
0.5009
1.0702
-0.2579
0.5869
-0.3120
-0.9872
-0.1178
0.3975
-1.0932
-0.6781
-1.4354
-1.0801
-2.0742
-3.2221
-4.6040
-6.1169
-7.3701
-5.0190
1.1350
-1.9493
-1.5608
2.3571
0.3329
0.7941
2.7808
2.5544
1.2149
1.9799
2.2966
2.7212
3.4945
2.9241
3.0910
3.3075
3.7585
4.0840
4.8455
5.4759
4.6217
4.1971
3.3744
2.7825
3.0461
3.8123
4.1811
4.4911
4.4221
4.1998
3.7986
3.3725
3.1372
2.4954
1.7063
1.4278
1.0047
0.3075
-0.0338
-0.6234
-1.0240
-1.7697
-2.3735
-2.9915
-3.7482
-4.2237
-4.1348
-4.9100
-5.3296
-6.1113
-7.1709
-8.0971
-7.6669
-7.3981
-7.3870
-7.7396
-7.8814
-7.9357
-7.7547
-7.7642
-8.2126
-8.7089
-8.4434
-8.3770
-8.7857
-8.5916
-9.1341
-7.9874
-7.5110
-7.5855
-7.4492
-7.2094
-6.9252
-5.8825
-5.2257
-5.1612
-5.2629
-4.9608
-4.7551
-4.7965
-5.8925
-4.9492
-4.9085
-4.7612
-4.1457
-3.5577
-3.7988
-3.8266
-3.2763
-3.0717
-3.2397
-3.1870
-2.8537
-1.4789
-1.1568
0.1157
0.1409
-0.4274
-0.8763
-2.0017
-0.2483
-0.5457
0.9044
1.6789
0.9627
1.1172
2.7279
2.6396
2.6869
2.0463
1.1672
-0.0146
-0.2659
-1.1127
-2.5878
-1.3371
-0.5135
-1.3821
-0.5586
0.6157
-0.7534
-1.2664
-1.8848
-2.3047
-2.7062
-3.5379
-2.6347
-2.3145
-3.8730
-4.6202
-4.2596
-3.9129
-3.7004
-3.3528
-1.7548
-2.2064
-3.7394
-3.7198
-5.3056
-3.8117
-3.4022
-1.9988
-5.2343
-0.8090
-2.6623
-3.3188
-3.8367
-5.6422
-5.9487
-6.8694
-8.7377
-10.4749
-10.4138
-9.5795
-11.3462
-12.3141
-11.6993
-11.4167
-10.9847
-11.7429
-12.1300
-11.6913
-10.7069
-8.1155
-7.2524
-7.1105
-4.4971
-3.3818
-2.6596
-2.4240
-2.2554
-2.6499
-2.7998
-2.6953
-1.6145
-2.3915
-3.7394
-1.7950
-2.4446
0.9894
-0.4632
-1.5902
-1.7750
-0.9098
0.1086
2.3794
3.3556
3.6418
3.7015
4.8506
4.7769
5.2004
6.2167
7.2870
8.0413
8.4116
8.9977
9.1584
9.6762
11.1502
13.5044
15.7191
15.5612
14.9244
14.7965
13.7048
10.9488
8.2566
6.9876
6.2312
4.7281
4.4472
3.7749
4.1933
3.6519
3.1819
3.9671
6.1975
7.4944
8.3552
8.6273
8.4300
8.0682
8.2209
8.3166
10.5410
9.3422
8.2916
7.7668
8.0088
7.3555
6.8530
6.7803
6.6588
6.3602
6.2945
6.3115
6.2603
6.1962
6.1408
5.6775
4.9266
3.1631
1.0420
-1.0210
-2.7490
-3.5040
-4.1173
-4.3063
-5.0926
-5.6147
-6.5736
-6.9162
-6.8502
-6.7173
-7.3236
-7.4103
-6.3917
-5.0828
-5.9848
-5.4732
-5.6672
-6.4863
-6.0173
-5.6084
-4.4460
-4.2635
-4.3334
-3.8975
-3.4872
-2.6405
-1.6755
-1.6021
0.1939
-0.6863
-2.5514
-2.9045
-2.1716
-2.0657
-1.8497
-1.0193
-0.6058
-1.0651
-2.2641
-4.1385
