5.0464
5.0962
5.2195
5.4780
5.8948
6.1490
6.4985
6.9539
7.5541
8.9692
8.7151
8.9235
8.7279
8.8295
8.9247
9.0525
9.2720
9.7290
8.6340
8.8723
9.0678
8.9913
9.4828
11.4123
12.7670
13.5480
13.7273
14.2819
15.4656
14.4400
13.6106
12.9793
13.5608
14.3778
15.0580
15.5567
15.6816
15.3462
14.7847
14.3842
13.7599
13.1763
12.2570
11.2697
11.1270
10.7672
10.1126
10.4781
11.1628
12.2622
12.0639
12.0512
10.2234
-0.7590
-2.6925
-2.5605
-6.9020
-7.5209
-8.2209
-7.3778
-6.2626
-6.7570
-6.6966
-7.9475
-10.2863
-7.7554
-6.7339
-8.4071
-5.7783
-3.7002
-3.9061
-3.8660
-2.6834
-1.7187
-1.3869
-1.8480
-2.5940
-3.2565
-2.0010
-1.6081
-1.3729
-1.4437
-2.6447
-1.9642
-1.6263
-1.6056
-1.7475
-1.6920
-0.8971
-0.2650
2.3748
3.3400
-5.5076
-2.4225
-3.9665
-5.4581
-6.7166
-7.8286
-4.1590
-2.3429
-0.5381
-0.0801
0.5664
1.0551
1.0907
0.0051
0.6435
1.3470
1.3050
1.1805
1.0955
2.5490
1.7004
1.6316
1.6569
1.4498
1.4803
1.5779
1.8400
2.4165
2.3385
2.4689
0.9904
-0.2168
0.1080
0.2659
0.2159
0.1587
0.2533
-0.1514
-0.1891
-0.5011
0.0006
-0.0383
-0.6496
-0.8190
-0.6523
-0.7223
-1.2223
-1.1485
-1.0626
-1.1612
-0.7149
0.3602
0.4340
0.9855
1.0522
0.2258
0.5399
1.2467
1.3946
1.3413
1.5420
0.8819
1.4196
2.0244
2.2829
3.1865
3.0150
3.4485
3.4538
3.6198
3.7443
3.1312
4.3289
5.2550
5.5096
6.3962
6.4571
5.8610
6.0393
6.6918
7.3910
6.5721
6.4167
5.8554
5.0859
4.6996
4.3041
3.8160
4.7489
5.1824
5.0820
5.2299
4.5520
3.6147
2.8661
2.8000
2.0135
1.2962
2.3240
4.1223
3.9331
3.1051
1.9772
0.5955
3.2417
2.6701
3.4881
3.4749
3.0015
2.5472
1.5418
1.2695
2.3116
1.7409
0.8774
0.7165
0.5138
0.3663
-0.4705
-1.4131
-0.7629
-0.3926
-0.3310
-0.4646
-0.5173
-0.3559
-0.4992
-0.4023
0.8015
1.6131
1.8786
1.8830
1.5431
0.5746
-0.5183
-2.8101
-2.2341
-2.4987
-2.9335
-2.5805
-6.3168
-7.9115
-9.1942
-8.3184
-8.4042
-7.6186
-6.8390
-6.6524
-6.8009
-7.3764
-6.3008
-3.8644
-5.1148
-6.3597
-2.4669
-2.1130
-2.3072
-1.2966
-0.9501
-0.8422
1.0813
1.6064
2.6073
3.7424
3.8452
3.2124
3.1383
2.8640
2.3329
2.0847
1.9104
1.3965
1.3408
2.5937
3.2438
6.8720
3.5547
2.5179
4.2622
6.6425
9.2455
8.7446
8.6283
8.3223
9.0390
10.0061
9.3683
8.6604
9.0842
9.1471
9.3762
9.3675
8.2439
7.2601
6.7376
6.1811
5.2650
4.7245
4.1161
3.7679
3.7872
5.7988
6.9520
6.1933
5.9253
6.4371
7.3995
8.2316
7.1800
4.0734
4.0033
4.7170
6.5167
7.6892
7.8484
8.2254
9.4541
9.8018
9.4495
8.6268
7.8717
7.4735
8.0474
7.9423
9.4961
6.0109
1.2287
0.1920
0.5608
1.2415
1.0703
0.6719
1.3311
1.7023
1.9248
1.9529
1.8873
1.9511
1.9296
1.9065
1.6413
1.3732
0.5947
-1.1679
-2.5087
-3.0222
-3.0032
-2.8267
-3.3042
-3.5191
-3.5264
-2.3907
-1.7763
-2.0913
-2.1791
-1.9217
-2.4462
-2.5609
-3.4546
-3.4199
-5.2008
-5.0681
-3.1894
-3.3081
-2.7840
-2.6234
-1.5993
-2.2801
-1.5642
-0.0479
1.2474
1.5267
2.9252
3.7007
1.8423
1.3325
1.6580
0.7145
-0.2705
-1.1613
-1.6669
-2.4118
-3.0045
-3.4200
-3.4861
