4.2290
4.3690
4.8070
5.3000
5.6190
5.7520
5.7860
5.6870
5.6830
5.6770
5.6260
5.6560
5.7760
5.8020
5.6240
5.4400
5.2480
5.0680
4.8630
4.7160
4.6140
4.7380
4.7780
4.7900
4.7980
4.8520
4.9270
5.0110
5.0880
5.0700
5.0610
5.0480
4.9930
4.9470
4.9180
4.8350
4.7370
4.6880
4.6500
4.6160
4.5790
4.5680
4.5620
4.5540
4.4540
4.3980
4.3830
4.3290
4.2580
4.1850
4.1370
4.1400
4.1580
4.1570
4.1500
4.1370
4.1120
4.0830
4.0580
4.0460
4.0130
3.9980
4.0090
4.0910
4.2290
4.5830
4.7610
4.6820
4.5630
4.2670
4.2280
4.4060
4.3670
4.1820
4.1440
4.0830
4.1390
3.8570
3.7360
3.8090
3.9300
4.1690
4.3510
4.3900
4.4020
4.3210
4.2740
4.3060
4.3050
4.2560
4.1790
4.1240
4.0880
4.0720
4.1030
4.1600
4.2400
4.3480
4.5240
4.6790
4.8030
4.9340
5.0090
5.0030
4.9510
4.8670
4.7960
4.8220
4.9460
5.0260
4.9780
5.0010
5.0270
5.0130
4.9650
4.8700
4.7880
4.6790
4.6880
4.6730
4.6930
4.7070
4.7520
4.8540
4.9720
5.0840
5.1880
5.2740
5.3410
5.4010
5.3950
5.3210
5.2440
5.2350
5.2610
5.2520
5.2470
5.2690
5.2750
5.3120
5.3710
5.3860
5.3640
5.3270
5.3210
5.3490
5.4040
5.4710
5.5630
5.6520
5.7220
5.7370
5.7070
5.6390
5.5800
5.5590
5.5670
5.5820
5.6680
5.7500
5.8530
5.9060
5.9290
5.9170
5.9020
5.9070
5.8880
5.8760
5.8730
5.8800
5.8930
5.8990
5.8940
5.8870
5.8660
5.8580
5.8640
5.8890
5.9070
5.8980
5.8940
5.8370
5.7420
5.6380
5.5770
5.5230
5.4430
5.3750
5.5010
5.4590
5.4020
5.4440
5.3320
5.0190
4.8210
5.1750
5.4410
5.1290
5.4850
5.7900
5.9390
6.0260
5.7180
5.5590
5.4870
5.4030
5.3040
5.4920
5.5610
5.6080
5.4070
5.3190
5.5980
5.2550
5.3990
5.3330
5.5590
5.8170
5.9590
6.0410
6.1940
6.4080
6.4750
6.4570
6.3920
5.9710
5.9170
6.1880
6.4370
6.6630
6.6810
6.6110
6.5200
6.5590
6.6200
6.6760
6.6580
6.5720
6.6260
6.6800
6.8330
6.8850
6.8140
6.6880
6.6230
6.6970
6.9520
6.8920
6.8650
6.9240
7.2030
7.3220
6.9610
6.7010
6.9170
6.8310
6.6690
6.6150
6.3690
6.3220
6.2740
6.1890
6.0330
5.7670
5.6350
5.5440
5.4780
5.3790
5.2200
5.0000
4.8740
4.8110
4.7750
4.6530
4.8580
4.8110
4.7330
4.7590
4.7560
4.7650
4.8230
4.7620
4.6720
4.6740
4.6560
4.3750
4.2000
4.1400
4.0680
4.0180
4.2060
4.4280
4.4810
4.3820
4.3450
4.3810
4.1580
4.4010
4.7830
4.5830
4.6370
4.4360
4.3940
4.5300
3.6830
3.7680
3.7750
3.3250
3.6520
3.4690
4.0720
4.4110
3.6030
3.6170
3.6350
3.7220
4.1430
4.0330
3.9050
4.0430
4.2210
4.2370
4.1320
3.9610
4.3700
4.7710
5.0920
5.4590
5.2680
5.2710
5.4700
5.5980
6.0940
6.3070
6.3290
6.2560
6.4880
6.5350
6.8300
6.9530
7.0400
7.1270
7.2040
7.3800
7.4150
7.5140
7.4710
7.4180
7.3160
7.2150
6.9840
6.6990
6.4040
6.0270
5.9550
5.9880
5.9890
5.9840
6.0310
6.1140
6.2130
6.2980
6.3540
6.3090
6.2470
6.1860
6.1400
6.0590
5.9620
5.9070
5.8930
5.9070
5.8930
5.8420
5.7850
5.7530
5.6930
