1327.3000
1311.0000
1305.9000
1316.9000
1339.1000
1335.6000
1363.5000
1359.8000
1365.9000
1371.1000
1399.7000
1392.5000
1390.7000
1378.6000
1362.1000
1378.5000
1388.6000
1392.7000
1406.5000
1410.2000
1415.1000
1433.7000
1438.5000
1462.3000
1473.7000
1478.6000
1489.3000
1487.3000
1490.3000
1501.4000
1506.9000
1516.1000
1523.9000
1527.6000
1534.2000
1541.0000
1547.1000
1549.4000
1546.5000
1532.4000
1516.7000
1506.1000
1500.7000
1497.6000
1490.5000
1483.6000
1473.6000
1463.4000
1458.0000
1453.6000
1447.7000
1447.6000
1440.8000
1433.0000
1427.0000
1419.2000
1415.4000
1406.9000
1405.5000
1402.9000
1405.0000
1406.3000
1410.2000
1423.8000
1438.8000
1435.0000
1433.7000
1438.3000
1449.8000
1470.3000
1476.8000
1477.6000
1485.0000
1502.8000
1514.0000
1517.1000
1521.3000
1541.5000
1545.9000
1545.0000
1542.7000
1538.4000
1537.1000
1540.1000
1545.0000
1551.4000
1559.2000
1538.2000
1522.0000
1524.4000
1529.8000
1543.9000
1543.5000
1535.5000
1514.9000
1501.6000
1501.2000
1500.1000
1495.3000
1497.8000
1491.1000
1483.6000
1477.0000
1478.8000
1483.6000
1487.3000
1489.9000
1486.2000
1479.8000
1478.6000
1481.8000
1514.4000
1538.9000
1545.6000
1548.3000
1541.8000
1549.9000
1561.3000
1576.0000
1590.6000
1590.1000
1592.1000
1596.1000
1601.2000
1612.4000
1622.5000
1628.6000
1630.0000
1631.0000
1637.1000
1645.0000
1658.4000
1666.7000
1669.0000
1675.2000
1656.0000
1637.7000
1630.3000
1624.7000
1622.6000
1612.2000
1600.2000
1583.7000
1573.1000
1571.0000
1567.6000
1562.3000
1553.4000
1536.2000
1520.4000
1508.8000
1506.1000
1499.8000
1486.3000
1474.4000
1460.3000
1452.4000
1446.8000
1442.8000
1460.3000
1477.2000
1484.0000
1489.6000
1493.2000
1502.7000
1513.4000
1526.9000
1537.5000
1541.1000
1547.7000
1553.7000
1542.0000
1542.5000
1546.3000
1551.5000
1559.4000
1558.7000
1559.5000
1553.4000
1549.5000
1545.0000
1540.3000
1540.5000
1502.3000
1463.1000
1445.4000
1438.4000
1449.0000
1429.7000
1413.7000
1386.4000
1360.5000
1356.0000
1363.2000
1369.3000
1366.9000
1350.9000
1336.7000
1311.9000
1288.8000
1282.6000
1277.5000
1287.0000
1285.4000
1279.2000
1277.0000
1276.0000
1296.7000
1314.6000
1318.2000
1322.5000
1312.0000
1304.5000
1323.5000
1325.7000
1342.4000
1332.5000
1315.3000
1309.0000
1290.2000
1280.4000
1273.3000
1273.1000
1271.7000
1266.2000
1273.8000
1270.8000
1260.1000
1247.2000
1232.5000
1223.9000
1186.5000
1148.6000
1121.2000
1101.0000
1096.9000
1083.8000
1066.5000
1040.0000
1016.2000
1001.3000
985.8800
974.7700
974.9300
967.2000
944.4700
916.5700
905.1500
903.4100
892.6200
854.6000
831.6300
821.2600
827.8900
818.1700
843.8600
849.3700
837.1900
857.2800
874.7800
881.8300
882.6900
910.5200
931.9400
934.1400
953.2200
958.1800
931.4100
918.9700
914.1000
889.9100
875.7500
863.3200
856.5500
829.5500
822.5400
824.3500
818.5500
817.4700
782.9100
741.6500
716.0400
697.4200
694.0500
680.7000
675.5900
655.7700
638.4000
628.9300
625.6500
617.2200
629.5900
628.5500
622.5900
615.9600
598.0700
602.9500
604.3000
602.6900
606.1900
582.3600
586.9100
607.0100
601.1700
659.3000
656.4000
638.2400
653.5800
653.5000
653.9000
650.2600
658.3000
668.2700
655.3500
659.9900
639.8000
633.9900
638.0700
641.1400
649.0400
635.0700
632.7500
647.3800
662.9000
658.8900
659.7900
665.9300
637.1900
621.8900
623.8200
604.1900
618.2900
606.0400
599.6700
588.8500
579.0300
583.5300
595.0000
602.1600
627.8600
641.1000
645.2700
651.5600
658.1700
670.5700
685.9500
698.9400
708.4500
709.6000
711.9200
718.3800
736.6800
754.6400
776.1800
804.6900
816.9200
836.7100
860.4900
886.8300
904.3500
917.2900
927.5400
939.3200
935.7600
941.7000
950.7700
961.0700
971.5500
980.8300
990.3600
994.1200
999.3000
1011.0000
1017.0000
1023.0000
1002.4000
981.1000
