5.9096
6.1331
6.8271
7.6099
8.1158
8.3273
8.3817
8.2237
8.2183
8.2083
8.1277
8.1752
8.3649
8.4070
8.1238
7.8322
7.5269
7.2424
6.9167
6.6832
6.5220
6.7178
6.7815
6.8010
6.8138
6.8990
7.0181
7.1514
7.2740
7.2448
7.2300
7.2092
7.1232
7.0501
7.0029
6.8723
6.7164
6.6380
6.5790
6.5248
6.4652
6.4478
6.4390
6.4266
6.2678
6.1783
6.1553
6.0688
5.9564
5.8409
5.7648
5.7693
5.7984
5.7962
5.7855
5.7651
5.7254
5.6792
5.6396
5.6205
5.5670
5.5433
5.5620
5.6921
5.9098
6.4716
6.7544
6.6289
6.4401
5.9714
5.9080
6.1907
6.1294
5.8365
5.7759
5.6783
5.7683
5.3200
5.1285
5.2440
5.4362
5.8156
6.1040
6.1651
6.1856
6.0556
5.9814
6.0333
6.0314
5.9534
5.8316
5.7436
5.6870
5.6608
5.7100
5.8012
5.9280
6.0987
6.3783
6.6248
6.8217
7.0298
7.1484
7.1380
7.0557
6.9221
6.8105
6.8516
7.0481
7.1757
7.0990
7.1361
7.1759
7.1550
7.0790
6.9276
6.7976
6.6238
6.6379
6.6149
6.6462
6.6694
6.7407
6.9017
7.0901
7.2667
7.4319
7.5679
7.6743
7.7701
7.7604
7.6434
7.5213
7.5062
7.5487
7.5343
7.5255
7.5604
7.5695
7.6281
7.7225
7.7463
7.7110
7.6529
7.6433
7.6883
7.7752
7.8819
8.0273
8.1676
8.2792
8.3032
8.2556
8.1484
8.0535
8.0206
8.0338
8.0571
8.1938
8.3245
8.4880
8.5721
8.6081
8.5896
8.5657
8.5726
8.5422
8.5238
8.5191
8.5309
8.5505
8.5603
8.5517
8.5414
8.5083
8.4952
8.5043
8.5447
8.5729
8.5580
8.5527
8.4618
8.3117
8.1464
8.0498
7.9640
7.8365
7.7295
7.9295
7.8623
7.7713
7.8386
7.6611
7.1639
6.8498
7.4109
7.8341
7.3391
7.9040
8.3877
8.6232
8.7613
8.2737
8.0200
7.9059
7.7731
7.6160
7.9152
8.0243
8.0985
7.7794
7.6394
8.0831
7.5388
7.7662
7.6619
8.0202
8.4303
8.6548
8.7861
9.0291
9.3675
9.4749
9.4453
9.3422
8.6751
8.5890
9.0191
9.4142
9.7724
9.8017
9.6897
9.5456
9.6075
9.7039
9.7935
9.7639
9.6286
9.7144
9.7996
10.0430
10.1242
10.0122
9.8127
9.7098
9.8262
10.2308
10.1361
10.0932
10.1863
10.6297
10.8191
10.2461
9.8336
10.1755
10.0393
9.7826
9.6969
9.3056
9.2316
9.1550
9.0200
8.7722
8.3503
8.1417
7.9971
7.8924
7.7345
7.4827
7.1331
6.9333
6.8338
6.7764
6.5830
6.9092
6.8333
6.7102
6.7519
6.7469
6.7606
6.8532
6.7567
6.6137
6.6167
6.5880
6.1415
5.8642
5.7685
5.6548
5.5757
5.8743
6.2265
6.3103
6.1526
6.0942
6.1518
5.7969
6.1829
6.7896
6.4715
6.5571
6.2394
6.1718
6.3880
5.0436
5.1784
5.1905
4.4753
4.9953
4.7040
5.6611
6.1999
4.9166
4.9387
4.9672
5.1051
5.7733
5.5988
5.3967
5.6154
5.8969
5.9223
5.7571
5.4843
6.1345
6.7699
7.2800
7.8628
7.5591
7.5632
7.8791
8.0828
8.8696
9.2080
9.2423
9.1266
9.4951
9.5697
10.0370
10.2332
10.3712
10.5092
10.6303
10.9101
10.9666
11.1223
11.0552
10.9702
10.8083
10.6490
10.2821
9.8303
9.3620
8.7632
8.6488
8.7016
8.7032
8.6956
8.7696
8.9008
9.0588
9.1929
9.2824
9.2110
9.1128
9.0160
8.9428
8.8145
8.6600
8.5723
8.5515
8.5727
8.5502
8.4699
8.3794
8.3284
8.2337
