-13.2618
-13.2455
-13.1733
-13.0884
-13.0764
-13.1036
-13.1340
-13.1640
-13.1760
-13.1826
-13.1826
-13.1731
-13.1575
-13.1496
-13.1573
-13.1606
-13.1711
-13.1818
-13.1737
-13.1648
-13.1616
-13.1447
-13.1507
-13.1646
-13.1659
-13.1652
-13.1650
-13.1510
-13.1279
-13.0917
-13.0595
-13.0391
-13.0170
-12.9951
-12.9824
-12.9647
-12.9335
-12.8944
-12.8414
-12.7807
-12.7249
-12.6879
-12.6698
-12.6547
-12.5943
-12.4700
-12.4790
-12.4785
-12.4521
-12.4278
-12.4118
-12.4083
-12.4106
-12.4188
-12.4368
-12.4678
-12.5087
-12.5466
-12.5910
-12.6468
-12.7173
-12.7944
-12.8814
-12.9508
-13.0290
-13.0595
-13.0837
-13.0949
-13.0939
-13.1091
-13.1237
-13.1435
-13.1538
-13.1438
-13.1306
-13.1221
-13.0890
-13.0992
-13.1098
-13.0953
-13.0692
-13.0231
-12.9887
-12.9786
-12.9947
-13.0205
-13.0308
-13.0272
-13.0180
-13.0305
-13.0526
-13.0779
-13.0847
-13.0779
-13.0699
-13.0666
-13.0693
-13.0642
-13.0570
-13.0457
-13.0329
-13.0188
-13.0235
-13.0417
-13.0404
-13.0315
-13.0159
-12.9948
-12.9738
-12.9577
-12.9464
-12.9383
-12.9345
-12.9381
-12.9483
-12.9631
-12.9431
-12.9433
-12.8928
-12.8488
-12.8210
-12.7946
-12.7666
-12.7294
-12.6710
-12.5920
-12.5056
-12.4237
-12.3439
-12.2663
-12.2060
-12.1303
-12.0478
-11.9922
-11.9477
-11.9037
-11.8720
-11.8247
-11.7564
-11.7467
-11.7592
-11.8056
-11.8624
-11.9238
-11.9758
-12.0231
-12.0717
-12.1525
-12.2325
-12.3148
-12.4053
-12.5000
-12.5857
-12.6621
-12.7266
-12.7894
-12.8512
-12.9114
-12.9626
-13.0155
-13.0770
-13.1136
-13.1436
-13.1664
-13.1797
-13.1889
-13.1932
-13.1960
-13.1945
-13.1945
-13.1909
-13.1862
-13.1845
-13.1823
-13.1804
-13.1826
-13.1832
-13.1815
-13.1754
-13.1641
-13.1513
-13.1461
-13.1384
-13.1262
-13.1136
-13.1014
-13.0897
-13.0799
-13.0635
-13.0496
-13.0373
-13.0248
-13.0032
-13.0026
-13.0141
-13.0055
-13.0026
-13.0182
-12.9515
-12.9030
-12.9277
-12.9373
-12.9538
-12.9496
-12.9508
-12.9563
-12.9451
-12.9365
-12.9335
-12.9136
-12.8807
-12.8572
-12.8299
-12.8158
-12.8020
-12.8012
-12.7880
-12.7474
-12.7206
-12.6977
-12.6625
-12.6368
-12.6192
-12.6317
-12.6289
-12.6166
-12.6298
-12.6322
-12.6072
-12.5612
-12.5137
-12.4808
-12.4448
-12.4069
-12.3944
-12.4001
-12.4338
-12.4604
-12.5064
-12.5257
-12.5516
-12.5423
-12.5177
-12.5116
-12.5180
-12.5268
-12.5353
-12.5483
-12.5746
-12.5835
-12.5871
-12.5905
-12.6060
-12.6128
-12.6092
-12.5518
-12.5749
-12.6456
-12.6506
-12.6536
-12.6359
-12.6101
-12.6049
-12.6013
-12.5970
-12.5973
-12.5747
-12.5454
-12.5352
-12.5218
-12.4869
-12.4682
-12.4549
-12.4341
-12.3971
-12.4055
-12.4205
-12.4326
-12.4476
-12.4426
-12.4237
-12.4045
-12.3861
-12.3562
-12.3294
-12.3293
-12.3348
-12.3691
-12.3789
-12.3908
-12.4298
-12.4138
-12.3694
-12.4252
-12.4368
-12.3822
-12.3624
-12.3827
-12.4556
-12.5287
-12.5771
-12.6484
-12.7465
-12.5914
-12.6526
-12.8556
-12.7944
-12.7089
-12.5982
-12.4168
-12.2984
-12.3224
-12.3215
-12.2144
-12.0605
-11.7650
-11.4698
-11.1808
-10.8913
-10.9996
-11.0180
-10.8254
-10.7117
-10.5520
-10.4009
-10.5641
-10.6111
-10.6210
-10.5039
-10.4162
-10.5127
-10.7848
-11.0802
-11.2846
-11.3076
-11.3644
-11.4516
-11.5496
-11.6826
-11.7742
-11.9570
-12.1659
-12.4175
-12.6710
-12.8791
-13.0389
-13.1915
-13.2942
-13.3896
-13.5068
-13.6122
-13.6790
-13.7159
-13.7527
-13.8208
-13.9291
-14.0055
-14.0620
-14.1201
-14.1724
-14.2146
-14.2372
-14.2640
-14.2701
-14.2870
-14.2932
-14.3221
-14.3698
-14.4215
-14.4622
-14.4836
-14.4978
-14.4965
-14.4743
-14.4321
-14.3746
-14.3266
