-3.9268
-3.9775
-4.4160
-5.1636
-5.7955
-6.0956
-6.3226
-6.2522
-6.4157
-6.4473
-6.4742
-6.5103
-6.5803
-6.5594
-6.3579
-6.2274
-6.0989
-5.9394
-5.7670
-5.5504
-5.3465
-5.4786
-5.4714
-5.5086
-5.4903
-5.5462
-5.6319
-5.7459
-5.9042
-6.0081
-6.1377
-6.2775
-6.4081
-6.5259
-6.6217
-6.5976
-6.5230
-6.5030
-6.4904
-6.4610
-6.4167
-6.4068
-6.4055
-6.3997
-6.2497
-6.1678
-6.1347
-6.0307
-5.9064
-5.7831
-5.6981
-5.6923
-5.7060
-5.6966
-5.6782
-5.6570
-5.6353
-5.5947
-5.5449
-5.4935
-5.3788
-5.2925
-5.2427
-5.3708
-5.5664
-6.0671
-6.3156
-6.2623
-6.1667
-5.7895
-5.7344
-6.0742
-6.0566
-5.8031
-5.7567
-5.6586
-5.7185
-5.2760
-5.0769
-5.1599
-5.2941
-5.5513
-5.7330
-5.7778
-5.8376
-5.7756
-5.7636
-5.8542
-5.9044
-5.8761
-5.7894
-5.7261
-5.6746
-5.6432
-5.6777
-5.7606
-5.8837
-6.0456
-6.3251
-6.5728
-6.7763
-6.9865
-7.1015
-7.0794
-6.9816
-6.8500
-6.7504
-6.8103
-7.0144
-7.1492
-7.0860
-7.1303
-7.1735
-7.1549
-7.0779
-6.9148
-6.7510
-6.5666
-6.5832
-6.5443
-6.5611
-6.5703
-6.6217
-6.7578
-6.9462
-7.1274
-7.2802
-7.4111
-7.5276
-7.6365
-7.6376
-7.5157
-7.3854
-7.3639
-7.3942
-7.3787
-7.3712
-7.4010
-7.4164
-7.4969
-7.6102
-7.6531
-7.6399
-7.6033
-7.6109
-7.6687
-7.7643
-7.8789
-8.0271
-8.1674
-8.2780
-8.3009
-8.2545
-8.1483
-8.0510
-8.0136
-8.0243
-8.0459
-8.1789
-8.3074
-8.4703
-8.5483
-8.5839
-8.5619
-8.5322
-8.5280
-8.4864
-8.4555
-8.4331
-8.4233
-8.4262
-8.4016
-8.3544
-8.3027
-8.2338
-8.1965
-8.1871
-8.2062
-8.2117
-8.1903
-8.1914
-8.1139
-7.9343
-7.6906
-7.5744
-7.4987
-7.3639
-7.2682
-7.5586
-7.5306
-7.4665
-7.5629
-7.4602
-6.9289
-6.4556
-7.1013
-7.4551
-7.1495
-7.7453
-8.2414
-8.5225
-8.6537
-8.1766
-7.9636
-7.8761
-7.7618
-7.6123
-7.9147
-8.0234
-8.0967
-7.7688
-7.6047
-8.0631
-7.4754
-7.6477
-7.4450
-7.7895
-8.2535
-8.4766
-8.5841
-8.8612
-9.2552
-9.3665
-9.3321
-9.2475
-8.4857
-8.1833
-8.7025
-9.2121
-9.6374
-9.7140
-9.5944
-9.4311
-9.4709
-9.5044
-9.5061
-9.3290
-8.9571
-8.6946
-8.6969
-9.0735
-9.3720
-9.2770
-9.0586
-8.8571
-8.9996
-9.4618
-9.2548
-9.1240
-9.2985
-9.8102
-10.1059
-9.5383
-9.1795
-9.6729
-9.6251
-9.2804
-9.1179
-8.7207
-8.8696
-8.8906
-8.6706
-8.5445
-8.2138
-8.0248
-7.9710
-7.8740
-7.7197
-7.4767
-7.1259
-6.9027
-6.7799
-6.7186
-6.5127
-6.7946
-6.6745
-6.4760
-6.4652
-6.4529
-6.4275
-6.5548
-6.4713
-6.2856
-6.2862
-6.2135
-5.6457
-5.2061
-4.9404
-4.6338
-4.2621
-4.0104
-3.9461
-4.0579
-3.6174
-3.4868
-4.3995
-4.4428
-4.1686
-3.4979
-3.5798
-4.1488
-2.8490
-1.1534
-3.4237
-1.7987
-1.5458
-2.7382
-2.0219
-2.2139
-1.7285
-2.4876
-3.0310
-2.3918
-2.2601
-1.6787
-0.8281
-0.8507
-0.4662
-0.3494
-0.9492
-0.8352
-0.3478
-0.1438
0.2907
0.3436
0.0418
0.4402
0.4406
1.1371
1.8963
0.7877
0.7031
0.5230
0.4970
0.4907
0.4911
1.0038
1.1466
1.4181
1.4923
1.4666
1.2792
0.9934
0.9222
0.6145
0.3468
0.0598
0.0743
-0.1107
-0.5042
-0.8537
-0.9203
-0.7879
-0.5400
-0.3714
0.0018
0.3972
0.6495
0.9993
1.1870
1.4608
1.5694
1.4298
1.2473
1.3357
1.5904
1.8159
1.9805
2.1652
2.2709
2.2760
2.3717
2.3807
2.2471
2.1295
1.9990
1.8647
