-4.4163
-4.6684
-5.2065
-5.5899
-5.6813
-5.6734
-5.5024
-5.3422
-5.1361
-5.0803
-4.9137
-4.9446
-5.1644
-5.2585
-5.0570
-4.7500
-4.4111
-4.1443
-3.8188
-3.7227
-3.7352
-3.8877
-4.0065
-3.9886
-4.0354
-4.1032
-4.1875
-4.2576
-4.2486
-4.0484
-3.8212
-3.5448
-3.1106
-2.6676
-2.2790
-1.9237
-1.6003
-1.3321
-1.0758
-0.9103
-0.7908
-0.7261
-0.6557
-0.5874
-0.4762
-0.3600
-0.5038
-0.6791
-0.7705
-0.8198
-0.8739
-0.9397
-1.0310
-1.0699
-1.1087
-1.1108
-1.0116
-0.9761
-1.0290
-1.1880
-1.4354
-1.6486
-1.8572
-1.8853
-1.9853
-2.2521
-2.3950
-2.1741
-1.8567
-1.4626
-1.4219
-1.1952
-0.9416
-0.6240
-0.4708
-0.4725
-0.7566
-0.6826
-0.7251
-0.9355
-1.2344
-1.7334
-2.0957
-2.1507
-2.0453
-1.8200
-1.5994
-1.4592
-1.2316
-0.9563
-0.7000
-0.4476
-0.3755
-0.4463
-0.6069
-0.6847
-0.7236
-0.8032
-0.8220
-0.8284
-0.7862
-0.7788
-0.8171
-0.9129
-1.0202
-0.9966
-0.9026
-0.7506
-0.6884
-0.6167
-0.4291
-0.2884
-0.1867
-0.0512
0.1236
0.4200
0.7947
0.8685
0.8499
0.9639
1.0599
1.1455
1.2610
1.4023
1.4212
1.4163
1.4935
1.5325
1.4934
1.4346
1.3753
1.3916
1.4233
1.4547
1.5194
1.5234
1.5160
1.5446
1.5149
1.4087
1.3123
1.1979
1.0445
0.8694
0.7035
0.5482
0.4132
0.2148
0.0646
-0.0461
-0.1394
-0.1965
-0.1399
0.0085
0.1997
0.3345
0.3901
0.4254
0.4940
0.5339
0.5470
0.6385
0.6449
0.6889
0.7567
0.8731
0.9742
1.0770
1.2074
1.3510
1.4527
1.6407
1.8266
2.0050
2.1437
2.2331
2.3011
2.3811
2.4625
2.4814
2.4595
2.4011
2.4759
2.6866
2.7256
2.6822
2.6802
2.6303
2.3967
2.2595
2.1551
2.0607
1.7430
1.8200
2.2903
2.1194
2.4071
1.6573
1.5756
1.5596
1.3140
1.3690
1.2642
0.9497
0.6858
0.4193
0.2376
0.0804
-0.1186
-0.1719
-0.4075
-0.7275
-0.5691
-0.9755
-1.3510
-1.8102
-1.9098
-1.7176
-1.7473
-1.8731
-1.7330
-1.4461
-1.4295
-1.4580
-1.3269
-1.8029
-2.6084
-2.3686
-1.9404
-1.6189
-1.3080
-1.3559
-1.4743
-1.6144
-1.9576
-2.3551
-2.8815
-3.5325
-4.3329
-4.5161
-4.3051
-3.8294
-3.7660
-3.7725
-3.9790
-3.9448
-3.8913
-4.1339
-4.3157
-4.1591
-4.0927
-3.8633
-3.7421
-3.5265
-3.1585
-2.8542
-3.0941
-3.3004
-3.2471
-2.5601
-2.1846
-2.4864
-1.9861
-1.5033
-1.3746
-0.6453
-0.5385
-0.4786
-0.2981
-0.3207
-0.6500
-0.8568
-0.8833
-0.9597
-1.2530
-1.4649
-1.7575
-1.9468
-1.9701
-2.0961
-2.0002
-1.9429
-2.0574
-2.0650
-2.1896
-2.4173
-2.6990
-2.9779
-3.2411
-3.5949
-4.2923
-4.8164
-4.8325
-4.9769
-4.9982
-4.2998
-3.7237
-4.5662
-5.8192
-5.3912
-5.0777
-5.5510
-6.0630
-5.3930
-4.7120
-4.9423
-4.4095
-3.9925
-4.4779
-4.3750
-5.0853
-5.4084
-4.2956
-4.3912
-4.6749
-5.0375
-5.7103
-5.5793
-5.3854
-5.5346
-5.8375
-5.9121
-5.7553
-5.4766
-6.1249
-6.7697
-7.2667
-7.8505
-7.4731
-7.3216
-7.8396
-8.0522
-8.8542
-9.1946
-9.2293
-9.1134
-9.4419
-9.5007
-9.9363
-10.1238
-10.2670
-10.4311
-10.5838
-10.8710
-10.9493
-11.1169
-11.0550
-10.9699
-10.8078
-10.6370
-10.2466
-9.7871
-9.3288
-8.7466
-8.6409
-8.7016
-8.6942
-8.6713
-8.7125
-8.8213
-8.9402
-9.0580
-9.1717
-9.1262
-9.0144
-8.8746
-8.7565
-8.5891
-8.3849
-8.2660
-8.2430
-8.2380
-8.2121
-8.1664
-8.1043
-8.0849
-8.0198
