0.0002
0.0100
0.0177
0.0171
0.0112
0.0097
0.0092
0.0092
0.0092
0.0087
0.0074
0.0025
0.0003
0.0051
0.0071
0.0094
0.0133
0.0145
0.0118
0.0124
0.0123
0.0091
0.0112
0.0113
0.0073
0.0027
0.0008
-0.0020
-0.0034
-0.0024
0.0001
-0.0007
-0.0020
-0.0029
-0.0029
-0.0043
-0.0057
-0.0092
-0.0123
-0.0133
-0.0144
-0.0125
-0.0123
-0.0122
-0.0178
-0.0203
-0.0196
-0.0197
-0.0200
-0.0206
-0.0197
-0.0190
-0.0176
-0.0163
-0.0152
-0.0139
-0.0130
-0.0116
-0.0085
-0.0055
-0.0016
0.0016
0.0046
0.0073
0.0117
0.0082
0.0106
0.0060
0.0135
0.0063
0.0004
0.0086
0.0101
0.0055
0.0007
0.0009
-0.0005
0.0086
0.0003
-0.0033
-0.0068
-0.0095
-0.0039
-0.0002
0.0033
0.0033
0.0002
-0.0009
0.0011
0.0048
0.0076
0.0083
0.0053
0.0025
0.0019
0.0021
0.0017
-0.0006
-0.0006
0.0001
0.0001
-0.0018
-0.0028
-0.0000
0.0010
0.0029
0.0020
0.0007
0.0012
0.0034
0.0024
0.0007
0.0024
0.0050
0.0080
0.0134
0.0092
0.0080
0.0084
0.0097
0.0068
0.0052
0.0007
-0.0045
-0.0091
-0.0105
-0.0113
-0.0135
-0.0147
-0.0149
-0.0133
-0.0135
-0.0153
-0.0168
-0.0162
-0.0155
-0.0142
-0.0124
-0.0102
-0.0073
-0.0054
-0.0033
-0.0020
-0.0015
-0.0012
-0.0000
0.0014
0.0029
0.0022
0.0010
-0.0001
0.0003
0.0006
0.0000
-0.0004
-0.0003
-0.0001
0.0013
0.0031
0.0069
0.0114
0.0091
0.0114
0.0117
0.0127
0.0127
0.0119
0.0111
0.0108
0.0108
0.0119
0.0132
0.0134
0.0137
0.0135
0.0131
0.0117
0.0103
0.0093
0.0063
0.0062
0.0085
0.0120
0.0106
0.0097
0.0094
0.0112
0.0104
0.0091
0.0116
0.0126
0.0090
0.0152
0.0226
0.0082
0.0020
0.0156
0.0200
-0.0220
0.0006
0.0111
0.0157
0.0169
0.0088
0.0143
0.0144
0.0108
0.0056
0.0120
0.0155
0.0159
0.0118
0.0059
0.0339
0.0262
0.0247
-0.0017
0.0044
0.0089
0.0040
0.0038
0.0039
0.0231
0.0207
0.0308
0.0497
0.0089
-0.0098
-0.0150
-0.0135
-0.0061
-0.0004
0.0011
0.0054
0.0094
0.0208
0.0223
0.0208
0.0121
0.0014
-0.0069
-0.0074
0.0042
0.0045
0.0071
0.0043
0.0216
0.0238
0.0215
0.0156
0.0096
0.0220
0.0354
0.0202
0.0088
0.0223
0.0221
0.0248
0.0193
0.0115
0.0098
0.0068
0.0114
0.0108
0.0175
0.0144
0.0097
0.0137
0.0143
0.0122
0.0108
0.0112
0.0099
0.0047
0.0082
0.0133
0.0127
0.0136
0.0119
0.0066
0.0096
0.0109
0.0094
0.0060
0.0114
0.0119
0.0162
0.0191
0.0137
0.0110
0.0150
0.0056
0.0109
0.0406
0.0015
0.0020
0.0061
0.0021
0.0388
-0.0131
0.0405
0.0262
0.0044
-0.0273
0.0663
0.0033
0.0015
0.0099
-0.0020
0.0097
-0.0032
-0.0024
-0.0023
0.0020
-0.0146
0.0044
0.0146
0.0093
0.0401
0.0369
0.0218
0.0331
0.0616
0.0624
0.0662
0.0718
0.0793
0.0889
0.0865
0.0784
0.0715
0.0820
0.0814
0.0720
0.0699
0.0763
0.0747
0.0746
0.0654
0.0581
0.0498
0.0468
0.0540
0.0530
0.0472
0.0392
0.0280
0.0209
0.0140
0.0019
-0.0019
-0.0015
0.0020
0.0074
0.0127
0.0078
0.0054
0.0027
-0.0030
-0.0045
-0.0049
0.0007
-0.0037
-0.0059
-0.0071
-0.0078
-0.0045
-0.0017
-0.0005
0.0003
0.0024
0.0024
0.0005
-0.0008
-0.0024
-0.0027
-0.0000
