3.9820
4.0090
4.0770
4.1580
4.2310
4.3300
4.4230
4.5400
4.5980
4.6910
4.7720
4.7850
4.8450
4.8380
4.8690
4.8760
4.8550
4.8270
4.7730
4.6790
4.5020
4.3740
3.9890
3.8400
3.8360
3.8910
3.8620
3.8870
3.9370
3.9860
4.0250
4.0830
4.2410
4.4640
4.6860
4.8060
4.9650
5.0890
5.2180
5.3310
5.3520
5.3410
5.3390
5.3220
5.3000
5.2910
5.2420
5.2070
5.2230
5.2210
5.1640
5.1180
5.0620
4.9890
4.9870
4.9850
4.8510
4.7080
4.6030
4.5040
4.3950
4.3040
4.2900
4.4430
4.5030
4.4780
4.4970
4.5530
4.5560
4.5400
4.5110
4.4990
4.4810
4.4900
4.5440
4.5830
4.5530
4.4980
4.4480
4.4430
4.4450
4.4500
4.4770
4.5370
4.6100
4.6620
4.6810
4.6630
4.6910
4.7560
4.8320
4.8650
4.8920
4.8800
4.8970
4.9240
4.9110
4.8540
4.9170
4.9660
5.0030
5.0050
4.9590
4.9050
4.8540
4.8080
4.7570
4.6970
4.6490
4.6410
4.6590
4.6890
4.6860
4.6610
4.6060
4.5360
4.4160
4.4190
4.4300
4.4200
4.4250
4.4430
4.4510
4.4650
4.4680
4.5100
4.5860
4.7050
4.7810
4.8850
4.9680
5.0350
5.1270
5.2160
5.3010
5.3970
5.5180
5.6120
5.6410
5.6130
5.5860
5.5490
5.5440
5.5410
5.5490
5.5700
5.6120
5.6380
5.6320
5.6570
5.6970
5.6960
5.6680
5.5860
5.4970
5.4680
5.4280
5.3940
5.3260
5.2550
5.2740
5.4330
5.4860
5.5460
5.5940
5.6590
5.7600
5.8630
5.9750
6.0690
6.1480
6.1820
6.1590
6.1430
6.1440
6.1280
6.1050
6.1040
6.1450
6.1900
6.2110
6.2720
6.3410
6.3920
6.4340
6.4350
6.4220
6.4110
6.4270
6.3850
6.3440
6.3440
6.3250
6.2530
6.1870
6.1580
6.1490
6.1270
6.0750
6.0280
6.0320
6.0390
6.0390
6.0390
6.0570
6.1080
6.1290
6.1570
6.1290
6.1060
6.0760
5.8550
5.6870
5.5620
5.5260
5.6210
5.9600
6.2160
6.2460
6.2210
6.1660
6.0750
6.0610
6.1250
6.1420
6.2810
6.3630
6.3930
6.2600
6.1910
5.9810
5.8200
5.8140
5.7280
5.3010
4.8860
4.9380
5.0280
5.0830
5.1360
5.2470
5.2550
5.0740
4.9140
4.9040
4.9000
4.8560
4.8390
4.8770
4.9810
5.0870
5.1010
5.0890
5.0960
5.0420
5.1740
5.3290
5.4940
5.5240
5.5580
5.6060
5.6360
5.7680
5.8770
5.8580
5.7430
5.6850
5.6740
5.6750
5.6860
5.7000
5.6610
5.6010
5.5990
5.6020
5.4710
5.3140
5.2170
5.1580
5.1330
4.9650
4.7540
4.8030
4.9470
5.0480
5.2420
5.4170
5.3810
5.2850
5.1660
5.5010
5.5410
5.2050
5.3610
5.5080
5.7190
5.8730
6.0170
6.1290
6.4620
6.6080
6.6490
6.5010
6.3730
6.1580
5.9820
5.6600
5.5700
6.0060
5.9460
6.1190
6.2820
6.2240
6.2640
6.5370
6.8040
6.8540
6.8640
6.8080
6.6770
6.4140
6.2010
6.2250
6.3860
6.3480
6.3150
6.2950
6.1790
6.0990
6.0510
5.9950
5.9980
5.9980
5.9680
5.8430
5.7860
5.7390
5.7040
5.6440
5.6460
5.6560
5.6670
5.6370
5.6260
5.5830
5.6250
5.6890
5.6720
5.4910
5.3530
5.2300
5.1020
4.9210
5.0090
5.1480
5.1790
5.2420
5.2300
5.2010
5.1960
5.2300
5.2720
5.3370
5.4060
5.5710
5.7750
5.7620
5.7460
5.7810
5.8520
5.9010
5.9010
5.7670
5.6050
5.5200
5.4990
5.4090
