1622.8000
1635.1000
1629.1000
1623.3000
1637.5000
1630.4000
1629.2000
1643.3000
1632.1000
1627.0000
1621.5000
1631.1000
1612.4000
1624.9000
1625.4000
1638.8000
1655.5000
1663.9000
1664.2000
1666.8000
1669.2000
1680.0000
1689.2000
1697.9000
1693.1000
1697.6000
1704.4000
1705.5000
1714.4000
1718.2000
1722.5000
1720.2000
1724.6000
1726.9000
1729.0000
1738.9000
1740.9000
1743.6000
1744.6000
1730.2000
1724.3000
1723.5000
1723.4000
1722.8000
1715.6000
1705.7000
1692.0000
1682.3000
1675.1000
1668.8000
1665.3000
1663.1000
1655.5000
1647.9000
1639.2000
1634.0000
1630.2000
1624.0000
1617.8000
1610.3000
1605.3000
1602.5000
1596.7000
1589.4000
1585.3000
1582.9000
1581.1000
1574.4000
1573.0000
1568.4000
1568.3000
1568.8000
1571.3000
1574.4000
1576.9000
1582.0000
1588.3000
1595.1000
1600.8000
1601.6000
1604.7000
1612.0000
1613.4000
1615.5000
1618.6000
1621.6000
1623.1000
1594.8000
1568.3000
1557.9000
1551.8000
1555.8000
1545.8000
1533.4000
1510.1000
1494.7000
1493.1000
1491.3000
1485.9000
1491.7000
1482.1000
1476.8000
1475.8000
1478.2000
1482.7000
1487.3000
1491.7000
1490.4000
1489.6000
1491.6000
1491.6000
1517.9000
1542.6000
1548.1000
1549.3000
1542.6000
1549.4000
1561.5000
1579.1000
1588.3000
1588.0000
1588.4000
1590.2000
1584.7000
1587.2000
1587.8000
1582.2000
1578.5000
1574.3000
1575.3000
1576.3000
1581.2000
1583.3000
1582.9000
1586.9000
1568.0000
1549.1000
1544.9000
1542.0000
1543.9000
1538.9000
1530.6000
1515.6000
1506.0000
1504.1000
1498.7000
1493.6000
1497.6000
1490.9000
1486.1000
1481.1000
1477.2000
1469.0000
1459.7000
1446.1000
1431.7000
1419.8000
1413.3000
1402.5000
1414.2000
1416.2000
1418.1000
1421.1000
1422.1000
1427.3000
1432.6000
1440.9000
1445.4000
1446.8000
1452.3000
1458.7000
1458.7000
1468.1000
1473.9000
1481.7000
1493.5000
1496.5000
1503.6000
1508.2000
1511.7000
1518.5000
1524.5000
1532.8000
1498.7000
1467.7000
1458.0000
1453.7000
1464.3000
1458.8000
1446.5000
1424.8000
1412.0000
1412.3000
1412.0000
1409.7000
1428.8000
1433.2000
1428.8000
1420.5000
1418.1000
1419.4000
1421.8000
1430.5000
1426.6000
1425.2000
1429.6000
1434.0000
1471.2000
1511.8000
1529.8000
1542.4000
1545.3000
1561.4000
1582.8000
1604.7000
1621.9000
1629.0000
1636.2000
1648.5000
1641.2000
1647.1000
1657.2000
1661.9000
1666.2000
1672.4000
1666.6000
1661.0000
1662.3000
1673.4000
1674.5000
1685.6000
1663.0000
1628.8000
1615.8000
1622.7000
1646.1000
1623.9000
1602.8000
1581.6000
1569.4000
1563.6000
1558.1000
1562.7000
1571.9000
1562.2000
1548.3000
1539.2000
1530.9000
1522.8000
1509.6000
1496.1000
1485.4000
1479.2000
1475.2000
1472.7000
1486.9000
1503.7000
1508.2000
1511.4000
1509.7000
1515.4000
1522.1000
1533.4000
1540.4000
1547.5000
1558.6000
1569.1000
1559.8000
1560.2000
1566.5000
1572.7000
1584.4000
1590.0000
1593.9000
1590.5000
1598.3000
1611.8000
1619.3000
1627.2000
1600.2000
1578.7000
1579.6000
1580.1000
1586.7000
1577.6000
1565.6000
1540.1000
1530.8000
1536.6000
1541.5000
1523.9000
1545.9000
1564.2000
1549.3000
1544.0000
1534.9000
1539.4000
1537.5000
1545.0000
1535.3000
1526.4000
1525.2000
1530.8000
1553.6000
1584.3000
1599.9000
1615.5000
1612.2000
1606.1000
1625.7000
1644.2000
1657.3000
1668.3000
1669.5000
1673.5000
1655.1000
1652.0000
1653.9000
1656.9000
1660.4000
1665.3000
1671.3000
1667.1000
1661.9000
1663.8000
1666.9000
1672.3000
1652.9000
1628.6000
1614.1000
1600.9000
1591.8000
1574.7000
1561.9000
1544.1000
1532.4000
1528.1000
1524.9000
1520.1000
1530.9000
1526.5000
1511.6000
1503.1000
1491.7000
1487.8000
1478.4000
1474.4000
1469.5000
1468.5000
1475.5000
1478.8000
1493.9000
1516.2000
1516.4000
1518.3000
1519.1000
1524.0000
1533.7000
1546.7000
1555.0000
1556.2000
1558.0000
1564.0000
1559.1000
1558.2000
1567.5000
1577.4000
1585.1000
1587.7000
1593.3000
1594.3000
1598.0000
1606.3000
1613.4000
1617.4000
1589.4000
1562.2000
