5.5191
5.5619
5.6694
5.7984
5.9128
6.0704
6.2174
6.4043
6.4953
6.6429
6.7717
6.7930
6.8878
6.8773
6.9257
6.9363
6.9029
6.8596
6.7734
6.6237
6.3431
6.1403
5.5301
5.2926
5.2861
5.3736
5.3279
5.3681
5.4469
5.5242
5.5873
5.6779
5.9292
6.2825
6.6349
6.8257
7.0779
7.2744
7.4803
7.6587
7.6929
7.6745
7.6714
7.6443
7.6092
7.5954
7.5184
7.4625
7.4879
7.4842
7.3947
7.3215
7.2329
7.1171
7.1138
7.1097
6.8977
6.6704
6.5038
6.3468
6.1740
6.0290
6.0071
6.2504
6.3450
6.3059
6.3355
6.4246
6.4291
6.4031
6.3579
6.3380
6.3095
6.3244
6.4107
6.4715
6.4245
6.3366
6.2579
6.2505
6.2524
6.2618
6.3038
6.3992
6.5144
6.5972
6.6270
6.5993
6.6432
6.7462
6.8675
6.9198
6.9631
6.9430
6.9707
7.0126
6.9928
6.9026
7.0027
7.0800
7.1387
7.1417
7.0686
6.9833
6.9019
6.8290
6.7485
6.6534
6.5766
6.5649
6.5924
6.6407
6.6348
6.5954
6.5092
6.3979
6.2075
6.2118
6.2297
6.2141
6.2220
6.2504
6.2619
6.2854
6.2902
6.3562
6.4776
6.6655
6.7867
6.9517
7.0833
7.1888
7.3346
7.4759
7.6118
7.7636
7.9561
8.1053
8.1515
8.1059
8.0643
8.0052
7.9965
7.9930
8.0052
8.0387
8.1046
8.1462
8.1374
8.1767
8.2394
8.2378
8.1940
8.0633
7.9222
7.8757
7.8131
7.7586
7.6512
7.5387
7.5691
7.8201
7.9046
8.0004
8.0770
8.1792
8.3397
8.5030
8.6814
8.8308
8.9548
9.0097
8.9724
8.9475
8.9485
8.9239
8.8864
8.8856
8.9507
9.0217
9.0549
9.1527
9.2615
9.3425
9.4099
9.4111
9.3903
9.3734
9.3986
9.3307
9.2657
9.2662
9.2363
9.1224
9.0173
8.9719
8.9574
8.9213
8.8391
8.7651
8.7708
8.7820
8.7823
8.7821
8.8105
8.8921
8.9256
8.9689
8.9249
8.8882
8.8415
8.4910
8.2240
8.0260
7.9688
8.1187
8.6565
9.0636
9.1116
9.0709
8.9845
8.8396
8.8171
8.9197
8.9458
9.1670
9.2966
9.3438
9.1329
9.0240
8.6899
8.4344
8.4259
8.2897
7.6109
6.9536
7.0348
7.1786
7.2650
7.3488
7.5260
7.5391
7.2519
6.9970
6.9817
6.9757
6.9052
6.8777
6.9378
7.1030
7.2715
7.2933
7.2746
7.2865
7.1998
7.4092
7.6558
7.9172
7.9648
8.0188
8.0950
8.1423
8.3523
8.5258
8.4945
8.3127
8.2208
8.2033
8.2052
8.2221
8.2443
8.1833
8.0875
8.0837
8.0897
7.8810
7.6320
7.4776
7.3849
7.3447
7.0782
6.7440
6.8212
7.0501
7.2105
7.5175
7.7949
7.7391
7.5859
7.3970
7.9286
7.9917
7.4588
7.7069
7.9397
8.2747
8.5186
8.7481
8.9245
9.4537
9.6853
9.7499
9.5150
9.3130
8.9716
8.6923
8.1803
8.0390
8.7300
8.6348
8.9097
9.1679
9.0763
9.1401
9.5726
9.9970
10.0761
10.0911
10.0028
9.7946
9.3781
9.0390
9.0771
9.3330
9.2731
9.2201
9.1884
9.0045
8.8776
8.8019
8.7128
8.7169
8.7176
8.6699
8.4707
8.3804
8.3062
8.2514
8.1550
8.1587
8.1748
8.1929
8.1449
8.1268
8.0590
8.1252
8.2264
8.1999
7.9132
7.6935
7.4984
7.2958
7.0092
7.1476
7.3688
7.4183
7.5177
7.4989
7.4523
7.4450
7.4981
7.5660
7.6688
7.7775
8.0395
8.3643
8.3431
8.3171
8.3726
8.4852
8.5632
8.5627
8.3502
8.0934
7.9590
7.9262
7.7833
