-11.0877
-10.9870
-10.9144
-10.8274
-10.6965
-10.5878
-10.4982
-10.4069
-10.3326
-10.2711
-10.2183
-10.1685
-10.1226
-10.1004
-10.1039
-10.1358
-10.1802
-10.2213
-10.2616
-10.3301
-10.4629
-10.5161
-10.5158
-10.3833
-10.2644
-10.0378
-9.8329
-9.6496
-9.5147
-9.3969
-9.2758
-9.1608
-9.0212
-8.8613
-8.7745
-8.7358
-8.7305
-8.7352
-8.7540
-8.7535
-8.7557
-8.7862
-8.8236
-8.8540
-8.8842
-8.9206
-8.9606
-9.0116
-9.0547
-9.1124
-9.2274
-9.3592
-9.4894
-9.6274
-9.7422
-9.8752
-10.0376
-10.1904
-10.3238
-10.4443
-10.5722
-10.6965
-10.7862
-10.8739
-11.0304
-11.0472
-11.1375
-11.1701
-11.2134
-11.2478
-11.2870
-11.3199
-11.3510
-11.3755
-11.3895
-11.4017
-11.4236
-11.4478
-11.4674
-11.4859
-11.4990
-11.4983
-11.4889
-11.4875
-11.4853
-11.4872
-11.4913
-11.4870
-11.4724
-11.4566
-11.4354
-11.4104
-11.3879
-11.3710
-11.3515
-11.3258
-11.3042
-11.2932
-11.2744
-11.2589
-11.2472
-11.2399
-11.2425
-11.2501
-11.2598
-11.2709
-11.2844
-11.2960
-11.3074
-11.3155
-11.3185
-11.3205
-11.3204
-11.3248
-11.3341
-11.3205
-11.2985
-11.2588
-11.2198
-11.1735
-11.1204
-11.0554
-10.9860
-10.9013
-10.8026
-10.6995
-10.5970
-10.5003
-10.3961
-10.2709
-10.1669
-10.0827
-10.0175
-9.9744
-9.9552
-9.9628
-9.9959
-10.0389
-10.0742
-10.1129
-10.1855
-10.2628
-10.3201
-10.3484
-10.3415
-10.3373
-10.3662
-10.4043
-10.4212
-10.4061
-10.3587
-10.3189
-10.2532
-10.2171
-10.2142
-10.2458
-10.2975
-10.3557
-10.4340
-10.5062
-10.5643
-10.6053
-10.5579
-10.6257
-10.6727
-10.7076
-10.7091
-10.6861
-10.6533
-10.6253
-10.6117
-10.6040
-10.6030
-10.6141
-10.6255
-10.6357
-10.6372
-10.6351
-10.6347
-10.6328
-10.6384
-10.6358
-10.6289
-10.6241
-10.6197
-10.6199
-10.6156
-10.6153
-10.6169
-10.5978
-10.5630
-10.5393
-10.5248
-10.5366
-10.5494
-10.5633
-10.5811
-10.5925
-10.5890
-10.5873
-10.5806
-10.5707
-10.5545
-10.5320
-10.5032
-10.4778
-10.4644
-10.4624
-10.4503
-10.4132
-10.4774
-10.3990
-10.3784
-10.3304
-10.2592
-10.2054
-10.2253
-10.2743
-10.2991
-10.3057
-10.2654
-10.2027
-10.1479
-10.1778
-10.2216
-10.2029
-10.1774
-10.1365
-10.1140
-10.1057
-10.0965
-10.0634
-10.0015
-9.9416
-9.9115
-9.9324
-9.9107
-9.9008
-9.9841
-10.0599
-10.1260
-10.2118
-10.2905
-10.3585
-10.4212
-10.4764
-10.5265
-10.5524
-10.5894
-10.6459
-10.7209
-10.7984
-10.8572
-10.8705
-10.9025
-10.8987
-10.8878
-10.8679
-10.8617
-10.9239
-10.9371
-10.9452
-10.9142
-10.8754
-10.8782
-10.9074
-10.9254
-10.9342
-10.9392
-10.9380
-10.9482
-10.9526
-10.9687
-10.9738
-10.9749
-10.9883
-11.0233
-11.0379
-11.0545
-11.0667
-11.0779
-11.0821
-11.0489
-11.0652
-11.0423
-10.9786
-10.9009
-10.8922
-10.8996
-10.8992
-10.8930
-10.9207
-11.0162
-11.0488
-11.0475
-10.9557
-10.8920
-10.8235
-10.7460
-10.6729
-10.5818
-10.5460
-10.5434
-10.5557
-10.6124
-10.6045
-10.8074
-10.7984
-10.7422
-10.7294
-10.7335
-10.7333
-10.7580
-10.7307
-10.6482
-10.5918
-10.5828
-10.5575
-10.5009
-10.4475
-10.4411
-10.4334
-10.4153
-10.3876
-10.3872
-10.3981
-10.4230
-10.4584
-10.4848
-10.5067
-10.5194
-10.5261
-10.5271
-10.5464
-10.5887
-10.6553
-10.6930
-10.7160
-10.7453
-10.7817
-10.8182
-10.8414
-10.8475
-10.8530
-10.8716
-10.8940
-10.9083
-10.9397
-10.9861
-11.0334
-11.0806
-11.1289
-11.1743
-11.1827
-11.1538
-11.1802
-11.1736
-11.1708
-11.1646
-11.1565
-11.1453
-11.1291
-11.1099
-11.0929
-11.0631
-10.9620
-10.9893
-11.0221
-11.0209
-10.9910
-10.9651
-10.9582
-11.0445
-11.1450
-11.2173
-11.2479
-11.2624
