-3.6787
-3.7380
-3.9592
-4.1642
-4.3416
-4.4749
-4.5656
-4.7074
-4.7727
-4.8662
-4.9698
-5.0266
-5.1999
-5.1880
-5.2363
-5.2822
-5.2831
-5.3313
-5.3362
-5.2355
-4.9610
-4.7690
-4.3179
-4.2546
-4.3292
-4.3893
-4.3549
-4.5319
-4.7040
-4.8532
-5.0411
-5.2716
-5.5935
-5.9842
-6.3772
-6.5944
-6.8888
-7.1233
-7.3723
-7.5672
-7.6218
-7.6247
-7.6406
-7.6211
-7.5892
-7.5793
-7.5046
-7.4509
-7.4785
-7.4793
-7.3933
-7.3214
-7.2326
-7.1155
-7.1109
-7.1071
-6.8965
-6.6704
-6.5037
-6.3447
-6.1687
-6.0221
-6.0013
-6.2457
-6.3429
-6.3018
-6.3267
-6.4132
-6.4217
-6.3961
-6.3476
-6.3269
-6.2999
-6.3144
-6.4026
-6.4624
-6.4079
-6.2985
-6.1811
-6.1288
-6.0984
-6.0918
-6.1403
-6.2401
-6.3578
-6.4424
-6.4599
-6.4103
-6.4421
-6.5476
-6.6619
-6.6999
-6.7310
-6.6849
-6.6921
-6.7265
-6.7050
-6.6130
-6.7072
-6.7725
-6.8348
-6.8473
-6.7721
-6.6945
-6.6170
-6.5505
-6.4816
-6.3926
-6.3227
-6.3161
-6.3444
-6.3990
-6.4124
-6.3986
-6.3255
-6.2197
-6.0586
-6.0713
-6.0974
-6.0940
-6.1126
-6.1577
-6.1849
-6.2190
-6.2378
-6.3138
-6.4429
-6.6386
-6.7682
-6.9344
-7.0720
-7.1837
-7.3329
-7.4756
-7.6117
-7.7618
-7.9531
-8.0990
-8.1398
-8.0840
-8.0274
-7.9514
-7.9332
-7.9322
-7.9615
-8.0117
-8.0865
-8.1336
-8.1328
-8.1767
-8.2304
-8.2128
-8.1623
-8.0293
-7.8927
-7.8500
-7.7901
-7.7360
-7.6329
-7.5250
-7.5620
-7.8111
-7.8891
-7.9807
-8.0578
-8.1581
-8.3099
-8.4615
-8.6285
-8.7623
-8.8732
-8.9136
-8.8702
-8.8429
-8.8372
-8.8050
-8.7693
-8.7702
-8.8336
-8.9044
-8.9421
-9.0442
-9.1553
-9.2347
-9.2978
-9.2874
-9.2626
-9.2530
-9.2781
-9.1925
-9.1047
-9.0792
-9.0405
-8.9216
-8.8166
-8.7777
-8.7752
-8.7642
-8.7162
-8.6680
-8.6962
-8.7214
-8.7382
-8.7500
-8.7857
-8.8747
-8.9120
-8.9569
-8.9109
-8.8688
-8.8256
-8.4655
-8.1954
-7.9862
-7.9395
-8.1037
-8.6526
-9.0636
-9.1108
-9.0683
-8.9759
-8.8238
-8.7757
-8.8470
-8.8516
-9.0232
-9.1369
-9.1761
-8.9921
-8.8851
-8.6008
-8.3729
-8.3499
-8.2096
-7.5691
-6.9475
-6.9959
-7.0980
-7.1786
-7.2254
-7.3719
-7.3543
-7.0886
-6.8553
-6.8553
-6.8425
-6.7354
-6.6651
-6.6797
-6.8229
-6.9651
-6.9613
-6.9027
-6.9091
-6.8127
-7.0458
-7.3372
-7.6400
-7.7064
-7.7555
-7.8530
-7.9158
-8.1461
-8.3245
-8.3161
-8.1821
-8.1063
-8.0868
-8.0850
-8.0995
-8.1168
-8.0635
-7.9557
-7.9230
-7.9042
-7.6965
-7.4433
-7.2728
-7.1459
-7.0524
-6.7877
-6.4635
-6.5274
-6.6836
-6.8004
-7.0499
-7.3143
-7.1879
-7.0094
-6.8934
-7.4657
-7.4908
-6.8507
-7.0315
-7.1490
-7.5526
-7.9339
-8.2219
-8.4078
-8.9884
-9.2732
-9.3414
-9.0858
-8.8240
-8.3762
-8.0462
-7.5165
-7.3249
-7.9165
-7.9140
-8.3169
-8.5191
-8.4865
-8.5606
-9.0508
-9.5544
-9.6842
-9.7150
-9.6377
-9.4847
-9.1103
-8.7685
-8.7466
-8.8993
-8.8167
-8.8192
-8.9022
-8.8051
-8.7092
-8.6093
-8.4387
-8.2998
-8.2098
-8.1241
-8.0142
-8.0192
-8.0062
-7.9429
-7.8233
-7.7953
-7.7648
-7.7242
-7.6613
-7.6212
-7.5540
-7.5835
-7.6050
-7.4670
-7.2348
-7.1078
-6.9531
-6.7977
-6.5688
-6.6627
-6.8640
-6.8899
-6.9580
-6.9219
-6.8621
-6.8042
-6.7716
-6.7867
-6.9422
-7.0310
-7.2814
-7.6821
-7.6238
-7.5096
-7.5267
-7.6736
-7.7690
-7.7631
-7.4789
-7.0903
-6.8207
-6.6864
-6.4936
