4.1143
4.1185
4.0580
4.0349
4.0139
4.1018
4.2204
4.3423
4.4057
4.5220
4.5996
4.5693
4.5169
4.5146
4.5329
4.4957
4.4428
4.3164
4.1718
4.0575
3.9527
3.8678
3.4552
3.1480
3.0333
3.0998
3.0694
2.8773
2.7461
2.6389
2.4095
2.1093
1.9668
1.9132
1.8311
1.7617
1.6252
1.4749
1.2663
1.1807
1.0432
0.8734
0.6872
0.5946
0.5512
0.4942
0.4544
0.4155
0.3743
0.2683
0.1452
0.0359
-0.0713
-0.1514
-0.2017
-0.1901
-0.1289
-0.0111
-0.0462
-0.1625
-0.2572
-0.2894
-0.2649
-0.2430
-0.1630
0.2288
0.3332
0.3825
0.3076
0.2991
0.3630
0.3754
0.3485
0.3561
0.3234
0.3431
0.4616
0.6938
0.9772
1.2272
1.3791
1.4491
1.4263
1.4181
1.4198
1.4205
1.4786
1.5683
1.6222
1.6248
1.6676
1.7307
1.7827
1.8754
1.9510
1.9826
1.9854
1.9782
2.0127
2.0641
2.0608
2.0296
2.0257
1.9875
1.9626
1.9303
1.8790
1.8444
1.8097
1.7903
1.7912
1.7752
1.7033
1.5993
1.5355
1.4995
1.3513
1.3138
1.2769
1.2161
1.1615
1.0721
0.9789
0.9114
0.8105
0.7329
0.6695
0.5978
0.5003
0.4906
0.3998
0.2705
0.1617
0.0569
-0.0511
-0.1681
-0.2205
-0.3191
-0.4372
-0.5955
-0.7707
-0.9271
-1.0037
-0.9836
-0.8355
-0.6589
-0.5407
-0.4520
-0.2741
0.0264
0.3852
0.6404
0.7195
0.7391
0.6830
0.6349
0.5993
0.5916
0.5279
0.4535
0.3275
0.3769
0.4949
0.5611
0.5566
0.5870
0.7046
0.8391
0.9569
1.0979
1.2056
1.3123
1.3503
1.3639
1.4069
1.4519
1.4378
1.4272
1.4427
1.4503
1.4247
1.4052
1.3980
1.4148
1.4483
1.5210
1.5435
1.4975
1.5000
1.5999
1.7200
1.8523
1.8919
1.9032
1.8920
1.8566
1.7973
1.6665
1.4689
1.3015
1.1415
1.0292
0.8789
0.7494
0.6601
0.5569
0.4923
0.4632
0.4998
0.5871
0.5310
0.6569
0.6862
0.7987
0.6824
0.4926
0.2589
-0.0030
-0.1194
-0.2177
-0.3916
-0.5276
-0.8539
-1.1364
-1.2946
-1.6174
-1.7158
-1.7626
-1.5976
-1.5773
-1.2416
-1.0166
-1.1291
-1.1498
-0.7963
-0.2917
-0.7386
-1.0727
-1.1173
-1.3409
-1.5152
-1.6593
-1.5305
-1.4013
-1.3228
-1.3567
-1.5218
-1.6969
-1.8746
-1.9752
-2.0885
-2.1754
-2.2962
-2.3145
-2.3291
-2.2918
-2.1854
-2.0766
-2.0126
-2.0377
-1.9645
-1.9072
-1.8444
-1.8415
-1.7317
-1.4677
-1.3668
-1.3777
-1.3995
-1.4145
-1.4440
-1.3950
-1.4541
-1.6038
-1.7225
-1.6953
-1.6866
-1.7381
-1.8636
-2.0514
-2.0071
-1.9249
-1.9801
-2.2436
-2.3972
-2.6099
-2.6947
-2.8683
-2.9007
-2.6828
-2.6694
-2.7847
-2.9498
-3.1550
-3.4542
-3.3806
-3.1017
-2.9882
-2.9927
-2.9294
-2.7949
-2.7924
-2.8254
-2.9782
-3.2137
-3.2884
-3.2279
-3.3122
-3.6799
-3.4538
-3.1956
-3.3874
-3.2183
-3.2028
-3.1173
-2.9419
-2.7829
-2.7291
-2.6777
-2.4445
-2.2254
-2.1949
-2.4269
-2.8121
-2.8732
-2.6891
-2.2754
-1.8848
-1.7208
-1.8312
-2.1681
-2.6642
-2.9318
-3.0273
-2.7433
-2.4336
-2.2124
-2.2353
-2.3023
-2.4079
-2.5563
-2.7316
-2.7647
-2.8218
-2.8081
-2.9169
-3.1364
-3.3885
-3.2056
-2.9444
-2.8070
-2.6496
-2.4453
-2.5878
-2.6804
-2.7496
-2.8464
-2.8847
-2.9067
-3.0217
-3.2198
-3.3446
-3.2583
-3.3248
-3.4081
-3.3087
-3.3890
-3.5750
-3.6673
-3.6215
-3.6014
-3.6131
-3.7137
-3.9026
-4.1016
-4.2564
-4.2910
