4.2270
4.1920
4.3150
4.2570
4.3090
4.3500
4.3380
4.3300
4.2880
4.3400
4.3530
4.3580
4.3260
4.3350
4.3290
4.3480
4.3910
4.4190
4.2850
4.1370
4.0300
3.6880
3.2020
2.8570
2.6700
2.7570
2.8100
2.7240
2.6090
2.5400
2.4590
2.3130
2.1780
2.1080
2.1080
2.2200
2.3800
2.5630
2.7190
2.8690
3.0450
3.2170
3.3550
3.4970
3.6880
3.9110
4.1620
4.4180
4.8700
5.3830
5.1320
5.2730
5.3270
5.3480
5.5340
5.6750
5.7210
5.6850
5.6400
5.4910
5.4040
5.2730
5.3110
5.4150
5.2500
5.2730
5.1770
5.1530
5.2670
5.3080
5.3490
5.4130
5.5870
5.6670
5.7570
5.7360
5.6880
5.6720
5.6550
5.7010
5.6600
5.7190
5.7120
5.7150
5.6400
5.5100
5.4420
5.4210
5.4010
5.3100
5.2420
5.1960
5.1410
5.0730
5.0970
5.1640
5.2530
5.3120
5.3000
5.3060
5.3120
5.2550
5.2810
5.2970
5.3180
5.3580
5.3780
5.4100
5.4440
5.4640
5.5030
5.5450
5.4950
5.3030
5.1020
4.7160
4.3120
4.2080
4.1940
4.0820
3.9640
3.8800
3.7980
3.7020
3.6160
3.5010
3.4750
3.4960
3.5610
3.6170
3.6320
3.6500
3.7750
3.9360
4.1060
4.2900
4.5040
4.6850
4.8340
5.0020
5.2090
5.3520
5.5340
5.6680
5.8000
5.8610
5.9070
5.8580
5.8770
5.7750
5.7110
5.6190
5.5930
5.5010
5.4370
5.4050
5.3680
5.4110
5.3830
5.4030
5.4260
5.4670
5.2950
5.3620
5.3660
5.2280
5.3180
5.1780
5.0460
5.1190
5.1850
5.0590
4.8860
5.0820
5.0620
5.0130
5.0210
4.8890
5.1440
5.3190
4.9920
4.9130
5.1020
5.2010
5.1040
5.1920
5.2110
5.3230
5.1880
5.2870
5.3130
5.5030
5.4400
5.2690
5.3580
5.3370
5.3550
5.3170
5.1540
4.9180
4.9990
5.0940
5.0140
4.8560
4.8450
4.8420
4.8060
4.9220
4.9130
4.8180
4.7130
4.5630
4.4980
4.5090
4.4610
4.3930
4.3530
4.3420
4.3330
4.3610
4.3910
4.4160
4.4970
4.6440
4.7770
4.8960
5.0370
5.2300
5.3990
5.5010
5.5340
5.5280
5.5320
5.5780
5.6120
5.6690
5.7400
5.8030
5.9020
6.0490
6.1280
6.1640
6.2420
6.2660
6.2960
6.4020
6.3030
6.2990
6.3270
6.3120
6.2320
5.9060
5.7680
5.8080
5.4340
5.4880
5.3860
5.3990
5.3860
5.3720
5.4690
5.7280
5.4550
5.4610
5.6180
5.4940
5.6830
5.5090
5.4030
5.4100
5.5990
5.6050
5.2490
5.5240
5.6430
5.5060
5.2660
5.4160
5.4800
5.5460
5.4090
5.2470
5.2940
5.3270
5.4200
5.5180
5.3410
5.2410
5.1260
5.0780
5.0250
4.9550
4.9270
4.9430
4.9200
4.8950
4.8690
4.8180
4.7960
4.7550
4.6850
4.7250
4.7130
4.6210
4.5930
4.4960
4.3880
4.2360
4.1030
4.0190
4.4100
4.1570
4.1880
4.0200
4.0800
4.2140
4.4220
4.2840
4.4090
4.6200
4.7510
4.7700
4.8720
4.9430
5.0240
5.1840
5.2920
5.4320
5.4850
5.6550
5.8420
6.0620
6.2880
6.3880
6.4290
6.5240
6.6170
6.6910
6.6550
6.5700
6.4380
6.3140
6.3390
6.3570
6.3950
6.2750
6.0710
6.0060
6.0620
6.0760
5.8280
5.8290
5.6500
5.4220
5.6580
5.4460
5.4270
5.3700
5.4530
5.3080
5.1670
5.2290
5.1840
5.4360
5.3590
5.2320
5.3060
5.1030
5.1180
4.9560
4.8800
4.8330
4.7470
4.6360
4.5820
4.4870
4.4780
