573.4100
618.5800
601.8100
578.3500
604.9200
605.0800
630.5600
638.4600
624.9700
624.8500
604.8700
624.4700
625.9500
621.1800
618.0600
638.6900
648.8200
650.8500
658.0500
654.7700
653.0700
653.5300
662.9000
667.7800
666.3500
664.2400
667.8700
675.6800
690.8100
694.6800
699.1300
697.2400
695.1600
700.1500
702.0100
710.2700
717.2800
716.5300
721.7700
709.7300
701.8600
700.4300
698.4500
698.2000
692.7100
682.8700
672.6600
663.6900
656.1200
651.4800
650.8100
653.8600
651.5700
650.7800
640.6700
638.1000
639.3600
640.6500
640.8400
653.2500
653.4500
655.9500
655.7700
649.4900
658.0400
664.8500
669.7900
675.1400
687.7700
689.8100
695.1500
696.3300
700.6500
711.4300
727.0900
728.7400
738.2800
740.4700
747.6100
755.0800
767.1200
768.0900
781.7300
786.1100
792.5200
802.8500
810.7100
793.7400
774.4000
774.2100
779.7400
786.7000
790.3800
786.7900
774.4800
769.1000
771.0100
769.8300
775.2400
784.8900
785.3200
789.2300
790.7400
794.2500
795.7900
800.7700
805.7800
805.9800
807.6100
810.9500
815.4100
844.3200
868.1300
879.1400
886.1000
884.1300
892.4100
904.9700
924.0400
934.5900
935.3300
938.0800
938.6500
937.4400
945.6300
948.7600
948.8500
947.3800
946.6800
948.9000
950.2000
956.0900
956.1600
956.1000
957.0900
941.7200
927.5400
922.0600
915.3400
913.8100
903.7600
893.8000
875.2100
868.5800
859.1000
852.6000
844.6700
834.8900
809.2700
802.8500
797.9900
795.2500
783.0900
776.4100
764.8500
755.2500
754.8400
748.4100
748.7300
772.2200
801.7000
795.7900
822.0500
822.8900
834.4600
868.5300
872.0200
898.4200
916.9300
925.4700
929.6800
934.8400
963.1900
953.6800
964.5000
968.5900
970.0300
986.8800
981.5900
980.3900
1003.0000
1008.0000
1006.1000
974.2900
952.1500
943.0900
940.9700
939.8800
943.0700
924.5400
900.3200
875.6900
873.4800
877.5100
870.5700
875.8800
868.6500
868.9400
876.0600
887.7300
887.1300
888.0200
896.5400
900.3400
906.5000
912.4700
914.2000
950.6300
981.2400
993.9700
996.2800
995.2200
1002.1000
1016.4000
1040.4000
1051.1000
1049.3000
1049.3000
1048.3000
1043.4000
1049.6000
1050.4000
1050.6000
1046.3000
1042.9000
1040.2000
1040.2000
1041.3000
1037.6000
1031.2000
1027.0000
999.0400
973.5800
961.6700
956.9500
956.5400
949.9500
938.5900
919.8700
899.5500
897.6100
887.5000
878.5000
876.9000
866.6900
839.1100
848.4700
832.9900
824.4700
810.2600
800.2300
812.6700
811.2000
784.2700
815.0300
823.1300
855.9100
861.9500
862.2600
869.5900
887.0800
885.4700
921.6700
941.5100
933.7500
955.4500
943.5800
955.2700
972.0800
979.1300
980.5100
980.8700
1003.6000
990.7400
982.9800
995.3000
1017.4000
1016.7000
1020.0000
977.5200
955.6600
945.6400
940.5800
944.3400
931.2700
911.9600
886.1200
870.2600
868.0500
859.9300
853.7500
861.3700
851.1500
843.9900
837.4600
837.3800
836.1700
834.6900
835.7000
827.2000
822.7600
818.7200
813.4900
849.7800
881.8500
889.1300
889.3300
889.2600
899.1500
913.8000
937.6300
953.3900
951.6500
955.3900
955.3300
948.9100
958.9000
965.2200
959.8500
959.1600
959.8700
959.2800
964.9700
965.6300
964.7500
962.1600
957.0100
926.4800
897.7500
881.2500
868.1100
862.2700
846.5200
827.1000
793.2100
775.8200
761.8500
734.1300
724.9400
727.5900
713.7000
709.6300
697.8200
681.8100
661.0300
661.5600
676.0600
669.9000
655.3000
655.2900
662.8000
673.6200
696.1200
712.6300
698.0800
708.4600
708.3200
722.8800
730.4600
744.0700
755.6500
762.7100
774.0100
754.3100
767.1100
773.2900
774.3900
790.4800
781.3500
790.9300
784.2800
786.6400
792.8700
799.5600
801.6300
757.4800
720.4900
