5.9069
5.8511
6.0464
5.9540
6.0366
6.1018
6.0834
6.0700
6.0045
6.0870
6.1074
6.1143
6.0649
6.0779
6.0686
6.0999
6.1671
6.2111
5.9996
5.7647
5.5947
5.0516
4.2804
3.7340
3.4361
3.5748
3.6581
3.5219
3.3392
3.2305
3.1013
2.8703
2.6553
2.5447
2.5452
2.7223
2.9767
3.2675
3.5138
3.7526
4.0315
4.3051
4.5241
4.7493
5.0525
5.4053
5.8037
6.2104
6.9282
7.7416
7.3435
7.5677
7.6529
7.6856
7.9817
8.2047
8.2783
8.2211
8.1488
7.9129
7.7748
7.5669
7.6269
7.7927
7.5309
7.5664
7.4139
7.3762
7.5570
7.6220
7.6879
7.7886
8.0651
8.1923
8.3355
8.3022
8.2255
8.2002
8.1739
8.2456
8.1815
8.2743
8.2640
8.2682
8.1497
7.9427
7.8356
7.8017
7.7706
7.6251
7.5183
7.4442
7.3569
7.2503
7.2872
7.3942
7.5354
7.6291
7.6104
7.6197
7.6286
7.5377
7.5790
7.6047
7.6380
7.7020
7.7339
7.7849
7.8382
7.8700
7.9322
7.9988
7.9196
7.6151
7.2951
6.6830
6.0428
5.8765
5.8544
5.6766
5.4900
5.3563
5.2266
5.0741
4.9372
4.7557
4.7136
4.7472
4.8506
4.9388
4.9628
4.9923
5.1905
5.4461
5.7151
6.0073
6.3467
6.6338
6.8698
7.1370
7.4660
7.6917
7.9811
8.1938
8.4028
8.4998
8.5728
8.4948
8.5254
8.3630
8.2623
8.1166
8.0749
7.9288
7.8272
7.7757
7.7184
7.7865
7.7408
7.7728
7.8098
7.8747
7.6017
7.7089
7.7140
7.4949
7.6376
7.4163
7.2066
7.3223
7.4280
7.2274
6.9530
7.2639
7.2316
7.1547
7.1671
6.9580
7.3621
7.6398
7.1209
6.9951
7.2961
7.4534
7.2981
7.4387
7.4692
7.6458
7.4328
7.5893
7.6300
7.9313
7.8314
7.5607
7.7023
7.6688
7.6967
7.6369
7.3787
7.0034
7.1314
7.2824
7.1560
6.9051
6.8880
6.8832
6.8266
7.0094
6.9957
6.8456
6.6788
6.4403
6.3368
6.3539
6.2782
6.1710
6.1076
6.0893
6.0754
6.1203
6.1678
6.2076
6.3353
6.5691
6.7805
6.9691
7.1919
7.4989
7.7667
7.9286
7.9804
7.9710
7.9787
8.0508
8.1054
8.1947
8.3084
8.4074
8.5652
8.7989
8.9241
8.9810
9.1043
9.1420
9.1895
9.3583
9.2010
9.1953
9.2387
9.2153
9.0893
8.5716
8.3523
8.4162
7.8226
7.9082
7.7463
7.7671
7.7466
7.7239
7.8773
8.2892
7.8558
7.8652
8.1142
7.9184
8.2172
7.9411
7.7732
7.7836
8.0847
8.0935
7.5295
7.9647
8.1536
7.9370
7.5555
7.7942
7.8951
7.9996
7.7823
7.5262
7.6007
7.6528
7.7998
7.9558
7.6746
7.5159
7.3343
7.2580
7.1736
7.0623
7.0182
7.0440
7.0069
6.9669
6.9256
6.8457
6.8102
6.7444
6.6337
6.6980
6.6776
6.5319
6.4887
6.3348
6.1622
5.9215
5.7106
5.5767
6.1973
5.7967
5.8457
5.5780
5.6733
5.8864
6.2172
5.9970
6.1967
6.5301
6.7388
6.7695
6.9300
7.0431
7.1724
7.4258
7.5969
7.8200
7.9026
8.1736
8.4704
8.8182
9.1770
9.3368
9.4014
9.5523
9.6996
9.8172
9.7601
9.6253
9.4157
9.2183
9.2581
9.2871
9.3480
9.1573
8.8330
8.7299
8.8192
8.8405
8.4472
8.4496
8.1653
7.8029
8.1780
7.8421
7.8117
7.7209
7.8531
7.6219
7.3984
7.4968
7.4258
7.8258
7.7039
7.5013
7.6194
7.2969
7.3208
7.0645
6.9439
6.8693
6.7330
6.5567
6.4697
6.3198
6.3054
