2.8111
2.7940
2.7643
2.7235
2.7317
2.7287
2.7207
2.7296
2.7483
2.7574
2.7745
2.8002
2.8137
2.7942
2.7565
2.6953
2.6568
2.5955
2.3750
2.2056
2.1613
2.0399
2.0422
2.2516
2.5616
3.0191
3.4222
3.7651
4.1604
4.4647
4.7169
5.0007
5.2390
5.4028
5.5011
5.5417
5.5398
5.5247
5.4763
5.4108
5.3827
5.4218
5.4654
5.4794
5.5133
5.5952
5.6747
5.7852
5.7386
5.7126
5.9026
5.8538
5.8162
5.7713
5.7547
5.6983
5.5971
5.4892
5.3993
5.3133
5.2769
5.1293
4.8196
4.4919
4.1602
3.8440
3.4597
3.0696
2.7620
2.4306
2.1645
1.9326
1.7397
1.6611
1.5559
1.4103
1.2491
1.0873
0.9759
0.8725
0.7754
0.7672
0.7620
0.7186
0.6044
0.4679
0.3685
0.2963
0.2385
0.1595
0.0814
0.0368
-0.0089
-0.0674
-0.1024
-0.1157
-0.1249
-0.1563
-0.2041
-0.2524
-0.2985
-0.3492
-0.3827
-0.4215
-0.4452
-0.4339
-0.4257
-0.4304
-0.4556
-0.4803
-0.4883
-0.4985
-0.5369
-0.6335
-0.7167
-0.6811
-0.5727
-0.3772
-0.1238
0.1534
0.4487
0.7389
0.9993
1.2723
1.5660
1.8061
1.9929
2.1573
2.3220
2.4298
2.4931
2.5122
2.5114
2.5329
2.6019
2.7039
2.7810
2.8192
2.8430
2.8320
2.8029
2.7911
2.7813
2.7452
2.7243
2.7082
2.7064
2.7251
2.7705
2.8020
2.7965
2.7745
2.7312
2.6792
2.6326
2.6042
2.5664
2.4510
2.2258
1.9955
1.7475
1.4761
1.1985
0.9281
0.6616
0.4103
0.1967
0.0135
-0.1376
-0.2553
-0.3590
-0.4321
-0.4827
-0.5096
-0.5314
-0.5413
-0.5480
-0.5632
-0.5763
-0.5963
-0.6238
-0.6502
-0.6760
-0.6823
-0.7135
-0.7431
-0.7196
-0.7125
-0.7259
-0.7429
-0.7502
-0.7526
-0.7710
-0.7971
-0.8134
-0.8358
-0.8524
-0.8620
-0.8652
-0.8690
-0.8464
-0.8146
-0.7968
-0.7661
-0.7259
-0.6816
-0.6343
-0.5850
-0.5406
-0.5359
-0.5328
-0.5188
-0.4457
-0.3731
-0.2854
-0.1849
-0.0836
0.0256
0.1549
0.3123
0.5038
0.6492
0.7275
0.7862
0.8136
0.8407
0.9005
0.9405
0.9817
1.0179
1.0661
1.1172
1.1829
1.2305
1.2690
1.2986
1.3067
1.2796
1.2419
1.2190
1.2115
1.2191
1.2386
1.2581
1.2709
1.2961
1.2980
1.2855
1.2752
1.2667
1.2910
1.3213
1.3550
1.4627
1.4536
1.3501
1.1736
0.9675
0.7402
0.5014
0.2803
0.0745
-0.1058
-0.2408
-0.3493
-0.4302
-0.4853
-0.5226
-0.5417
-0.5579
-0.5857
-0.6199
-0.6416
-0.6670
-0.7085
-0.7503
-0.7763
-0.7895
-0.8116
-0.8289
-0.8371
-0.8169
-0.7966
-0.7641
-0.7396
-0.7202
-0.7012
-0.6782
-0.6483
-0.6244
-0.6045
-0.5842
-0.5721
-0.5559
-0.5416
-0.5350
-0.5254
-0.5224
-0.5283
-0.5345
-0.5412
-0.5410
-0.5492
-0.5549
-0.5543
-0.5656
-0.5716
-0.5594
-0.5244
-0.4920
-0.4554
-0.3728
-0.2956
-0.2109
-0.1695
-0.1053
-0.0074
0.0611
0.0006
0.0142
-0.0232
0.0405
0.0424
0.0888
0.0823
0.0949
0.1203
0.1159
0.1441
0.1527
0.1921
0.1959
0.2096
0.2077
0.2168
0.2328
0.2357
0.2421
0.2475
0.2527
0.2596
0.2539
0.2367
0.2254
0.2194
0.2186
0.2156
0.2131
0.2188
0.1775
0.1199
0.0727
0.0327
-0.0102
-0.0791
-0.1669
-0.2330
-0.2823
-0.3175
-0.3477
-0.3655
-0.3748
-0.3874
-0.4022
-0.4351
-0.4412
-0.4170
-0.3985
-0.3949
-0.3983
-0.3972
-0.3986
-0.4079
-0.4257
-0.4371
-0.4376
-0.4347
