0.2327
0.3228
0.3350
0.3310
0.3136
0.3745
0.4003
0.2819
0.1926
0.1708
0.0818
-0.0383
-0.1244
-0.1278
-0.1997
-0.2173
-0.2113
-0.2418
-0.3046
-0.3720
-0.4181
-0.4064
-0.4278
-0.4695
-0.4875
-0.2862
-0.0558
0.0495
0.0371
-0.0209
-0.1333
-0.3578
-0.7005
-1.1103
-1.5503
-2.0858
-2.5631
-2.9565
-3.2547
-3.5469
-3.8583
-4.1555
-4.3986
-4.6414
-4.9278
-5.2271
-5.5403
-5.8587
-6.4832
-6.9324
-6.3403
-6.6894
-6.6584
-6.7548
-7.0405
-7.0825
-7.0306
-6.8166
-6.5493
-5.9037
-5.3193
-4.7679
-4.6717
-4.7343
-4.3250
-4.0725
-3.9232
-3.8803
-3.8441
-3.8654
-3.7441
-3.6406
-3.7151
-3.7032
-3.3769
-3.4411
-3.3417
-3.2290
-2.9331
-2.7218
-2.6024
-2.6843
-2.6052
-2.6017
-2.6719
-2.7047
-2.7489
-2.8032
-2.9570
-2.8952
-2.8848
-2.9110
-2.8877
-2.9416
-3.0077
-3.0952
-3.2309
-3.3295
-3.3465
-3.3430
-3.3494
-3.3103
-3.3583
-3.4326
-3.5329
-3.6288
-3.6956
-3.7573
-3.8625
-3.9117
-3.9222
-4.0067
-4.0261
-3.9160
-3.7608
-3.4087
-3.0136
-2.8914
-2.8371
-2.7370
-2.6581
-2.6210
-2.6473
-2.7049
-2.7878
-2.8953
-3.0998
-3.3461
-3.6883
-4.0106
-4.2271
-4.4271
-4.7156
-4.9980
-5.2453
-5.4941
-5.7818
-6.0406
-6.2500
-6.5076
-6.8055
-7.0197
-7.2724
-7.4568
-7.6298
-7.6813
-7.6740
-7.5107
-7.3867
-7.1066
-6.8679
-6.6290
-6.4594
-6.2137
-5.9521
-5.6402
-5.2595
-5.0087
-4.9253
-5.0199
-4.9418
-4.9912
-4.8763
-5.0757
-5.0317
-4.8290
-4.9185
-4.8141
-4.7467
-4.7931
-4.8129
-4.6693
-4.5901
-4.7122
-4.6967
-4.7103
-4.6636
-4.6246
-4.8757
-5.0073
-4.7508
-4.7246
-4.9637
-5.0685
-4.8959
-4.8962
-4.7409
-4.6799
-4.5870
-4.6987
-4.7469
-4.8589
-4.7454
-4.5701
-4.6721
-4.5793
-4.6268
-4.7041
-4.5570
-4.4013
-4.6186
-4.7952
-4.8332
-4.8529
-5.0167
-5.1438
-5.2432
-5.4549
-5.4228
-5.3143
-5.1783
-4.9998
-4.8915
-4.8996
-4.8101
-4.7478
-4.7320
-4.7709
-4.8612
-5.0062
-5.1431
-5.3142
-5.5972
-5.9078
-6.1921
-6.4375
-6.6855
-7.0277
-7.3083
-7.4781
-7.5417
-7.5522
-7.5745
-7.6537
-7.7139
-7.8172
-7.9539
-8.0834
-8.2526
-8.4726
-8.5789
-8.6189
-8.6989
-8.7138
-8.7331
-8.8139
-8.6629
-8.6141
-8.5900
-8.4931
-8.2314
-7.7617
-7.4776
-7.1096
-6.4809
-6.3265
-6.0491
-5.9596
-5.9343
-6.0150
-6.1256
-6.4174
-6.0780
-6.1456
-6.3261
-6.2271
-6.4572
-6.2960
-6.2067
-6.1355
-6.2696
-6.2090
-5.7786
-5.9005
-5.9276
-5.7383
-5.4531
-5.5798
-5.6149
-5.6532
-5.5057
-5.3197
-5.3891
-5.4828
-5.5738
-5.6694
-5.4622
-5.3873
-5.3318
-5.2967
-5.2810
-5.2595
-5.2936
-5.3862
-5.4190
-5.4417
-5.4757
-5.4849
-5.5102
-5.4671
-5.4163
-5.5040
-5.5130
-5.4179
-5.3322
-5.2522
-5.1282
-4.9584
-4.7705
-4.6868
-5.0867
-4.8786
-4.9270
-4.8842
-5.2064
-5.5234
-5.8608
-5.7382
-6.0677
-6.4229
-6.6877
-6.7048
-6.8939
-7.0160
-7.1559
-7.3969
-7.5770
-7.8045
-7.8614
-8.1627
-8.4373
-8.8047
-9.1608
-9.2958
-9.3448
-9.4692
-9.5818
-9.6573
-9.5797
-9.4303
-9.2226
-9.0161
-9.0277
-9.0275
-9.0357
-8.8292
-8.5472
-8.4048
-8.4178
-8.3820
-8.0304
-7.9199
-7.6057
-7.2645
-7.4939
-7.1254
-6.9816
-6.8473
-6.9186
-6.7002
-6.5497
-6.6257
-6.5719
-6.8447
-6.7662
-6.6946
-6.7647
-6.4988
-6.4630
-6.2318
-6.0807
-5.9827
-5.8863
-5.7567
-5.6511
-5.5579
-5.5801
