5.9024
5.8422
6.0371
5.9448
6.0285
6.0903
6.0703
6.0634
6.0014
6.0846
6.1068
6.1142
6.0637
6.0765
6.0654
6.0960
6.1635
6.2064
5.9919
5.7527
5.5791
5.0352
4.2590
3.7043
3.4013
3.5633
3.6577
3.5216
3.3389
3.2304
3.0984
2.8479
2.5612
2.2897
2.0186
1.7493
1.5136
1.3912
1.3242
1.2253
1.1690
1.1253
1.0584
1.0066
1.1155
1.3765
1.7287
2.0602
2.4430
3.4459
3.7051
3.5387
3.7726
3.6661
3.7602
4.1418
4.3704
4.5956
4.8486
5.2689
5.6704
5.8758
6.0287
6.1897
6.1652
6.3769
6.2908
6.2731
6.5062
6.5691
6.7146
6.8854
7.1584
7.3075
7.6208
7.5554
7.5161
7.5377
7.6295
7.7834
7.7566
7.8268
7.8426
7.8482
7.6992
7.4680
7.3376
7.2807
7.1860
7.0541
6.9428
6.8514
6.7664
6.6268
6.6375
6.7152
6.8076
6.8643
6.8352
6.8472
6.8540
6.7719
6.7943
6.7859
6.7718
6.7935
6.7937
6.8182
6.8204
6.8290
6.8947
6.9230
6.8198
6.5311
6.2509
5.7484
5.2377
5.1160
5.1210
4.9732
4.8036
4.6712
4.5066
4.2930
4.0749
3.7728
3.5509
3.3674
3.1503
2.8820
2.6003
2.3073
2.1691
2.1633
2.2693
2.4295
2.6176
2.7420
2.8516
2.9303
3.0703
3.1444
3.2878
3.3962
3.5204
3.6391
3.8213
3.9687
4.2565
4.4087
4.5932
4.6835
4.8457
4.9250
5.0831
5.3525
5.6491
5.9617
5.9718
5.9344
6.0475
6.0909
5.8315
5.8022
5.8471
5.7319
5.8430
5.6414
5.4226
5.5355
5.6578
5.5166
5.2225
5.5280
5.4988
5.3854
5.4422
5.1987
5.5161
5.7700
5.3044
5.1585
5.3475
5.4647
5.4123
5.6002
5.7717
6.0462
5.8485
5.9599
5.9736
6.2688
6.2299
6.0231
6.1235
6.1515
6.1508
6.0161
5.8033
5.4475
5.4338
5.4807
5.2771
4.9121
4.7199
4.5739
4.3716
4.4019
4.4196
4.3151
4.2180
4.0595
4.0284
4.0454
4.0348
3.9420
3.8615
3.7840
3.6440
3.5208
3.4045
3.2083
2.9676
2.8725
2.7628
2.6695
2.6510
2.6163
2.6288
2.6344
2.6094
2.5497
2.5074
2.4973
2.4887
2.4585
2.4009
2.3116
2.2930
2.3738
2.4581
2.5246
2.6864
2.7651
2.8602
3.1452
3.1006
3.2175
3.4009
3.5764
3.8547
3.6371
3.7211
4.5039
4.3808
4.7449
4.8388
4.9810
4.9794
4.8455
4.9527
5.2466
4.9770
4.9085
5.0814
4.8912
5.0821
4.8396
4.6798
4.7896
5.1044
5.1916
4.8271
5.3498
5.5987
5.4834
5.2296
5.4419
5.5503
5.6599
5.5002
5.3239
5.3598
5.3390
5.4561
5.5815
5.3912
5.2408
5.0363
4.9622
4.8550
4.7130
4.6080
4.5394
4.4420
4.3504
4.2404
4.0963
4.0021
3.9493
3.8302
3.8170
3.7679
3.6486
3.6973
3.5417
3.4169
3.2371
3.1390
3.0222
3.5401
3.1306
3.1459
2.6943
2.2540
2.0351
2.0749
1.7428
1.2577
1.1786
0.8277
0.9342
0.7065
0.6166
0.4858
0.6543
0.5492
0.4926
0.8060
0.4223
0.7476
0.4880
0.5448
0.8734
1.0298
1.2574
1.5073
1.7647
1.8679
1.9277
1.8973
1.9202
2.0524
2.1803
2.3963
2.4290
2.2287
2.3601
2.6304
2.8099
2.6206
2.9446
2.9707
2.8480
3.2745
3.2753
3.5043
3.5674
3.7154
3.6331
3.4407
3.5075
3.4572
3.7939
3.6835
3.3841
3.5063
3.3182
3.4385
3.3275
3.3530
3.3756
3.2689
3.1387
3.1498
3.0082
2.9361
