5.1440
5.0380
5.2050
5.5590
5.8940
6.0670
6.2340
6.3930
6.4320
6.5150
6.4220
6.3850
6.2620
6.1610
6.0110
5.8500
5.6560
5.5120
5.2600
5.0940
5.0220
4.9200
4.7940
4.6740
4.4860
4.3210
4.1840
4.1450
4.1750
4.2370
4.3410
4.5220
4.7810
5.0960
5.4390
5.8190
6.0720
6.1450
6.1360
6.2230
6.2290
6.2350
6.2530
6.3400
6.5850
6.8440
7.0380
7.1260
7.0870
6.9170
6.6720
6.5690
6.6630
7.0270
7.3290
7.3030
7.1500
7.0000
6.9240
6.7040
6.3690
6.1100
5.8980
5.6540
5.5730
5.5820
5.5750
5.4640
5.3930
5.2760
5.1590
5.0800
5.0430
4.9540
4.9140
4.8790
4.7960
4.7350
4.7830
4.8030
4.7830
4.7580
4.6920
4.6300
4.6380
4.5990
4.4800
4.3250
4.2450
4.2730
4.2720
4.1990
4.1070
3.9950
3.9680
3.9870
4.0080
4.0360
4.0550
4.0870
4.1110
4.1160
4.1490
4.1580
4.1350
4.1090
4.0760
4.0150
3.9250
3.8240
3.7650
3.7070
3.6180
3.5360
3.4680
3.2800
2.8740
2.6610
2.6630
2.6440
2.5900
2.5620
2.5750
2.6030
2.6420
2.6450
2.6090
2.5710
2.5700
2.6220
2.7290
2.8980
3.1400
3.3650
3.4120
3.2470
3.4590
3.3240
3.3450
3.3190
3.2400
3.4380
3.6280
3.7790
3.4980
3.3560
3.3240
2.8620
3.1540
2.2660
1.8600
2.4030
3.3800
4.5140
4.5920
5.0120
4.7150
5.1070
5.9020
5.7760
5.3380
4.7310
4.9330
5.0880
5.1700
5.3150
5.5220
5.6710
5.7230
5.8210
5.9560
5.9490
5.9690
5.9970
5.9340
5.9460
5.9430
5.9170
5.9490
5.9110
5.9600
6.0380
6.1180
6.1210
5.9120
5.6330
5.4810
5.5080
5.5690
5.6090
5.6070
5.5540
5.5990
5.5750
5.8160
5.8920
5.9280
5.9220
5.9400
6.0070
5.9690
5.9550
5.9800
5.8270
5.6610
5.5450
5.5270
5.5040
5.0470
4.5660
4.0590
3.5770
3.3790
3.5460
3.5550
3.5060
3.6400
3.7240
3.8160
3.9160
4.1070
4.3360
4.5060
4.7220
4.8700
4.9270
4.9430
4.9600
4.9780
5.0310
5.0760
5.1020
5.0590
4.9680
4.8550
4.7580
4.6820
4.6300
4.6060
4.5790
4.5160
4.4090
4.2880
4.1990
4.1210
4.0530
4.0050
3.9590
3.9050
3.8170
3.7740
3.7520
3.7600
3.7120
3.6570
3.5830
3.4740
3.4880
3.5370
3.6230
3.7140
3.8320
3.9100
4.0430
4.1800
4.2450
4.3130
4.3410
4.3320
4.3950
4.5290
4.6630
4.7720
4.8880
4.9760
5.0500
5.1200
5.1750
5.2260
5.2850
5.3660
5.4430
5.5160
5.5490
5.5630
5.5400
5.5150
5.5770
5.7460
5.9460
6.1140
6.1850
6.1490
6.1920
6.2610
6.2660
6.2310
6.2530
6.3050
6.2670
6.2310
6.2660
6.3120
6.3160
6.1980
5.8420
5.2420
4.9220
4.5100
3.9460
3.6720
3.5000
3.4100
3.6750
3.7800
3.7400
3.8870
3.9840
4.0320
4.0880
4.1210
4.1130
4.0900
4.0620
4.0000
3.9000
3.7660
3.6070
3.4690
3.3450
3.2160
3.0620
2.9080
2.7360
2.5110
2.2180
1.9740
1.8780
2.1120
2.5160
2.9140
3.1530
3.3120
3.4840
3.6000
3.6470
3.7050
4.0450
5.1810
5.7370
5.7300
5.8270
5.7960
5.8060
5.7880
5.9890
6.1460
6.2250
6.2880
6.3630
6.4720
6.5690
6.6240
6.5960
6.5660
6.5830
6.5870
6.5350
6.5130
6.5740
6.6090
6.6160
6.6100
6.6300
6.6570
6.6110
6.5950
