1194.8000
1138.3000
1147.6000
1130.6000
1134.7000
1118.4000
1150.4000
1136.6000
1138.3000
1143.1000
1127.9000
1136.8000
1145.4000
1136.4000
1136.1000
1132.8000
1155.3000
1149.6000
1138.5000
1128.6000
1130.1000
1125.9000
1130.4000
1130.6000
1129.5000
1124.6000
1132.4000
1139.5000
1149.6000
1155.1000
1158.4000
1160.8000
1162.1000
1165.2000
1166.2000
1166.7000
1169.0000
1172.8000
1174.1000
1154.9000
1138.7000
1131.2000
1128.8000
1130.1000
1123.4000
1116.7000
1103.1000
1094.7000
1095.2000
1090.1000
1083.7000
1081.1000
1074.7000
1071.8000
1068.3000
1069.8000
1067.3000
1065.9000
1067.5000
1059.3000
1060.3000
1065.0000
1069.2000
1077.5000
1082.9000
1086.6000
1092.5000
1098.2000
1101.9000
1106.9000
1110.9000
1115.9000
1122.9000
1137.8000
1151.5000
1165.9000
1185.5000
1200.7000
1212.1000
1219.8000
1228.7000
1237.8000
1246.1000
1252.0000
1254.9000
1257.0000
1260.4000
1219.1000
1184.0000
1175.1000
1171.1000
1176.8000
1171.1000
1158.2000
1132.7000
1118.7000
1117.8000
1113.7000
1111.4000
1115.7000
1103.2000
1094.3000
1087.3000
1086.3000
1085.1000
1080.3000
1076.3000
1065.4000
1062.3000
1065.3000
1064.2000
1083.7000
1101.2000
1101.6000
1097.2000
1087.0000
1082.9000
1082.7000
1084.4000
1079.3000
1070.3000
1062.7000
1059.5000
1054.5000
1061.0000
1059.7000
1055.4000
1048.5000
1042.7000
1041.9000
1038.8000
1039.5000
1034.1000
1023.0000
1016.7000
983.5000
953.8700
937.6500
924.8400
913.0600
891.2200
866.2800
831.7800
797.5400
787.0600
775.5000
770.2200
764.6800
739.7800
711.3500
715.0100
696.5500
689.8400
677.5000
664.8900
658.0700
645.0100
645.0500
625.4200
668.1600
697.3200
715.9800
716.8300
725.6400
734.3200
748.8900
763.4200
774.4000
784.9300
797.0000
802.2900
815.5200
831.0200
847.7400
854.2200
861.5800
865.9300
875.1800
877.8300
880.8700
884.4700
888.7100
894.1500
852.2800
815.1400
803.2600
795.7900
801.5900
789.2900
772.2100
738.4500
718.4300
714.1200
713.4600
705.8100
721.5500
711.4100
701.3500
697.9300
692.3000
693.4800
683.6100
682.2700
675.8100
668.0100
666.8200
666.0500
702.4900
736.5700
747.0800
752.0300
747.5200
756.7300
776.5200
803.0400
819.8900
822.8300
825.7300
830.2400
823.8500
830.4900
840.1100
846.3000
854.0800
859.4300
863.1200
865.2400
873.3400
881.0200
882.7500
888.6900
871.6100
855.6000
852.2200
850.5400
856.9900
851.2300
842.7900
827.8600
813.6800
810.5100
803.5400
795.7700
792.7700
781.7700
771.2400
763.2700
758.1000
752.0500
742.0200
733.3900
724.7000
720.1100
716.6800
714.1700
739.4600
763.4200
775.1300
783.3000
785.2300
794.8700
808.2400
830.4400
846.9400
854.1300
866.0000
874.9800
872.6000
883.4500
891.4200
896.9900
902.6700
906.3400
909.7600
913.2200
920.8700
930.6600
939.3200
948.3100
923.9000
900.9100
893.6100
891.9600
900.7300
899.5000
891.5700
873.2900
861.9200
862.8100
862.4700
861.5600
881.1100
885.0700
879.4800
873.6500
868.0300
870.5700
872.3800
878.9700
878.7000
877.1800
880.0600
880.3600
909.6200
938.1600
947.9300
951.6800
947.1200
952.9700
963.6300
979.3600
987.3200
985.2000
983.8600
984.6700
966.0000
956.6400
953.0900
950.1400
947.8600
940.8400
937.5600
928.3200
923.4100
920.6000
913.3500
908.8400
887.2500
862.5300
846.2400
832.9700
825.2800
810.3600
792.9400
772.6000
758.2900
751.3600
745.2600
739.7900
743.3400
737.4400
731.3100
727.0000
723.7100
723.1100
720.4400
718.9500
714.5900
714.2900
721.5800
728.0000
756.0100
782.5100
799.2200
815.5200
823.9100
841.4800
860.3600
885.5500
903.5400
919.7500
929.2800
939.3200
932.2700
936.1900
945.1400
954.7600
963.5100
964.6800
966.8100
965.7700
971.6700
980.4500
987.6600
996.7800
971.6700
947.6900
