7.3628
7.1937
7.4598
8.0213
8.5528
8.8273
9.0918
9.3439
9.4065
9.5376
9.3898
9.3310
9.1361
8.9759
8.7377
8.4830
8.1747
7.9455
7.5468
7.2827
7.1691
7.0064
6.8074
6.6162
6.3175
6.0564
5.8393
5.7770
5.8250
5.9238
6.0877
6.3749
6.7862
7.2863
7.8309
8.4335
8.8352
8.9508
8.9361
9.0745
9.0835
9.0941
9.1214
9.2602
9.6493
10.0596
10.3679
10.5067
10.4457
10.1757
9.7872
9.6231
9.7728
10.3503
10.8300
10.7881
10.5453
10.3071
10.1868
9.8372
9.3068
8.8956
8.5590
8.1718
8.0424
8.0575
8.0454
7.8701
7.7574
7.5720
7.3865
7.2609
7.2026
7.0603
6.9969
6.9419
6.8103
6.7131
6.7897
6.8218
6.7890
6.7499
6.6454
6.5468
6.5592
6.4974
6.3086
6.0633
5.9351
5.9796
5.9788
5.8625
5.7165
5.5396
5.4968
5.5267
5.5593
5.6036
5.6339
5.6848
5.7224
5.7318
5.7835
5.7977
5.7605
5.7197
5.6677
5.5700
5.4287
5.2681
5.1739
5.0826
4.9416
4.8102
4.7029
4.4051
3.7599
3.4223
3.4260
3.3952
3.3098
3.2646
3.2858
3.3301
3.3922
3.3966
3.3392
3.2800
3.2776
3.3601
3.5297
3.7990
4.1816
4.5398
4.6139
4.3525
4.6881
4.4747
4.5070
4.4669
4.3416
4.6553
4.9564
5.1961
4.7498
4.5254
4.4739
3.7419
4.2040
2.7951
2.1510
3.0131
4.5631
6.3621
6.4867
7.1530
6.6814
7.3031
8.5656
8.3652
7.6701
6.7073
7.0274
7.2739
7.4040
7.6330
7.9623
8.1988
8.2812
8.4373
8.6504
8.6404
8.6714
8.7155
8.6159
8.6346
8.6305
8.5882
8.6402
8.5800
8.6571
8.7814
8.9076
8.9124
8.5814
8.1390
7.8972
7.9392
8.0366
8.1009
8.0975
8.0129
8.0837
8.0464
8.4290
8.5485
8.6070
8.5967
8.6257
8.7319
8.6719
8.6485
8.6888
8.4467
8.1824
7.9986
7.9703
7.9336
7.2085
6.4453
5.6401
4.8760
4.5615
4.8259
4.8403
4.7632
4.9755
5.1085
5.2544
5.4131
5.7160
6.0805
6.3497
6.6927
6.9277
7.0172
7.0435
7.0705
7.0983
7.1837
7.2550
7.2953
7.2275
7.0837
6.9041
6.7490
6.6286
6.5466
6.5085
6.4660
6.3650
6.1967
6.0044
5.8626
5.7384
5.6310
5.5544
5.4821
5.3963
5.2569
5.1882
5.1533
5.1656
5.0898
5.0032
4.8845
4.7129
4.7346
4.8123
4.9486
5.0937
5.2796
5.4035
5.6157
5.8323
5.9364
6.0439
6.0880
6.0745
6.1740
6.3869
6.5995
6.7713
6.9554
7.0955
7.2136
7.3246
7.4113
7.4927
7.5857
7.7151
7.8369
7.9522
8.0051
8.0279
7.9907
7.9511
8.0495
8.3168
8.6351
8.9014
9.0137
8.9576
9.0257
9.1341
9.1420
9.0873
9.1222
9.2043
9.1438
9.0870
9.1424
9.2163
9.2224
9.0347
8.4698
7.5173
7.0107
6.3568
5.4615
5.0268
4.7536
4.6115
5.0317
5.1983
5.1347
5.3672
5.5208
5.5970
5.6869
5.7385
5.7256
5.6895
5.6459
5.5462
5.3876
5.1764
4.9239
4.7047
4.5071
4.3026
4.0587
3.8149
3.5407
3.1846
2.7192
2.3322
2.1802
2.5518
3.1923
3.8245
4.2037
4.4557
4.7286
4.9121
4.9864
5.0784
5.6183
7.4211
8.3027
8.2920
8.4456
8.3969
8.4135
8.3836
8.7027
8.9527
9.0780
9.1777
9.2966
9.4701
9.6235
9.7115
9.6669
9.6190
9.6460
9.6516
9.5700
9.5346
9.6307
9.6872
9.6974
9.6885
9.7199
9.7626
9.6907
9.6651
