-8.7026
-8.7148
-8.6222
-8.5477
-8.5431
-8.5634
-8.5944
-8.6337
-8.6966
-8.7768
-8.8303
-8.8414
-8.8268
-8.7956
-8.7586
-8.7199
-8.6805
-8.5547
-8.4882
-8.4470
-8.3780
-8.2889
-8.2067
-8.1215
-8.0387
-7.9636
-7.9088
-7.8689
-7.8364
-7.7942
-7.7417
-7.6688
-7.6012
-7.5648
-7.5565
-7.5785
-7.6484
-7.7023
-7.7782
-7.8236
-7.7911
-7.7472
-7.7530
-7.7912
-7.8362
-7.8778
-7.9294
-8.0057
-8.0806
-8.1065
-8.1027
-8.1139
-8.1581
-8.2402
-8.3266
-8.3785
-8.3973
-8.4036
-8.3965
-8.3633
-8.3163
-8.2743
-8.2495
-8.2300
-8.2303
-8.2499
-8.2836
-8.3220
-8.3512
-8.3790
-8.3960
-8.4063
-8.4111
-8.4137
-8.4073
-8.3954
-8.3849
-8.3744
-8.3699
-8.3749
-8.3903
-8.4122
-8.4317
-8.4395
-8.4284
-8.3982
-8.3563
-8.2914
-8.2353
-8.2002
-8.1655
-8.1364
-8.1035
-8.0672
-8.0259
-7.9919
-7.9684
-7.9405
-7.9147
-7.8961
-7.8732
-7.8506
-7.8267
-7.8094
-7.7914
-7.7688
-7.7395
-7.7129
-7.7024
-7.6936
-7.6738
-7.6621
-7.6622
-7.6865
-7.7016
-7.7367
-7.7526
-7.6685
-7.5543
-7.3975
-7.0758
-6.6976
-6.4375
-6.2167
-5.9926
-5.7475
-5.4713
-5.2099
-5.0439
-4.9404
-4.8544
-4.8099
-4.7991
-4.6911
-4.4974
-4.3596
-4.2250
-4.0772
-3.9258
-3.7268
-3.3232
-3.0558
-2.7969
-2.5847
-2.3857
-2.3909
-2.5535
-2.9936
-2.8510
-2.6427
-2.5189
-2.8308
-2.9446
-3.1742
-3.2221
-3.4187
-3.0958
-3.1549
-3.1783
-3.6360
-3.8401
-4.0375
-4.2447
-4.6970
-5.1413
-5.5504
-5.8664
-6.1021
-6.2805
-6.3641
-6.4671
-6.5763
-6.6480
-6.7476
-6.8448
-6.9334
-6.9941
-7.0998
-7.1097
-7.0266
-6.9196
-6.8782
-6.7981
-6.6368
-6.7101
-6.7715
-6.7797
-6.7398
-6.7204
-6.7845
-6.8574
-6.9824
-7.0794
-7.2046
-6.9898
-6.9363
-6.8895
-6.9497
-7.0511
-7.0250
-7.0602
-7.1415
-7.1371
-7.1375
-6.9415
-6.9458
-7.0418
-7.2957
-7.5330
-7.7329
-7.8114
-7.7759
-7.5675
-7.2940
-7.0372
-6.6995
-6.2894
-5.9964
-5.6697
-5.3582
-5.0989
-4.8806
-4.7117
-4.6007
-4.5683
-4.5441
-4.5141
-4.5130
-4.5315
-4.5841
-4.6689
-4.7869
-4.9175
-5.0553
-5.1952
-5.3512
-5.5318
-5.7472
-5.9935
-6.2819
-6.5956
-6.8899
-7.1221
-7.2781
-7.3882
-7.4625
-7.5002
-7.5182
-7.5478
-7.5922
-7.6335
-7.6721
-7.7296
-7.8089
-7.8526
-7.9081
-7.9930
-8.0951
-8.1474
-8.1699
-8.1974
-8.2083
-8.1919
-8.1502
-8.1010
-8.0731
-8.0543
-8.0429
-8.0503
-8.0142
-7.9375
-7.8418
-7.7667
-7.7381
-7.7468
-7.7543
-7.7259
-7.7247
-7.7404
-7.8400
-7.8806
-7.8186
-7.7154
-7.6128
-7.5881
-7.6448
-7.7639
-7.9392
-8.1059
-8.3552
-8.4899
-8.5782
-8.5919
-8.5352
-8.5501
-8.6043
-8.6093
-8.4118
-8.1821
-8.0809
-8.0366
-7.9282
-7.7709
-7.6612
-7.6443
-7.8258
-8.1840
-8.2113
-8.1142
-7.7719
-7.2841
-6.7846
-6.2695
-5.6717
-5.1924
-4.7311
-4.1896
-3.7627
-3.3605
-2.9592
-2.6302
-2.3281
-2.0234
-1.7537
-1.5223
-1.3042
-1.0934
-0.8959
-0.7078
-0.5263
-0.3486
-0.1682
0.0027
0.1402
0.2193
0.2052
0.1088
-0.0676
-0.3064
-0.4824
-0.4396
-0.2886
-0.2889
-0.3006
-0.2177
-0.1720
-0.1998
-0.3143
-0.6609
-1.2554
-1.7044
-2.1115
-2.5555
-3.0359
-3.3959
-3.6266
-3.9606
-4.3841
-4.8051
-5.1540
-5.4186
-5.6213
-5.8429
-6.0062
-6.1449
-6.3000
-6.4498
-6.6358
-6.7403
-6.7712
-6.8508
-6.9957
-7.1370
-7.1814
-7.2130
-7.2584
-7.2747
