-6.4152
-5.9367
-5.7997
-6.1609
-6.5435
-6.7662
-6.9166
-7.0588
-7.0183
-7.0682
-7.0488
-7.0801
-7.0770
-7.0770
-7.0471
-7.0158
-6.9044
-6.8760
-6.6794
-6.6168
-6.6485
-6.5986
-6.5175
-6.4217
-6.1890
-5.9618
-5.7501
-5.6771
-5.7185
-5.8096
-5.9362
-6.1706
-6.5528
-7.0599
-7.5900
-8.1884
-8.6678
-8.8494
-8.8210
-8.9779
-9.0172
-9.0501
-9.0863
-9.2148
-9.5994
-10.0127
-10.3277
-10.4800
-10.4326
-10.1703
-9.7853
-9.6191
-9.7544
-10.3097
-10.7999
-10.7847
-10.5430
-10.2925
-10.1549
-9.7374
-9.1223
-8.6995
-8.3719
-7.9951
-7.8628
-7.8632
-7.8479
-7.6569
-7.5103
-7.2901
-7.0930
-6.9857
-6.9630
-6.8557
-6.8516
-6.8469
-6.7511
-6.6785
-6.7676
-6.7956
-6.7509
-6.7068
-6.5820
-6.4206
-6.3469
-6.1777
-5.8588
-5.5200
-5.3473
-5.3324
-5.2701
-5.1117
-4.9234
-4.6884
-4.5869
-4.5736
-4.5096
-4.5017
-4.5085
-4.4995
-4.4330
-4.3127
-4.2154
-4.0352
-3.8011
-3.6692
-3.5705
-3.3678
-2.9696
-2.5166
-2.2223
-2.0452
-1.8658
-1.6907
-1.5175
-1.4166
-1.2741
-1.2753
-1.3762
-1.4548
-1.4813
-1.5434
-1.7722
-2.0304
-2.1965
-2.3092
-2.3545
-2.4404
-2.5789
-2.7742
-3.0254
-3.3631
-3.8079
-4.1918
-4.2362
-4.0128
-4.3029
-4.2075
-4.2644
-4.1944
-3.9646
-4.3111
-4.5628
-4.7149
-4.1494
-4.2113
-4.0638
-3.7091
-4.1258
-2.6569
-1.6439
-2.8409
-4.3422
-5.7522
-5.5832
-6.0412
-5.3898
-6.0650
-7.1056
-5.9122
-5.0347
-3.9774
-4.1835
-4.0020
-3.6992
-3.4514
-3.3423
-3.2216
-2.5934
-2.3230
-2.2431
-1.7609
-1.5152
-1.2303
-1.1608
-0.7204
-0.4689
0.0050
0.0475
0.0315
0.3280
0.8072
1.1297
1.5105
1.8082
1.9684
2.4018
2.8438
2.8009
3.2484
3.6541
4.2064
4.7498
5.8796
6.0154
6.5190
6.6483
7.0608
7.6235
7.9719
8.0891
7.9328
8.1233
8.0297
7.9175
7.8389
7.8837
7.9029
7.2059
6.4273
5.5950
4.7826
4.3990
4.5131
4.4516
4.3317
4.3237
4.1582
3.9242
3.6248
3.4121
3.2042
3.0805
3.0613
2.9768
2.8451
2.5726
2.2302
1.7996
1.3380
0.8800
0.4196
-0.0009
-0.4107
-0.7631
-1.1393
-1.5514
-1.9922
-2.4429
-2.9161
-3.3540
-3.6592
-3.8862
-4.1261
-4.3225
-4.4990
-4.6354
-4.7621
-4.8680
-4.9028
-4.9669
-5.0141
-5.0889
-5.0574
-4.9956
-4.8826
-4.6684
-4.5816
-4.5466
-4.5706
-4.6855
-4.8633
-4.9600
-5.0984
-5.2220
-5.2337
-5.2938
-5.2720
-5.1474
-5.1202
-5.2122
-5.3690
-5.4456
-5.4718
-5.4350
-5.3434
-5.2143
-4.9599
-4.6411
-4.2247
-3.8669
-3.6165
-3.3979
-3.1945
-2.9153
-2.5071
-2.1522
-1.8097
-1.5484
-1.1250
-0.7345
-0.2358
0.1925
0.4602
0.8146
1.3117
1.8608
2.0780
2.1373
2.2506
2.3689
2.3689
2.3366
2.3790
2.4079
2.2894
2.1020
2.0208
1.9292
1.6939
1.4769
1.3200
1.2611
1.4171
1.4399
1.3973
1.4839
1.4765
1.4709
1.5325
1.6284
1.6881
1.6995
1.7120
1.6964
1.6261
1.5642
1.5002
1.4272
1.3545
1.2991
1.2500
1.1699
1.0399
0.7965
0.3125
-0.3003
-1.0852
-1.9455
-2.7698
-3.5030
-3.8808
-4.1544
-4.4750
-4.6381
-4.6405
-4.5163
-4.2002
-4.4024
-4.7755
-4.7452
-4.7090
-4.6130
-4.6248
-4.4697
-4.3794
-4.3355
-4.2160
-4.0286
-3.8526
-3.6394
-3.5171
-3.3835
-3.1863
-2.8851
-2.5730
-2.3279
-2.1230
-2.0519
-1.9807
-1.7920
-1.6299
-1.4719
-1.3336
-1.1592
-0.9506
-0.7980
