-3.6133
-4.0627
-4.6917
-5.1366
-5.5076
-5.6693
-5.9010
-6.1222
-6.2630
-6.4036
-6.2035
-6.0777
-5.7779
-5.5211
-5.1659
-4.7686
-4.3765
-3.9814
-3.5128
-3.0422
-2.6822
-2.3554
-1.9651
-1.5921
-1.2675
-1.0659
-1.0166
-1.0696
-1.1087
-1.1575
-1.3497
-1.6009
-1.7643
-1.8018
-1.9273
-2.0186
-1.7117
-1.3436
-1.4295
-1.3209
-1.0955
-0.8936
-0.7987
-0.9150
-0.9805
-0.9707
-0.9121
-0.7492
-0.5246
-0.3305
-0.1947
-0.2786
-0.5983
-0.9155
-0.8058
-0.2702
0.2196
0.5477
0.8060
1.3977
1.8437
1.8575
1.7800
1.6902
1.6899
1.7586
1.7720
1.8195
1.9422
2.0467
2.0617
1.9799
1.8425
1.6872
1.4188
1.1443
0.8960
0.6808
0.5475
0.5975
0.7183
0.7612
0.9153
1.2793
1.6552
2.0131
2.3395
2.5086
2.5752
2.7057
2.8236
2.8705
2.9049
2.9506
3.0289
3.1027
3.2510
3.3369
3.3784
3.4744
3.6186
3.7755
3.9597
4.1630
4.3283
4.3877
4.4016
4.4366
4.5445
4.6281
4.6723
4.6530
4.5759
4.5033
4.4513
4.1712
3.5375
3.1758
3.1375
3.0677
2.9599
2.8767
2.7669
2.6396
2.5850
2.4910
2.3678
2.1915
2.0228
1.8958
1.8182
1.7670
1.7280
1.7431
1.8284
1.6858
1.8611
1.5233
1.4590
1.5365
1.7696
1.7567
1.9357
2.1839
2.3115
1.6567
1.8713
0.4945
0.8072
0.8682
1.3872
1.0039
1.4027
2.7180
3.3024
3.8300
3.9486
4.0684
4.7834
5.9179
5.7864
5.4008
5.6465
6.0740
6.4136
6.8081
7.2268
7.5394
7.8646
8.1112
8.3545
8.4591
8.5380
8.6282
8.5374
8.6045
8.6178
8.5882
8.6400
8.5800
8.6509
8.7442
8.8357
8.7835
8.3887
7.8974
7.5231
7.4124
7.5328
7.4211
7.2262
6.8201
6.5410
5.4931
5.9046
5.5299
5.4664
4.9040
4.0355
3.5629
3.1256
3.4447
3.0833
2.6213
2.0654
1.5908
1.1721
0.6973
-0.1933
-0.4810
-0.7112
-0.9500
-1.2065
-1.7092
-1.9004
-1.9809
-2.4621
-2.9675
-3.4942
-4.0203
-4.5858
-5.1678
-5.5524
-5.9515
-6.2555
-6.4145
-6.5569
-6.7095
-6.8664
-7.0580
-7.2014
-7.2832
-7.2275
-7.0718
-6.8617
-6.6522
-6.4445
-6.2361
-6.0326
-5.7711
-5.4096
-5.0010
-4.5772
-4.1648
-3.7743
-3.3864
-3.0600
-2.7159
-2.3287
-1.8966
-1.4992
-1.1896
-0.8869
-0.5736
-0.2767
0.1371
0.6465
1.1941
1.5768
1.8968
1.9979
2.0549
2.1439
2.3543
2.5974
2.8016
2.9164
3.0447
3.2254
3.4498
3.6912
3.8376
4.0245
4.2937
4.5615
4.8461
5.1440
5.5071
5.8822
6.3003
6.6760
6.9525
7.1897
7.3401
7.4798
7.5872
7.6542
7.8434
8.1714
8.5615
8.8711
9.0106
8.9556
9.0140
9.0977
9.0474
8.8947
8.8824
8.9527
8.8625
8.7728
8.8301
8.9152
8.9103
8.7079
8.1545
7.2174
6.7132
6.0570
5.1922
4.8050
4.5666
4.4357
4.8280
4.9949
4.9409
5.1580
5.3197
5.4002
5.4765
5.5026
5.4711
5.4297
5.3801
5.2803
5.1364
4.9345
4.6898
4.4830
4.2988
4.1018
3.8614
3.6311
3.3846
3.0834
2.7012
2.3127
1.8909
1.6512
1.5871
1.5349
1.6158
1.6106
1.5277
1.6177
1.8249
2.3223
3.7315
5.9742
6.7919
6.8001
7.0110
7.0163
7.0284
7.0927
7.5206
7.8328
8.0396
8.2463
8.4608
8.7428
8.9578
9.1030
9.1267
9.1761
9.2965
9.3667
9.3315
9.3112
9.4248
9.5200
9.5595
9.5761
9.6280
9.6935
9.6440
9.6321
