0.0002
0.0206
0.0250
0.0237
0.0228
0.0230
0.0230
0.0241
0.0242
0.0232
0.0223
0.0212
0.0225
0.0207
0.0206
0.0212
0.0212
0.0240
0.0227
0.0226
0.0199
0.0181
0.0150
0.0099
0.0081
0.0087
0.0102
0.0078
0.0031
0.0005
-0.0009
-0.0017
0.0028
0.0036
0.0008
0.0028
0.0095
0.0046
-0.0002
0.0020
-0.0004
0.0014
0.0013
0.0007
0.0039
0.0038
0.0043
0.0024
-0.0007
-0.0010
0.0035
0.0069
0.0079
0.0061
0.0036
-0.0000
0.0018
0.0030
0.0012
-0.0027
0.0016
0.0012
0.0055
0.0054
0.0083
0.0067
0.0107
0.0073
0.0065
0.0065
0.0068
0.0053
0.0073
0.0085
0.0106
0.0153
0.0188
0.0144
0.0140
0.0140
0.0103
0.0086
0.0077
0.0033
0.0020
0.0016
0.0009
0.0039
0.0028
-0.0021
-0.0004
0.0012
0.0021
0.0017
-0.0005
0.0006
0.0006
-0.0022
-0.0011
-0.0006
0.0002
-0.0022
-0.0021
-0.0008
-0.0021
-0.0049
-0.0050
-0.0010
0.0010
-0.0018
-0.0050
-0.0045
-0.0016
-0.0014
-0.0013
-0.0008
-0.0003
0.0036
0.0061
0.0083
0.0118
0.0202
0.0240
0.0239
0.0245
0.0234
0.0233
0.0265
0.0310
0.0220
0.0039
-0.0029
-0.0035
-0.0012
0.0191
0.0295
0.0049
0.0269
0.0180
0.0274
0.0272
0.0198
0.0066
0.0133
0.0577
0.0678
0.0978
-0.0428
-0.0077
-0.0857
0.0041
0.0103
0.0183
0.0078
0.0006
0.0133
0.0014
-0.0032
-0.0209
0.0053
0.0444
0.0272
0.0042
0.0194
0.0180
0.0121
0.0125
0.0177
0.0079
-0.0002
0.0054
-0.0009
-0.0049
-0.0007
-0.0009
0.0036
-0.0040
-0.0017
-0.0075
-0.0094
-0.0046
-0.0064
-0.0018
0.0017
-0.0063
-0.0278
-0.0144
-0.0180
-0.0200
-0.0154
-0.0151
-0.0106
0.0039
-0.0042
-0.0158
-0.0129
-0.0151
0.0009
-0.0082
-0.0032
-0.0122
-0.0110
-0.0087
-0.0071
-0.0070
-0.0085
-0.0042
-0.0058
-0.0076
-0.0080
-0.0071
-0.0058
-0.0058
-0.0029
-0.0048
-0.0014
0.0046
0.0065
0.0086
0.0158
0.0243
0.0337
0.0343
0.0359
0.0448
0.0521
0.0647
0.0761
0.0893
0.0958
0.0974
0.0941
0.0884
0.0800
0.0687
0.0543
0.0365
0.0155
-0.0045
-0.0199
-0.0227
-0.0184
-0.0130
-0.0066
-0.0012
-0.0004
0.0011
0.0021
0.0059
0.0037
0.0015
0.0014
-0.0008
0.0027
0.0075
0.0102
0.0105
0.0083
0.0038
-0.0010
-0.0029
-0.0006
-0.0016
-0.0052
-0.0050
-0.0063
-0.0054
0.0015
0.0029
-0.0029
-0.0080
-0.0065
-0.0046
-0.0013
0.0004
-0.0007
0.0001
0.0021
0.0051
0.0074
0.0031
-0.0002
-0.0014
-0.0017
0.0004
-0.0004
0.0014
-0.0003
-0.0007
0.0016
0.0031
0.0030
-0.0032
-0.0051
-0.0041
-0.0016
-0.0022
-0.0035
-0.0023
-0.0040
-0.0060
-0.0092
-0.0084
-0.0045
-0.0027
-0.0033
-0.0026
-0.0046
-0.0062
-0.0085
-0.0085
-0.0061
-0.0004
0.0074
0.0072
0.0076
0.0095
0.0089
0.0111
0.0141
0.0135
0.0124
0.0142
0.0130
0.0109
0.0105
0.0131
0.0164
0.0213
0.0278
0.0382
0.0514
0.0626
0.0760
0.0995
0.1331
0.1511
0.1313
0.0879
0.0327
-0.0082
-0.0116
0.0016
0.0086
0.0053
0.0022
0.0083
0.0338
0.0733
0.0271
0.0144
0.0038
-0.0016
0.0014
0.0010
0.0010
0.0013
0.0001
-0.0032
-0.0055
-0.0068
-0.0026
-0.0009
0.0015
0.0054
0.0039
0.0008
-0.0002
0.0004
0.0026
0.0028
0.0010
0.0003
-0.0014
-0.0028
-0.0055
-0.0078
