3.9930
4.1060
4.2830
4.3720
4.3860
4.4500
4.4290
4.5080
4.6720
4.8120
4.9290
4.9610
5.0120
5.0580
5.0790
5.1310
5.1860
5.1770
5.1090
5.0790
5.1840
5.2870
5.3910
5.4640
5.4860
5.5340
5.5450
5.5050
5.4640
5.3940
5.3690
5.3900
5.4000
5.4370
5.5100
5.5930
5.6820
5.7660
5.8340
5.8750
5.9170
5.9020
5.8960
5.9090
5.9320
5.9310
5.9380
5.9770
5.9450
5.9260
5.9580
6.0480
6.0630
6.0340
6.0640
6.0840
6.0610
6.0180
5.9770
5.9100
5.9040
5.8980
5.8570
5.8280
5.8000
5.8030
5.9430
5.8280
5.7500
5.7440
5.7510
5.7160
5.7120
5.7280
5.7160
5.6880
5.6860
5.7160
5.7310
5.6890
5.6650
5.6300
5.5930
5.5730
5.5770
5.5720
5.5080
5.4750
5.3930
5.3780
5.4270
5.4360
5.4450
5.4810
5.5350
5.5690
5.6250
5.6440
5.6570
5.6610
5.7050
5.7330
5.8330
5.8710
5.8960
5.9800
5.9570
5.9550
6.0640
6.1660
6.2170
6.2920
6.2660
6.0340
5.8940
5.8360
5.7210
5.6840
5.6660
5.8130
5.8690
5.8240
5.7260
5.7630
5.8280
5.8250
5.9250
6.0820
6.1570
6.2130
6.3040
6.4960
6.6440
6.8910
6.9750
6.8990
7.3830
7.3980
7.3580
7.3010
7.1960
7.1080
7.1740
7.4070
7.5560
7.7340
7.4500
7.1540
7.3160
6.5710
6.6330
6.2980
6.5690
6.4860
6.5070
6.6420
6.5350
6.4030
6.1830
5.9500
5.9770
5.6150
5.8810
5.7050
5.6390
5.1840
5.3410
5.4090
5.4820
5.6550
5.7850
5.6250
5.3370
5.4750
6.0540
6.5740
6.9260
7.1570
7.1250
7.1730
7.2510
7.3850
7.7110
7.9030
7.9670
8.0120
8.0720
8.0100
7.9880
8.1020
8.1490
8.1680
8.2090
8.2390
8.2200
7.9450
8.1370
7.8530
7.4780
7.4250
7.3900
7.1580
6.5610
6.4090
7.0390
7.2790
7.5290
7.6500
7.5740
7.3030
6.8900
6.4410
5.8900
5.2420
4.8050
4.8830
5.1050
5.3750
5.7360
5.9610
5.9430
5.9790
6.2920
6.6000
6.6880
6.7830
6.7700
7.1560
8.1370
8.7450
9.3740
9.6110
9.7680
9.8640
9.5950
9.7670
9.9030
9.8240
9.6190
9.6190
9.6150
9.2150
8.8030
8.9290
9.3450
9.8950
10.1870
9.9860
9.4270
8.8700
8.1470
7.9720
8.2140
8.3310
8.4950
8.5050
8.2800
8.3580
8.5080
8.7520
8.9100
8.9540
8.7550
8.8850
8.8830
8.2160
7.9420
7.8070
7.5400
7.5030
7.7670
8.0270
8.2430
8.3080
8.3390
8.2120
7.7690
7.5410
7.3110
7.1360
6.6400
6.4980
5.8890
5.3090
4.7250
4.3400
4.6060
4.9080
5.0980
5.4230
5.6490
5.7280
6.2250
5.9690
5.7490
5.7470
5.6630
5.6930
5.5250
5.3820
4.9700
4.4940
4.4360
4.2780
3.7920
3.4080
3.0000
2.5010
2.3520
2.5030
2.9780
3.7340
4.1130
3.8810
3.4440
3.3080
3.5830
4.0270
4.4350
4.6740
4.8540
4.9340
4.9770
5.0130
4.9840
4.7700
4.5730
4.3860
3.9960
3.9440
4.5820
4.8350
4.7520
4.4850
4.6590
4.5590
4.1110
4.3570
4.5670
4.8830
4.8630
5.1590
5.2830
5.3100
5.3500
5.3990
5.3510
5.1040
4.8430
4.8200
4.7740
4.7870
4.5730
4.3550
4.2110
4.0360
3.6780
3.3890
3.1070
2.9100
2.9510
2.9270
2.8640
2.9460
3.1050
3.0750
2.9330
2.6600
2.3040
2.0600
1.9540
1.8300
1.6930
1.5360
1.3560
1.3440
1.3900
