553.5300
570.5500
584.3300
569.3800
594.6400
599.0600
594.9200
570.8700
589.7700
597.7400
582.6600
605.2900
600.4700
585.8600
599.5600
608.8500
627.4700
628.3300
628.4700
620.1600
603.2200
611.2100
620.6900
622.8300
620.9500
618.8400
619.9400
627.1500
642.5200
648.5500
653.7200
657.8100
655.1100
660.7500
661.1000
663.0000
659.5400
653.7100
648.5400
629.1000
612.4200
606.0300
598.5500
596.6600
585.3900
573.4400
557.0800
544.1500
542.1600
538.7700
529.4800
518.4900
499.5800
496.9300
488.2700
479.7200
475.8500
465.4700
466.2300
462.0800
462.9500
462.3000
462.1200
461.1400
455.3300
448.2000
446.5100
444.0400
447.6200
440.6700
435.1700
436.0300
432.2400
427.8100
427.9400
440.7800
454.6700
461.8200
463.8400
465.8000
471.5800
481.6100
493.3000
497.8700
499.4700
501.8800
507.2600
469.6100
441.4700
434.0900
431.5400
439.3800
436.8800
421.0400
393.7700
380.3100
379.6100
377.1800
380.9700
392.1800
389.2800
387.0500
384.2300
382.2500
381.8200
378.3500
377.5600
371.8000
373.6500
375.6700
368.8600
387.0400
406.7600
406.1700
409.4400
402.9200
406.7700
420.3100
441.1800
446.3600
443.0000
445.6100
454.8900
451.8100
462.5100
464.6700
467.1800
470.7300
470.1400
465.3300
464.7100
468.5900
457.3600
449.9900
445.8900
432.7400
401.5800
396.3500
394.0900
383.4100
368.8100
356.8900
332.6300
318.6400
304.3000
273.8500
275.7000
261.1800
229.6100
257.1000
254.5600
247.5800
213.1500
187.9500
183.5500
164.5000
148.2300
161.2600
178.8600
212.2400
213.4600
222.5600
206.3300
212.6100
210.8900
224.7500
228.9300
225.6900
225.3800
219.5500
215.8200
221.2700
246.1000
248.9600
238.6500
230.4900
230.3900
235.7800
245.7200
254.7300
257.1200
258.9700
253.6300
206.6500
172.1000
162.3600
159.8700
170.8400
166.3700
152.8100
126.8900
113.0500
114.9900
109.4200
108.1700
122.2600
106.7600
95.5970
94.8480
96.1120
93.3390
92.8420
89.2590
76.1950
75.9060
65.0750
59.4810
83.2990
111.9600
119.5600
136.3100
124.7900
123.1700
122.5100
150.2700
157.8600
141.0400
141.2400
138.9000
132.7600
140.6900
148.5400
144.1300
143.1700
148.8600
152.8900
167.6600
171.0100
157.5400
154.3300
119.3500
81.3760
49.2450
27.8650
34.8410
14.5790
0.7278
-12.7270
-37.5990
-59.9030
-81.3240
-55.7300
-51.1390
-44.9030
-78.6510
-134.1300
-167.7100
-168.4200
-151.6900
-137.4300
-123.5700
-128.0000
-151.5400
-158.5600
-171.6600
-149.1200
-113.4200
-114.4800
-113.8200
-124.8200
-139.7100
-139.3200
-115.5300
-110.7300
-106.7500
-99.2050
-98.8100
-117.8600
-127.2000
-148.6700
-171.7600
-183.0000
-201.8800
-220.9900
-238.6600
-250.1900
-252.1000
-264.9100
-265.9200
-308.5700
-355.2300
-379.8300
-408.0600
-414.7600
-433.6900
-453.7400
-481.7100
-502.0400
-508.5300
-516.4500
-512.6300
-500.3900
-505.2300
-491.8200
-484.6400
-485.6500
-477.4800
-481.0600
-476.9800
-482.5400
-479.2200
-471.0200
-469.5800
-440.9800
-414.6100
-394.8200
-382.9900
-383.3500
-362.9200
-339.9900
-305.3300
-281.1500
-269.6400
-256.1000
-249.1300
-252.7500
-247.6600
-244.3200
-241.9300
-241.8700
-240.9000
-239.1700
-238.0700
-226.6600
-222.1200
-217.8100
-215.0800
-237.8600
-261.7900
-270.1700
-266.6300
-260.1100
-256.7400
-249.4400
-267.2200
-262.9300
-258.8200
-261.4400
-258.7900
-241.9500
-230.3900
-223.1900
-217.0800
-218.6900
-211.1500
-203.5100
-190.2700
-179.2800
-176.0400
-165.5800
-162.2700
-146.1000
-124.7700
-108.7300
-96.5440
-88.0230
-74.1470
-62.9570
-37.6090
-24.4090
-13.1810
-1.7522
13.9460
7.6007
11.0870
18.2450
31.6390
41.5100
38.9890
46.0070
50.3850
53.4790
60.7060
64.7840
75.2360
48.2170
21.9850
