5.5359
5.7154
5.9954
6.1377
6.1594
6.2603
6.2275
6.3531
6.6138
6.8347
7.0213
7.0711
7.1523
7.2254
7.2588
7.3417
7.4282
7.4146
7.3074
7.2591
7.4259
7.5884
7.7546
7.8700
7.9045
7.9811
7.9982
7.9345
7.8699
7.7594
7.7195
7.7521
7.7677
7.8278
7.9426
8.0753
8.2164
8.3498
8.4573
8.5225
8.5883
8.5648
8.5554
8.5766
8.6134
8.6105
8.6219
8.6845
8.6332
8.6028
8.6534
8.7968
8.8204
8.7741
8.8214
8.8542
8.8167
8.7488
8.6844
8.5782
8.5687
8.5591
8.4933
8.4473
8.4025
8.4073
8.6294
8.4474
8.3236
8.3143
8.3256
8.2699
8.2641
8.2886
8.2707
8.2262
8.2229
8.2705
8.2936
8.2263
8.1890
8.1335
8.0747
8.0426
8.0488
8.0416
7.9405
7.8880
7.7580
7.7341
7.8108
7.8263
7.8399
7.8969
7.9828
8.0365
8.1252
8.1561
8.1759
8.1822
8.2528
8.2975
8.4560
8.5158
8.5557
8.6885
8.6531
8.6496
8.8222
8.9833
9.0644
9.1837
9.1434
8.7750
8.5527
8.4609
8.2772
8.2186
8.1905
8.4235
8.5126
8.4407
8.2861
8.3445
8.4480
8.4423
8.6009
8.8502
8.9697
9.0581
9.2029
9.5073
9.7424
10.1339
10.2672
10.1467
10.9151
10.9389
10.8747
10.7853
10.6189
10.4790
10.5842
10.9529
11.1896
11.4715
11.0218
10.5519
10.8092
9.6269
9.7243
9.1930
9.6227
9.4921
9.5255
9.7387
9.5693
9.3600
9.0103
8.6412
8.6846
8.1092
8.5317
8.2523
8.1483
7.4257
7.6743
7.7826
7.8982
8.1727
8.3796
8.1263
7.6682
7.8881
8.8070
9.6321
10.1907
10.5563
10.5061
10.5824
10.7064
10.9176
11.4357
11.7406
11.8414
11.9130
12.0091
11.9098
11.8749
12.0566
12.1299
12.1611
12.2256
12.2734
12.2432
11.8072
12.1110
11.6612
11.0656
10.9819
10.9260
10.5581
9.6101
9.3691
10.3697
10.7493
11.1470
11.3383
11.2188
10.7878
10.1330
9.4199
8.5466
7.5179
6.8244
6.9478
7.3011
7.7291
8.3011
8.6580
8.6301
8.6876
9.1836
9.6728
9.8123
9.9627
9.9419
10.5553
12.1112
13.0757
14.0744
14.4507
14.7003
14.8512
14.4254
14.6987
14.9136
14.7884
14.4630
14.4639
14.4569
13.8227
13.1687
13.3678
14.0282
14.9012
15.3638
15.0456
14.1585
13.2744
12.1276
11.8496
12.2330
12.4197
12.6789
12.6961
12.3380
12.4626
12.7004
13.0882
13.3384
13.4080
13.0929
13.2985
13.2948
12.2366
11.8019
11.5878
11.1636
11.1062
11.5250
11.9376
12.2798
12.3823
12.4314
12.2303
11.5281
11.1662
10.8008
10.5232
9.7359
9.5109
8.5439
7.6240
6.6978
6.0859
6.5079
6.9882
7.2891
7.8050
8.1629
8.2895
9.0776
8.6721
8.3230
8.3188
8.1864
8.2342
7.9674
7.7404
7.0869
6.3301
6.2383
5.9884
5.2163
4.6072
3.9598
3.1683
2.9324
3.1709
3.9254
5.1253
5.7258
5.3584
4.6653
4.4487
4.8854
5.5903
6.2374
6.6165
6.9023
7.0298
7.0980
7.1545
7.1078
6.7693
6.4564
6.1598
5.5413
5.4579
6.4705
6.8714
6.7396
6.3169
6.5922
6.4339
5.7230
6.1128
6.4468
6.9478
6.9171
7.3865
7.5835
7.6249
7.6897
7.7665
7.6911
7.2993
6.8851
6.8480
6.7744
6.7952
6.4560
6.1104
5.8811
5.6037
5.0354
4.5771
4.1293
3.8176
3.8827
3.8451
3.7443
3.8751
4.1263
4.0786
3.8544
3.4206
2.8559
2.4686
2.3003
2.1038
1.8870
1.6375
1.3518
1.3317
1.4060
