-3.2905
-3.2778
-3.2515
-3.2433
-3.2597
-3.2519
-3.2705
-3.2963
-3.3169
-3.3473
-3.3952
-3.4300
-3.4610
-3.4873
-3.5106
-3.5230
-3.5020
-3.5455
-3.4984
-3.4753
-3.4372
-3.3822
-3.3388
-3.2962
-3.2685
-3.2413
-3.2146
-3.1849
-3.1565
-3.1250
-3.0965
-3.0669
-3.0328
-3.0029
-2.9712
-2.9426
-2.9176
-2.9100
-2.9162
-2.9136
-2.9214
-2.9261
-2.9355
-2.9488
-2.9762
-2.9954
-3.0093
-3.0262
-3.0426
-3.0654
-3.0912
-3.1136
-3.1338
-3.1604
-3.1864
-3.2124
-3.2351
-3.2571
-3.2818
-3.3020
-3.3297
-3.3513
-3.3755
-3.3941
-3.4073
-3.4223
-3.3934
-3.4439
-3.4407
-3.4378
-3.4316
-3.4222
-3.4093
-3.3914
-3.3784
-3.3683
-3.3612
-3.3569
-3.3513
-3.3472
-3.3457
-3.3447
-3.3387
-3.3332
-3.3260
-3.3132
-3.3001
-3.2803
-3.2589
-3.2516
-3.2557
-3.2474
-3.2369
-3.2195
-3.1960
-3.1795
-3.1737
-3.1726
-3.1780
-3.1889
-3.1966
-3.2066
-3.2120
-3.2151
-3.2193
-3.2194
-3.2360
-3.2441
-3.2481
-3.2393
-3.2211
-3.1893
-3.2249
-3.1910
-3.1513
-3.1099
-3.0735
-3.0161
-3.0115
-3.0429
-3.0278
-3.0119
-2.9971
-2.9548
-2.8552
-2.8133
-2.7885
-2.7536
-2.6987
-2.6554
-2.6409
-2.6199
-2.6124
-2.6137
-2.6219
-2.6294
-2.6430
-2.6214
-2.5954
-2.5756
-2.6033
-2.6077
-2.6297
-2.6356
-2.5929
-2.5295
-2.4985
-2.4699
-2.4749
-2.5027
-2.5468
-2.5846
-2.6073
-2.6283
-2.6480
-2.6879
-2.7428
-2.7873
-2.8501
-2.9092
-2.9623
-3.0292
-3.0638
-3.1350
-3.1389
-3.2061
-3.2318
-3.2413
-3.2517
-3.2434
-3.2568
-3.3032
-3.3425
-3.3352
-3.2714
-3.1895
-3.1221
-3.0939
-3.1106
-3.1189
-3.1109
-3.0922
-3.0607
-3.0167
-2.9882
-2.9657
-2.9397
-2.9141
-2.8734
-2.8482
-2.8815
-2.9345
-2.9644
-2.9985
-2.9666
-2.9184
-2.8181
-2.5745
-2.5120
-2.4551
-2.4243
-2.4013
-2.1576
-1.8704
-1.7465
-1.6269
-1.5765
-1.5656
-1.4389
-1.4090
-1.3277
-1.1336
-0.9479
-0.8093
-0.7048
-0.5119
-0.3203
-0.1907
-0.1746
0.0065
0.2654
0.5089
0.6832
0.8793
0.9880
0.7262
0.3871
-0.1294
-0.4311
-0.5536
-0.6716
-0.7472
-0.8497
-0.8582
-0.9244
-0.9174
-0.9042
-0.9931
-0.9500
-0.9164
-0.9087
-0.9931
-1.0215
-1.0908
-1.1280
-1.0551
-0.9920
-0.9547
-1.0094
-1.0826
-1.0394
-1.0609
-1.1760
-1.2848
-1.2391
-1.2702
-1.2598
-1.2531
-1.2217
-1.1274
-1.1081
-1.1162
-1.1359
-1.1257
-1.1169
-1.1373
-1.1740
-1.2660
-1.2727
-1.2411
-1.1620
-0.9770
-0.8283
-0.7540
-0.7135
-0.7450
-0.7848
-0.7862
-0.8002
-0.7371
-0.6820
-0.6386
-0.6491
-0.6554
-0.6502
-0.6637
-0.6783
-0.6869
-0.6985
-0.7001
-0.7044
-0.7142
-0.7207
-0.7480
-0.7851
-0.8140
-0.8585
-0.9221
-1.0049
-1.1106
-1.2520
-1.3602
-1.4390
-1.6146
-1.8390
-1.9975
-2.0274
-1.9553
-1.8241
-1.3731
-0.8764
-0.4949
-0.2696
-0.2285
-0.0453
0.3061
0.6221
0.8767
1.1484
1.4020
1.5926
1.7841
1.9966
2.1861
2.3446
2.5081
2.6806
2.8143
2.9559
2.9491
2.5403
2.2893
2.1727
2.1866
2.2748
2.2126
2.3747
2.4393
2.3611
2.1710
1.9102
1.5898
1.3150
0.9992
0.7834
0.6759
0.5062
0.3280
0.2622
0.1638
-0.0111
-0.1954
-0.4202
-0.6372
-0.8987
-1.1454
-1.3184
-1.4973
-1.6586
-1.7533
-1.7505
-1.7630
-1.8047
-1.7411
-1.6050
-1.5028
-1.4581
-1.4378
-1.3927
-1.3476
-1.3058
-1.2975
-1.3130
-1.2810
-1.2795
-1.2091
-0.9887
