-5.5346
-5.7044
-5.9709
-6.1020
-6.1060
-6.1949
-6.1105
-6.2014
-6.4283
-6.6505
-6.8432
-6.9138
-7.0116
-7.0907
-7.1190
-7.1998
-7.3182
-7.2955
-7.2093
-7.1676
-7.3599
-7.5383
-7.7186
-7.8474
-7.8869
-7.9722
-7.9952
-7.9336
-7.8698
-7.7591
-7.7163
-7.7464
-7.7616
-7.8207
-7.9336
-8.0666
-8.2099
-8.3443
-8.4548
-8.5219
-8.5882
-8.5626
-8.5473
-8.5631
-8.5939
-8.5794
-8.5824
-8.6365
-8.5781
-8.5396
-8.5853
-8.7430
-8.7649
-8.7133
-8.7655
-8.8102
-8.7891
-8.7210
-8.6690
-8.5729
-8.5686
-8.5567
-8.4825
-8.4237
-8.3726
-8.3680
-8.5671
-8.3955
-8.2792
-8.2744
-8.2805
-8.2084
-8.1791
-8.1655
-8.1084
-8.0461
-8.0345
-8.0619
-8.0873
-8.0248
-7.9902
-7.9494
-7.9041
-7.8968
-7.9172
-7.9394
-7.8620
-7.8168
-7.7056
-7.6982
-7.7826
-7.8057
-7.8257
-7.8891
-7.9797
-8.0364
-8.1244
-8.1540
-8.1736
-8.1770
-8.2420
-8.2813
-8.4422
-8.5027
-8.5429
-8.6776
-8.6427
-8.6384
-8.8150
-8.9827
-9.0634
-9.1837
-9.1427
-8.7744
-8.5525
-8.4606
-8.2699
-8.2080
-8.1830
-8.4149
-8.5059
-8.4377
-8.2836
-8.3390
-8.4355
-8.4272
-8.5847
-8.8323
-8.9469
-9.0441
-9.1849
-9.4801
-9.7170
-10.1127
-10.2600
-10.1463
-10.9150
-10.9384
-10.8728
-10.7824
-10.6171
-10.4731
-10.5842
-10.9477
-11.1733
-11.4402
-10.9916
-10.4932
-10.6991
-9.5223
-9.6194
-9.1146
-9.4779
-9.3060
-9.3704
-9.6055
-9.4733
-9.1731
-8.8677
-8.5410
-8.6169
-8.0347
-8.4625
-8.1978
-8.1222
-7.4232
-7.6616
-7.7593
-7.8147
-8.0929
-8.3079
-7.8874
-7.2215
-7.4183
-8.5771
-9.5543
-10.1458
-10.5216
-10.4554
-10.5177
-10.6374
-10.8433
-11.3786
-11.7060
-11.8167
-11.8930
-11.9915
-11.8990
-11.8736
-12.0566
-12.1284
-12.1474
-12.1835
-12.1697
-12.0559
-11.5430
-11.7978
-11.1792
-10.4425
-10.1307
-9.6832
-8.6845
-7.3609
-7.4984
-8.6112
-8.8211
-8.9826
-8.4301
-7.2026
-6.3606
-5.9412
-5.1863
-4.3540
-3.6772
-3.4066
-3.7335
-4.3879
-5.3895
-6.2292
-6.3833
-6.1274
-6.3538
-6.8821
-6.9580
-6.6903
-7.1986
-7.5783
-8.9612
-10.5802
-11.6777
-12.8894
-13.4454
-13.7486
-13.9215
-13.6101
-14.0408
-14.3350
-14.1875
-13.8867
-13.9319
-13.9269
-13.2478
-12.6520
-12.9448
-13.5829
-14.2383
-14.5817
-14.3010
-13.5091
-12.6906
-11.7780
-11.6384
-12.0693
-12.2967
-12.5686
-12.5932
-12.1785
-12.3362
-12.5314
-12.8220
-12.9803
-12.9502
-12.5825
-12.8606
-12.6678
-11.4623
-10.8554
-10.6124
-10.2156
-10.2564
-10.8099
-11.2855
-11.6197
-11.8615
-11.9866
-11.6108
-10.6519
-10.2719
-9.6490
-9.1951
-8.4228
-7.9560
-6.6195
-5.1703
-3.8463
-2.7647
-2.0513
-1.2853
-0.4987
0.3412
1.2699
1.9532
2.7506
3.2593
3.7852
4.4838
5.0243
5.5685
5.9857
6.2585
6.3154
6.1295
6.1965
5.9257
5.1842
4.5917
3.8637
3.0604
2.7317
2.4686
2.6116
2.7678
2.1114
1.5287
2.0924
3.2532
4.3801
5.4083
6.1694
6.5597
6.8023
6.8624
6.8179
6.7296
6.5568
6.1683
5.6765
5.1038
4.2893
3.4213
2.9696
2.6678
2.6974
2.8892
3.1329
3.3998
2.7219
2.3489
2.2316
2.2729
1.7604
1.2866
0.9953
0.4941
0.7064
0.9135
1.1617
1.3875
1.1744
1.2894
1.2009
1.0727
1.1458
1.2008
1.0677
0.9156
0.7035
0.4056
0.4401
0.5439
0.5381
0.4430
0.5926
0.5059
0.3717
0.4128
0.5003
0.4651
0.4828
0.5956
0.6284
0.5337
0.4651
0.3805
0.5276
0.7189
0.7560
