-0.1204
-0.3552
-0.5414
-0.6605
-0.8091
-0.9024
-1.2017
-1.3797
-1.5556
-1.5761
-1.5711
-1.4830
-1.4118
-1.3885
-1.4178
-1.4367
-1.2735
-1.3232
-1.1935
-1.1493
-0.9881
-0.8708
-0.7456
-0.5961
-0.5274
-0.3763
-0.2192
-0.1198
-0.0329
0.0658
0.2220
0.2953
0.3072
0.3349
0.3776
0.3760
0.3263
0.3034
0.2029
0.0950
-0.0353
-0.1951
-0.3709
-0.4814
-0.5795
-0.7311
-0.8236
-0.9120
-0.9736
-1.0412
-1.0830
-0.9716
-0.9878
-1.0312
-0.9913
-0.8821
-0.6967
-0.6961
-0.5169
-0.3012
-0.0372
0.2029
0.4296
0.6310
0.7081
0.8117
1.0350
0.9349
0.8590
0.8130
0.8653
1.0067
1.1820
1.4236
1.6304
1.7120
1.7500
1.8458
1.8382
1.8094
1.7933
1.7210
1.6509
1.5246
1.4497
1.2777
1.1136
1.0571
0.9000
0.7445
0.6633
0.5673
0.4716
0.3524
0.2234
0.0254
-0.1123
-0.1879
-0.1941
-0.2937
-0.4220
-0.5176
-0.4828
-0.4728
-0.4689
-0.4354
-0.4227
-0.4411
-0.3567
-0.1100
0.1388
0.0047
-0.1056
-0.1084
-0.0554
0.0738
0.3477
0.4183
0.3506
0.3789
0.3378
0.2243
0.2019
0.3036
0.4596
0.5039
0.5268
0.5621
0.6391
0.5019
0.5755
0.7179
0.7027
0.6551
0.3846
0.0977
0.0405
0.1056
0.2074
0.2501
0.1954
0.3526
0.0119
0.3375
0.6030
0.8461
0.8162
1.1111
1.5387
1.4151
1.4248
1.1978
1.6632
1.8704
1.7121
1.6050
1.3520
1.8610
1.5969
1.3119
1.0823
1.0972
1.0846
0.9466
0.6516
-0.1899
-0.4427
-0.6017
-1.1453
-1.1392
-1.0938
-1.9559
-2.5790
-2.6818
-1.9995
-1.2220
-0.9553
-0.8550
-1.0311
-1.1686
-1.2136
-1.2720
-1.1417
-0.9010
-0.7634
-0.6894
-0.6508
-0.5055
-0.1763
0.0022
0.1902
0.5757
1.0139
1.5924
2.1334
2.4841
2.7364
3.3181
3.6607
4.2392
5.0609
6.0044
6.1782
5.6173
5.7774
6.1429
6.6007
7.5823
8.6014
8.7133
8.2085
7.8637
7.3544
6.5572
5.9134
5.8595
5.8354
5.5401
5.4869
5.8494
6.0773
5.9248
6.0808
6.7193
7.1778
6.8873
6.4352
5.5779
5.8941
5.8825
5.6528
5.2956
5.2034
5.1722
4.7808
4.3481
4.1136
4.1728
4.0421
3.8869
3.8786
3.9450
3.6526
3.3364
3.5066
4.3950
4.8394
4.6747
4.2387
3.8936
2.8912
2.2276
1.9942
1.7436
1.6688
1.6138
1.9770
1.7709
2.0651
2.6262
3.0699
3.4738
3.6202
3.3849
4.0347
4.2839
4.6310
4.6532
4.5019
4.2608
3.9965
3.8913
3.9719
3.5535
3.2958
3.8431
4.4085
4.3787
4.8534
5.1174
4.8830
5.2113
5.4019
5.6029
5.4833
5.4217
6.1762
6.8689
7.2720
7.7975
8.0635
8.0561
8.6509
8.0364
7.4124
7.0070
6.4633
6.0658
5.2584
4.5547
3.2156
1.5808
0.7208
0.8645
0.5777
-0.3778
-0.8675
-0.8198
-1.0663
-1.9901
-2.9306
-4.3137
-5.3223
-5.1357
-4.1697
-3.0344
-2.1639
-1.4149
-0.9184
-0.8653
-1.1709
-1.5252
-1.9744
-2.4287
-2.7441
-2.7885
-3.0760
-3.4488
-3.5083
-4.2524
-5.7488
-6.3324
-6.1763
-5.6175
-5.8002
-5.4623
-5.0342
-5.6435
-6.0482
-6.5655
-6.6893
-7.2736
-7.5179
-7.6088
-7.6571
-7.7126
-7.6028
-7.1662
-6.7842
-6.7255
-6.6671
-6.7100
-6.3535
-5.9912
-5.7834
-5.5284
-4.9860
-4.5591
-4.1058
-3.7786
-3.8452
-3.8195
-3.6971
-3.8419
-4.1095
-4.0577
-3.8218
-3.3888
-2.8148
-2.3956
-2.2128
-2.0349
-1.8288
-1.5927
-1.2446
-1.1210
-1.1854
