7.6050
7.6390
7.7980
7.9340
8.1400
8.2890
8.3890
8.4520
8.7400
8.5400
8.3250
8.0580
7.7040
7.5680
7.2940
7.9850
8.2620
8.2450
7.6890
9.0870
8.9920
8.0610
8.2000
7.3600
6.3740
7.0080
7.4960
6.5490
5.3300
4.9160
4.7760
5.2500
5.1020
4.9320
4.6070
4.1540
4.0630
3.0070
3.5600
4.3640
5.9360
5.0560
4.3270
5.8030
6.2280
4.7430
4.6950
4.3760
5.2920
5.7620
4.2160
3.6380
5.3660
6.3360
6.5130
6.3620
5.8800
5.1960
3.9010
3.8380
4.3240
5.3880
6.2600
7.0740
7.4500
6.6240
6.6160
6.9550
6.6550
6.6240
6.6920
6.6560
6.9020
7.2860
6.8790
6.6010
6.0200
5.9690
5.8930
6.6530
6.0140
5.4740
5.9820
5.7200
4.2190
4.7580
4.2110
3.8880
4.2400
4.7770
5.7960
6.0770
6.1060
6.2480
6.5470
6.7150
6.7180
6.7140
6.5640
6.4360
6.2100
6.0150
5.8590
6.1170
5.8420
5.3120
5.4550
5.5740
5.7490
5.7700
5.8000
5.7030
5.2800
4.8250
4.4070
3.7510
3.6110
3.8320
3.8610
3.8410
3.7430
3.7000
3.8680
4.0040
4.0590
4.1550
4.2940
4.3290
4.3330
4.3050
4.2770
4.2050
4.0310
3.7640
3.5540
3.3960
3.2720
3.1640
3.1370
3.1060
3.0270
2.6950
2.3130
1.9000
1.6550
1.6890
1.7810
2.0660
2.2560
2.3330
2.2240
2.1250
2.0120
1.9040
1.8150
1.6960
1.4080
1.0690
0.8440
0.8880
0.8810
0.7770
0.7900
1.0910
1.4430
1.7220
1.8800
1.9360
1.8550
1.7760
1.7600
1.7450
1.6180
1.4710
1.3690
1.3090
1.3160
1.3790
1.4230
1.4770
1.5840
1.7470
1.9320
1.9650
1.9440
1.9940
2.0880
2.1780
2.3720
2.5750
2.7110
2.8330
3.0270
3.2430
3.3780
3.4540
3.5510
3.6380
3.6690
3.7310
3.8430
3.9510
4.0220
4.0940
4.1680
4.2180
4.3070
4.4710
4.6620
4.8520
5.0150
5.1090
4.9270
4.6410
4.4730
3.8860
3.2200
2.8430
2.6730
2.8860
3.0990
3.0700
3.0460
2.9580
2.6820
2.4220
2.2140
2.0020
1.7860
1.5410
1.2480
0.9340
0.7770
1.1460
1.6860
2.1260
2.4160
2.7270
3.0500
3.3330
3.4570
3.5050
3.5890
3.6290
3.7130
3.9090
4.1920
4.4360
4.7690
5.1930
5.5180
5.6750
5.7090
5.7300
5.7030
5.6380
5.5940
5.3510
5.2920
5.1820
5.0430
4.8930
4.7980
4.7320
4.6650
4.6030
4.5600
4.5220
4.4950
4.4730
4.4210
4.3950
4.4150
4.5190
4.6400
4.7300
4.7840
4.8570
4.8780
4.8640
4.9100
5.0480
5.0630
5.1270
5.3620
5.4400
5.4080
5.6350
5.7300
5.6270
5.4730
5.3680
5.1200
5.1650
5.3130
5.4280
5.7450
6.2260
6.7740
7.1940
7.3890
7.5110
7.2640
6.9660
6.6590
6.3840
5.9540
5.9110
6.1090
6.5040
6.9130
7.0300
7.0650
7.1930
7.2890
7.3530
7.3900
7.4140
7.5050
7.6900
7.7450
7.7620
7.7890
7.8840
7.9070
7.7030
7.5120
7.5290
7.2620
6.9390
6.6420
6.4230
6.2550
6.1880
5.9830
5.8280
5.5780
5.3150
5.0780
5.0190
5.3720
5.4830
5.2970
5.2640
5.2460
5.0850
4.9630
4.9460
4.8820
4.7250
4.6590
4.6720
4.8240
5.0010
5.1360
5.3100
5.3530
5.4220
5.2190
5.2560
5.1970
5.0620
4.9550
4.8120
4.7200
4.5790
4.4880
4.4340
4.3280
4.2830
4.1900
4.0470
4.0690
4.2220
4.3970
4.5430
4.6350
