1596.5000
1582.3000
1528.3000
1557.8000
1548.1000
1526.5000
1544.1000
1509.4000
1504.7000
1497.6000
1498.0000
1541.1000
1568.2000
1572.9000
1569.7000
1549.4000
1553.7000
1479.5000
1514.4000
1540.0000
1537.7000
1526.0000
1518.1000
1508.7000
1515.7000
1506.2000
1495.2000
1489.7000
1469.6000
1474.6000
1479.4000
1476.2000
1456.4000
1431.4000
1409.8000
1396.0000
1400.9000
1395.3000
1365.2000
1325.0000
1289.0000
1248.5000
1205.1000
1171.0000
1142.6000
1091.1000
1053.5000
1046.8000
1012.4000
991.3400
946.5500
916.6400
883.5700
843.6600
806.0700
790.3700
765.6000
743.5200
718.2300
688.5500
657.1900
617.8800
583.3600
621.6300
626.3100
601.7400
620.6600
574.8900
562.6500
551.3600
577.2000
551.2100
562.6300
508.3200
446.1000
506.4800
503.1600
428.8000
512.2100
433.3100
556.4300
461.6100
472.6400
443.8900
371.2600
261.6500
311.4600
354.0100
380.9500
387.8600
394.3800
421.5600
464.2600
493.0200
478.1800
479.8200
489.9400
520.0000
535.5000
561.2500
571.0500
586.4400
597.8300
608.3800
646.0300
685.8800
713.9700
720.2600
730.3700
759.9200
779.8200
829.1500
859.5800
855.7900
853.3400
844.3700
858.9500
883.4700
920.7500
954.8100
965.4700
971.7400
989.6400
1008.0000
1021.8000
1038.6000
1052.8000
1059.8000
1063.4000
1072.5000
1075.8000
1083.5000
1080.8000
1068.7000
1063.4000
1041.9000
1025.4000
1016.8000
1011.5000
1014.2000
1009.8000
1002.1000
999.9400
997.4700
1006.2000
1011.4000
1015.0000
1009.5000
1004.1000
991.5200
987.5500
994.2100
989.8500
977.7000
968.2100
959.6800
960.9500
965.9500
970.8400
997.3400
1028.0000
1048.4000
1060.7000
1072.1000
1090.0000
1107.9000
1126.9000
1138.2000
1144.4000
1157.5000
1175.0000
1170.0000
1168.1000
1176.0000
1186.5000
1198.5000
1202.6000
1208.5000
1204.5000
1206.2000
1214.9000
1221.3000
1231.1000
1202.3000
1166.3000
1149.6000
1142.0000
1146.4000
1140.1000
1127.1000
1103.1000
1087.2000
1088.5000
1089.8000
1085.1000
1093.3000
1086.5000
1074.9000
1068.4000
1062.2000
1062.5000
1060.9000
1062.5000
1060.6000
1058.9000
1063.0000
1068.7000
1114.0000
1155.5000
1172.1000
1178.3000
1168.6000
1176.0000
1192.8000
1220.0000
1240.2000
1246.6000
1258.7000
1271.6000
1257.1000
1251.3000
1257.5000
1259.7000
1262.1000
1262.3000
1261.6000
1255.3000
1254.9000
1257.3000
1251.6000
1246.7000
1221.1000
1192.2000
1182.7000
1175.6000
1176.4000
1171.1000
1162.6000
1147.9000
1135.3000
1134.2000
1131.6000
1125.3000
1129.4000
1124.0000
1113.6000
1107.3000
1102.7000
1107.5000
1109.7000
1114.2000
1114.9000
1115.4000
1119.0000
1123.7000
1158.8000
1197.7000
1222.8000
1241.7000
1254.2000
1277.6000
1301.9000
1330.0000
1352.9000
1363.5000
1373.6000
1385.9000
1365.5000
1360.8000
1375.2000
1394.0000
1419.6000
1429.6000
1430.0000
1424.4000
1427.4000
1440.1000
1452.6000
1461.5000
1443.5000
1413.0000
1394.6000
1395.8000
1407.3000
1393.3000
1378.0000
1365.2000
1337.9000
1323.8000
1328.8000
1332.7000
1357.4000
1373.6000
1378.1000
1372.5000
1368.4000
1361.1000
1346.0000
1329.3000
1304.9000
1293.7000
1300.6000
1317.3000
1360.7000
1394.4000
1408.9000
1430.5000
1429.8000
1455.1000
1483.2000
1503.3000
1507.5000
1503.1000
1503.3000
1515.6000
1512.2000
1516.3000
1520.5000
1520.0000
1519.2000
1509.3000
1506.2000
1502.1000
1506.3000
1514.9000
1510.9000
1504.9000
1487.4000
1471.0000
1458.5000
1452.5000
1459.3000
1459.8000
1440.7000
1431.7000
1430.9000
1438.6000
1445.0000
1449.2000
1457.4000
1456.7000
1449.2000
1458.4000
1464.4000
1472.4000
1469.2000
1467.4000
1457.6000
1453.8000
1464.4000
1476.8000
1492.9000
1497.6000
1494.8000
1497.1000
1487.8000
1491.5000
1502.6000
1528.0000
1538.7000
1535.9000
1536.0000
1547.9000
1549.0000
1552.6000
1567.7000
1586.0000
1612.2000
1635.4000
1648.4000
1652.0000
1661.8000
1678.3000
1692.0000
1699.8000
1674.0000
1639.1000
