11.2681
11.3207
11.5732
11.7900
12.1157
12.3535
12.5121
12.6120
13.0686
12.7504
12.4101
11.9860
11.4239
11.2083
10.7746
11.8710
12.3093
12.2827
11.4010
13.6190
13.4681
11.9913
12.2109
10.8790
9.3139
10.3200
11.0946
9.5925
7.6574
7.0006
6.7782
7.5305
7.2951
7.0266
6.5095
5.7915
5.6469
3.9719
4.8480
6.1238
8.6190
7.2225
6.0651
8.4081
9.0821
6.7264
6.6500
6.1432
7.5973
8.3430
5.8896
4.9732
7.7146
9.2530
9.5352
9.2943
8.5309
7.4440
5.3906
5.2896
6.0604
7.7492
9.1327
10.4248
11.0210
9.7113
9.6973
10.2353
9.7601
9.7105
9.8179
9.7619
10.1517
10.7617
10.1149
9.6743
8.7521
8.6710
8.5506
9.7570
8.7428
7.8860
8.6913
8.2763
5.8939
6.7502
5.8823
5.3685
5.9272
6.7793
8.3976
8.8424
8.8886
9.1142
9.5883
9.8545
9.8598
9.8542
9.6154
9.4127
9.0540
8.7449
8.4974
8.9060
8.4691
7.6290
7.8555
8.0450
8.3217
8.3562
8.4025
8.2497
7.5773
6.8565
6.1930
5.1512
4.9299
5.2800
5.3265
5.2947
5.1385
5.0711
5.3373
5.5533
5.6410
5.7932
6.0137
6.0690
6.0747
6.0303
5.9858
5.8721
5.5966
5.1727
4.8393
4.5880
4.3912
4.2197
4.1773
4.1288
4.0030
3.4763
2.8698
2.2149
1.8266
1.8797
2.0260
2.4774
2.7795
2.9024
2.7285
2.5712
2.3917
2.2216
2.0796
1.8907
1.4347
0.8956
0.5391
0.6093
0.5975
0.4321
0.4529
0.9302
1.4899
1.9322
2.1828
2.2714
2.1437
2.0179
1.9924
1.9686
1.7669
1.5344
1.3723
1.2764
1.2887
1.3875
1.4578
1.5427
1.7133
1.9726
2.2661
2.3172
2.2850
2.3633
2.5128
2.6563
2.9631
3.2864
3.5015
3.6959
4.0030
4.3459
4.5596
4.6811
4.8350
4.9726
5.0223
5.1204
5.2972
5.4687
5.5819
5.6965
5.8135
5.8934
6.0347
6.2945
6.5973
6.8982
7.1580
7.3060
7.0187
6.5639
6.2975
5.3653
4.3097
3.7116
3.4414
3.7785
4.1177
4.0711
4.0329
3.8930
3.4561
3.0424
2.7135
2.3759
2.0340
1.6453
1.1795
0.6811
0.4323
1.0177
1.8750
2.5736
3.0340
3.5270
4.0393
4.4880
4.6850
4.7622
4.8943
4.9580
5.0908
5.4025
5.8521
6.2395
6.7670
7.4406
7.9565
8.2045
8.2591
8.2926
8.2486
8.1467
8.0762
7.6907
7.5968
7.4218
7.2020
6.9640
6.8127
6.7088
6.6021
6.5035
6.4355
6.3746
6.3329
6.2983
6.2144
6.1738
6.2052
6.3698
6.5623
6.7048
6.7909
6.9062
6.9405
6.9177
6.9908
7.2104
7.2336
7.3353
7.7075
7.8320
7.7809
8.1421
8.2927
8.1286
7.8847
7.7175
7.3240
7.3959
7.6306
7.8130
8.3167
9.0791
9.9495
10.6149
10.9243
11.1190
10.7255
10.2528
9.7670
9.3304
8.6470
8.5792
8.8943
9.5207
10.1686
10.3549
10.4098
10.6140
10.7657
10.8672
10.9264
10.9639
11.1087
11.4015
11.4899
11.5159
11.5587
11.7093
11.7472
11.4225
11.1195
11.1473
10.7224
10.2098
9.7393
9.3912
9.1250
9.0195
8.6936
8.4473
8.0517
7.6333
7.2570
7.1638
7.7234
7.9005
7.6058
7.5525
7.5247
7.2682
7.0743
7.0475
6.9458
6.6980
6.5931
6.6134
6.8548
7.1352
7.3501
7.6258
7.6940
7.8028
7.4809
7.5397
7.4464
7.2328
7.0622
6.8357
6.6894
6.4660
6.3219
6.2356
6.0672
5.9959
5.8480
5.6213
5.6572
5.8985
6.1773
6.4092
6.5549
