-13.0640
-13.0738
-13.0910
-13.1210
-13.1532
-13.1513
-13.1357
-13.1209
-13.1216
-13.1145
-13.0997
-13.1377
-13.2280
-13.3041
-13.2886
-13.2839
-13.1500
-12.8458
-12.6057
-12.2762
-12.0917
-11.9900
-11.7670
-11.4452
-10.9911
-10.4411
-10.3821
-10.3403
-10.2584
-9.9235
-9.2534
-8.9553
-8.7536
-8.3779
-8.2705
-8.2587
-8.3070
-8.5713
-9.3314
-9.9727
-10.4818
-10.3125
-9.5389
-9.8748
-9.8389
-8.7952
-8.0955
-8.1220
-6.7886
-6.0415
-5.9983
-6.6646
-6.9853
-7.1872
-7.1794
-7.4572
-7.6610
-7.1338
-6.2462
-5.0367
-4.1793
-4.5177
-5.2390
-5.5257
-5.8300
-6.2715
-6.6731
-6.8871
-7.0571
-7.2417
-7.4217
-7.4642
-7.4842
-7.4944
-7.4621
-7.4900
-7.4437
-7.3927
-7.5951
-7.5903
-7.6580
-7.3032
-7.3194
-7.0236
-6.3115
-6.8491
-6.7822
-6.8169
-7.2793
-7.6153
-8.4674
-9.3830
-10.1461
-10.6130
-10.8881
-11.1667
-11.3887
-11.6327
-11.7695
-11.9417
-12.1418
-12.3296
-12.4801
-12.5654
-12.6993
-12.8226
-12.9496
-13.0558
-13.1529
-13.1918
-13.2232
-13.3275
-13.4645
-13.5127
-13.4607
-13.3717
-13.1744
-12.9663
-12.7553
-12.4852
-12.1461
-11.7538
-11.4180
-11.0718
-10.6507
-10.2296
-9.8499
-9.4501
-9.0200
-8.5694
-8.1205
-7.7006
-7.3194
-6.9524
-6.5868
-6.2377
-5.9493
-5.7179
-5.5081
-5.3221
-5.1664
-5.1430
-5.3551
-5.6866
-6.1738
-6.5300
-6.8135
-7.0269
-7.1715
-7.3341
-7.3467
-7.2107
-6.9991
-6.8799
-6.6975
-6.4835
-6.3062
-6.1791
-5.9990
-5.9412
-6.0659
-6.2651
-6.4281
-6.7973
-7.0573
-7.0789
-6.7967
-6.6099
-6.4595
-6.3253
-6.2209
-6.1786
-6.1474
-6.1712
-6.2732
-6.4239
-6.6089
-6.7625
-6.8259
-6.8933
-7.0030
-7.1204
-7.1437
-7.0117
-6.8811
-6.8479
-6.8533
-6.9340
-7.1467
-7.1971
-7.1247
-7.1743
-7.4566
-7.6751
-7.7068
-7.6756
-7.7427
-7.8482
-7.7807
-7.7124
-7.6481
-7.4989
-7.3025
-7.2024
-7.1336
-7.2426
-7.4930
-7.7252
-8.0036
-8.3855
-8.6908
-8.9080
-9.4973
-9.8388
-9.8100
-9.9412
-9.7302
-9.2876
-8.7571
-8.0978
-7.4954
-6.9788
-6.3915
-5.9146
-5.4599
-5.0610
-4.7071
-4.4037
-4.1507
-3.9440
-3.7804
-3.6708
-3.6081
-3.5963
-3.6678
-3.7912
-3.9143
-4.0858
-4.2678
-4.3652
-4.4042
-4.5261
-4.7837
-5.2033
-5.7593
-6.3072
-6.9091
-7.5058
-8.5469
-9.6931
-10.1562
-10.6483
-11.3045
-11.8053
-12.0462
-12.1363
-12.3142
-12.4532
-12.6613
-12.7734
-12.9192
-13.1144
-13.2682
-13.3441
-13.4129
-13.5020
-13.5856
-13.6333
-13.6724
-13.7587
-13.8520
-13.9398
-13.9906
-14.0094
-14.0235
-14.0463
-14.0704
-14.1026
-14.1398
-14.1705
-14.1740
-14.1426
-14.1366
-14.1352
-14.1122
-14.1321
-14.1682
-14.1552
-14.1432
-14.1594
-14.1098
-13.9730
-13.9218
-14.0251
-14.0475
-14.0034
-14.0283
-13.9823
-13.9634
-13.8390
-13.7356
-13.6481
-13.6613
-13.6905
-13.7533
-13.7810
-13.7803
-13.6351
-13.6352
-13.7288
-13.9129
-14.0746
-14.0683
-14.0100
-13.9211
-13.7099
-13.4985
-13.2811
-12.9659
-12.5521
-12.2164
-11.9735
-11.8023
-11.7204
-11.8791
-11.7287
-11.4528
-11.4999
-11.6022
-11.4051
-11.0545
-10.7488
-10.5893
-10.5594
-10.7183
-10.9220
-11.1969
-11.5166
-11.7763
-11.9938
-12.3097
-12.5876
-12.8688
-13.1053
-13.2843
-13.4374
-13.5731
-13.6898
-13.8040
-13.9133
-14.0170
-14.0971
-14.1395
-14.1689
-14.1984
-14.2397
-14.2850
-14.3218
-14.3561
-14.3870
-14.4193
-14.4437
-14.4636
-14.4863
-14.5031
-14.4930
-14.4983
-14.5195
-14.5434
-14.5544
-14.5732
-14.5968
-14.6231
-14.6470
-14.6593
-14.6635
-14.6653
