-3.2684
-3.0306
-2.8045
-2.6794
-2.7373
-2.6232
-2.1017
-2.2562
-2.1725
-1.7725
-1.3533
-0.4118
0.6594
1.4323
0.6234
-0.1955
-0.6297
-2.7983
-1.3340
0.4325
0.4006
-1.0596
-0.9420
-1.0991
-1.1385
-0.1576
-0.1846
-0.0785
-1.0435
-0.6001
-0.0910
-0.6867
-1.1328
-0.9145
-1.4513
-1.4818
-1.8362
-2.8300
-4.6258
-6.0636
-8.1738
-6.7840
-5.5918
-7.9136
-8.4922
-5.8165
-5.6467
-3.9971
-1.4317
-0.3757
-1.1593
-3.3087
-5.5348
-6.9923
-7.4997
-7.8318
-7.4759
-6.1734
-3.2451
0.3772
0.5968
-2.6543
-3.9308
-3.7065
-4.2083
-3.9134
-3.1424
-3.9746
-3.6707
-3.7551
-3.0052
-2.6620
-2.1408
-4.0100
-5.6861
-3.0745
-2.1857
-3.8027
-1.6301
-4.4851
1.0288
-0.1541
0.1579
1.2231
-0.0135
-3.9971
-1.4536
1.0619
4.4613
6.3924
7.6954
6.6497
4.7043
3.6416
2.6849
2.7130
2.4127
3.1134
2.9781
3.1634
3.3248
3.6770
3.2540
2.9192
3.5476
3.6837
4.0698
3.7913
3.7271
3.9865
3.9999
4.1339
3.9405
3.3008
2.9596
2.6472
2.9363
3.3971
3.6241
3.7628
3.6451
3.4998
3.7155
4.0191
4.1537
4.2961
4.5401
4.5896
4.5313
4.3636
4.1553
3.9648
3.7996
3.6604
3.6217
3.5937
3.5484
3.4794
3.4590
3.4514
3.3771
2.8429
2.0910
1.0580
-0.1555
-0.7469
-1.2294
-1.9053
-2.4744
-2.7698
-2.6797
-2.5700
-2.3689
-2.0901
-1.8228
-1.5681
-1.1534
-0.6469
-0.1811
0.2179
0.3588
0.3590
0.1410
-0.2942
-0.6676
-0.7923
-0.5348
-0.1961
0.1687
0.4870
0.7420
0.9693
1.1280
1.1918
1.1515
1.0709
1.0286
1.0086
1.0280
1.0564
1.0639
1.0322
0.9651
1.0102
1.1342
1.2312
1.3119
1.3838
1.4005
1.4858
1.5567
1.5731
1.5864
1.5953
1.6557
1.7388
1.7843
1.8170
1.8476
1.8671
1.9377
2.1766
2.5320
2.8707
3.1837
3.3842
3.5201
3.6377
3.7667
3.9246
4.0586
4.1501
4.0227
3.7949
3.7439
3.3121
2.7385
2.4334
2.3106
2.5399
2.7651
2.7701
2.8089
2.8315
2.7226
2.5854
2.4314
2.2421
1.9989
1.6450
1.1520
0.5385
-0.1812
-0.9667
-1.8564
-2.5510
-2.9401
-3.1922
-3.4283
-3.7644
-3.8097
-3.7871
-3.9344
-4.0853
-4.2517
-4.5338
-4.9421
-5.2824
-5.5211
-5.8197
-6.1249
-6.1424
-5.9760
-5.9545
-5.9722
-6.1576
-6.3179
-6.3280
-6.4189
-6.3918
-6.3538
-6.3253
-6.3380
-6.3246
-6.2876
-6.2145
-6.1788
-6.1094
-6.0210
-5.9929
-5.9598
-5.9967
-6.0565
-6.1745
-6.3035
-6.3998
-6.4601
-6.6080
-6.6201
-6.6023
-6.6839
-6.8516
-6.9178
-7.0814
-7.4330
-7.6690
-7.7208
-8.0272
-7.9907
-7.7391
-7.3709
-7.1590
-7.1569
-7.3910
-7.5733
-7.7660
-8.3078
-9.0790
-9.9456
-10.6080
-10.9114
-11.1128
-10.7255
-10.2412
-9.7446
-9.2971
-8.6071
-8.5033
-8.6550
-8.5609
-8.1080
-7.6635
-7.6035
-7.9342
-8.1296
-8.0858
-8.1459
-8.3361
-8.6613
-8.9523
-8.9735
-9.0171
-9.0354
-9.0969
-8.8987
-8.6295
-8.3940
-8.1826
-7.8917
-7.7001
-7.5767
-7.5695
-7.2252
-7.3946
-7.2558
-7.3347
-7.2797
-7.2340
-7.0667
-7.1214
-7.7232
-7.8926
-7.5450
-7.4540
-7.4463
-7.2105
-7.0241
-7.0017
-6.9066
-6.6566
-6.5463
-6.5866
-6.8520
-7.1320
-7.3041
-7.4968
-7.5441
-7.6176
-7.3263
-7.3175
-7.1523
-6.8455
-6.6039
-6.3944
-6.3220
-6.2160
-6.1506
-6.0985
-5.9872
-5.9708
-5.8467
-5.5980
-5.5104
-5.6011
-5.7764
-5.9531
-6.1065
