10.7837
10.9075
11.2283
11.4815
11.8024
12.0718
12.3344
12.4085
12.8868
12.6266
12.3360
11.9790
11.4049
11.1164
10.7565
11.8694
12.2932
11.9597
11.3227
13.6122
13.4621
11.9444
12.1745
10.8234
9.2441
10.3188
11.0931
9.5921
7.5860
6.9749
6.7776
7.4991
7.2066
6.9669
6.3457
5.5987
5.3400
2.7870
1.4512
0.8564
2.7342
2.4780
2.3489
2.8410
3.2197
3.3783
3.5125
4.6649
7.4612
8.3345
5.7743
3.7128
5.3741
6.0601
5.8885
5.0046
4.1093
4.1596
4.3044
5.2761
6.0309
7.2805
8.2435
9.7436
10.1859
8.8879
9.1740
9.4320
9.0435
8.9551
9.3466
9.3919
9.9234
9.9867
8.3653
9.1727
8.4748
7.7927
8.3938
8.6650
8.6821
7.8845
8.6898
8.1854
5.8939
5.4395
5.6998
5.2625
3.9024
2.2574
-3.3616
-5.8283
-7.5417
-8.3550
-9.2047
-9.4737
-9.5600
-9.3494
-9.1425
-8.8652
-8.4214
-7.9343
-7.8497
-8.4140
-7.6902
-6.6807
-6.7191
-7.0957
-7.4404
-7.3439
-7.3894
-7.1392
-6.4721
-6.0097
-5.4400
-4.4190
-3.9600
-4.0421
-3.9035
-3.7250
-3.6217
-3.6698
-3.8317
-3.8322
-3.8168
-3.8865
-3.9436
-3.9710
-4.0460
-4.1622
-4.3085
-4.3315
-4.1092
-3.6549
-3.2097
-2.8522
-2.5869
-2.3874
-2.3420
-2.2659
-2.1492
-2.0007
-1.9656
-1.9458
-1.8199
-1.7249
-1.6104
-1.5834
-1.2661
-0.8671
-0.5139
-0.0796
0.3295
0.7531
1.0010
1.0564
0.8533
0.6194
0.5078
0.5690
0.4778
0.2405
0.4304
0.8825
1.3320
1.7623
2.1163
2.2630
2.1371
1.9583
1.8491
1.7134
1.3600
0.9664
0.7466
0.6945
0.7763
0.9528
1.0337
1.1242
1.3429
1.6810
2.0503
2.0855
1.9836
2.0172
2.1431
2.2674
2.6112
2.9313
3.1364
3.3444
3.6752
4.0425
4.2484
4.3462
4.4937
4.6287
4.6701
4.7679
4.9301
5.0168
4.9746
4.9202
4.8642
4.8249
4.9017
5.1369
5.4164
5.6731
5.8962
6.0129
5.7515
5.3557
5.0638
4.2210
3.3278
2.8026
2.5504
2.7975
3.0512
2.9833
2.8938
2.6718
2.1290
1.6037
1.2047
0.7861
0.3765
0.0330
-0.2531
-0.4170
-0.3925
-0.3181
-0.2634
-0.3401
-0.7488
-1.4997
-2.1362
-2.4436
-2.7267
-2.8873
-2.9111
-2.8093
-2.7998
-2.9379
-3.1342
-3.3207
-3.9129
-4.6361
-5.0786
-5.4392
-5.7010
-5.7716
-5.6897
-5.3342
-5.0308
-4.3706
-4.0632
-3.7721
-3.3909
-2.9133
-2.4987
-2.2377
-2.0137
-1.9171
-1.7995
-1.8194
-1.9629
-1.9377
-1.7605
-1.4682
-1.3502
-1.5654
-1.8246
-1.9993
-2.0937
-2.0073
-2.0845
-2.0648
-2.0485
-2.2464
-2.1140
-1.9131
-2.0387
-1.5895
-0.9652
-1.3631
-2.2179
-2.4862
-2.7997
-2.8823
-1.5552
0.2684
0.9329
0.8559
0.3844
-0.0355
-0.2778
-0.3813
-0.5300
-0.3696
-0.0059
0.4882
0.6608
0.7877
0.8288
1.1391
2.0491
4.1659
6.1368
6.9639
7.1100
7.0502
7.0576
7.2606
7.2822
7.1216
6.9559
7.0604
7.1760
7.1629
7.2088
7.3726
7.6687
7.4837
7.2927
7.5701
7.2588
6.7044
6.1195
5.5584
5.5733
5.1644
4.7888
4.1903
3.4404
2.4366
1.6511
0.7778
0.0597
-0.3534
-0.9600
-1.2159
-1.0828
-0.9137
-0.8414
-0.8022
-0.7372
-0.7431
-0.7836
-0.5944
-0.1948
0.2143
0.8211
1.3963
1.5114
1.6901
1.5131
1.8167
2.0718
2.3349
2.5026
2.4164
2.1865
1.7806
1.4620
1.3003
0.9819
0.5477
0.1214
-0.5113
-1.2805
-1.8494
-2.1892
-2.3745
-2.3827
