1.5910
1.7210
1.9710
2.0310
2.1780
2.6570
3.0880
3.2280
3.3030
3.2680
3.3760
3.5670
3.7630
4.1670
4.4190
4.9300
5.3160
5.4440
5.6010
5.4530
5.0860
4.7660
5.0020
4.9660
4.8330
3.8500
2.8010
3.9540
5.1660
5.2290
4.1330
3.1450
3.3110
3.4660
3.0720
3.1090
4.0340
4.0210
4.2130
3.8110
3.5750
3.4480
2.8760
3.0260
3.5570
3.9800
4.1020
4.0620
4.2850
4.7130
4.9500
5.3870
5.3920
5.5160
5.6710
5.7770
5.7050
5.7030
5.7170
5.6230
5.4990
5.3070
5.1040
4.9000
4.6500
4.5580
4.4880
4.2200
4.0630
3.9930
3.9640
3.9420
3.9010
3.9640
4.0780
4.1510
4.2190
4.2710
4.1860
4.2780
4.2590
4.2270
4.3240
4.2580
4.2450
4.2520
4.3020
4.3150
4.3230
4.2980
4.2760
4.2750
4.1830
4.0750
4.0130
3.9480
3.8420
3.7790
3.7620
3.8050
3.8200
3.8800
3.9660
4.1110
4.2040
4.1950
4.1860
4.1560
4.0950
4.0920
4.1240
4.1560
4.2070
4.2480
4.0800
3.9720
3.8540
3.6520
3.4660
3.4260
3.4300
3.3870
3.2710
3.1250
3.0240
3.0210
3.0940
3.2430
3.3880
3.4760
3.4960
3.4700
3.3690
3.2820
3.2040
3.1610
3.1560
3.1840
3.2440
3.3600
3.4500
3.5010
3.5600
3.6490
3.7540
3.8770
3.9790
4.0420
4.0820
4.1110
4.1080
4.0960
4.0610
4.0260
4.0150
3.9580
3.9180
3.8740
3.8200
3.7980
3.6680
3.5110
3.4070
3.3430
3.2610
3.1180
2.9180
2.8400
2.8760
2.7990
2.9830
3.0840
3.1340
3.3140
3.4510
3.4370
3.3490
3.3820
3.4650
3.7290
3.8560
4.0690
4.2400
4.4370
4.5020
4.5970
4.7780
4.6280
4.5870
4.6650
4.8180
4.7560
4.7320
4.8070
4.6550
4.5810
4.8320
4.9800
5.1720
5.2530
5.3230
5.4170
5.4160
5.4000
5.4380
5.4260
5.3220
5.2760
5.1910
4.9920
4.7200
4.2490
3.9910
3.9290
3.9880
4.2110
4.1820
4.2010
4.3300
4.3890
4.4080
4.4140
4.4860
4.5130
4.5260
4.5040
4.5140
4.5640
4.6700
4.8250
4.9230
4.9300
4.9700
5.0570
5.1380
5.1680
5.1650
5.1700
5.1940
5.1690
5.1350
5.1160
5.0760
5.1030
5.1580
5.2330
5.3460
5.5560
5.8140
5.9630
6.1280
6.2150
6.1320
6.0670
6.0250
6.1130
6.3940
6.7120
6.9850
7.1970
7.5280
7.9500
8.3720
8.4210
8.4640
8.4900
8.4380
8.3970
8.4600
8.4660
8.5350
8.5070
8.4620
8.4230
8.1890
8.1650
8.0720
7.8000
7.5410
7.3440
7.2500
7.1180
7.0080
6.9410
6.9710
6.9640
6.9270
6.9470
6.9360
6.8230
6.7250
6.6840
6.6940
6.6880
6.8420
6.9440
7.0330
7.0680
7.0940
7.1080
7.1020
7.0950
7.0390
6.8830
6.6730
6.4650
6.4420
5.9250
5.4340
5.1340
4.9960
5.2500
5.3700
5.2870
5.2340
5.2680
5.5220
5.4760
5.6740
5.6610
5.7890
5.7160
5.5750
5.3960
5.4640
5.5950
5.3810
5.2480
5.5470
5.8030
5.8530
5.7360
5.4880
5.4060
5.6200
5.6340
5.4030
6.4650
6.1760
5.9160
5.2410
5.4270
5.3520
5.3760
5.2900
5.4960
6.7760
9.0340
8.3860
6.0800
4.5780
5.1770
6.0560
6.7880
5.4090
4.7980
4.4890
4.3970
5.0270
5.5480
5.7960
5.6830
5.2420
4.7660
4.1840
4.1510
4.8340
5.0580
5.0960
5.2610
5.7380
6.1040
6.3090
6.4090
6.4880
6.4920
6.5050
