574.9800
553.1800
592.8200
596.9400
657.7300
634.5800
661.4300
653.8300
667.1800
632.1200
574.1800
573.6600
540.8800
544.5900
569.3700
557.8800
582.8200
606.5500
622.6000
624.2400
630.2500
622.3000
602.3500
606.7800
611.2400
661.0700
704.7300
653.6500
625.5300
606.3700
658.6500
708.6700
674.0100
647.8200
684.3400
698.0400
650.1300
636.1000
616.6900
616.2100
618.5100
620.5200
656.1500
643.0900
612.5900
578.0900
562.3900
550.7400
549.2400
535.7400
524.3600
506.1400
507.7800
501.1500
486.6900
479.6200
477.9400
459.8200
445.0600
431.8900
435.7200
433.6700
433.9800
434.4100
427.4200
421.5900
416.9400
427.8200
427.0300
426.2400
424.4700
421.4100
433.8500
434.9400
433.4000
441.5800
457.0400
455.6900
473.6000
462.3600
461.9900
465.7700
460.9200
469.7800
464.1800
464.4500
457.4100
429.6100
408.0100
396.7300
399.9700
410.9600
412.7000
406.0200
391.3200
385.3800
388.6500
390.0700
389.9000
394.6700
394.2700
388.3200
381.9900
375.4500
370.0500
368.6100
367.4400
363.0300
363.7600
368.0100
370.4300
393.5000
414.1100
423.1900
424.7900
420.8000
426.3000
437.4400
456.4100
471.4800
473.4400
475.9500
477.7200
477.9100
485.1100
492.6700
498.3400
502.4500
505.9700
512.4900
513.7100
516.0400
516.1300
513.3100
514.3400
502.4100
493.2500
488.9500
485.9900
485.5500
482.4900
473.5600
467.1200
461.3800
459.0300
453.6000
450.9400
434.5100
416.6200
404.1100
399.6600
393.4800
382.8900
373.7300
360.3600
349.3600
346.3200
344.4300
340.1900
358.7700
369.6200
376.3800
373.7400
372.1000
374.7800
387.9000
408.8900
417.1800
420.0300
436.3400
425.7000
425.3900
440.0300
441.1500
446.1500
452.0600
464.7600
476.0300
493.9100
498.2300
513.5900
520.8900
530.4500
487.5100
457.6400
442.3700
423.8100
435.5300
434.8700
422.2900
393.0200
383.9700
391.6300
393.8300
400.0200
406.7400
400.6100
384.5000
365.6000
359.9900
355.4200
353.1900
348.6400
342.6600
339.1300
337.8700
330.6000
366.1800
387.7900
400.4200
395.9100
376.0100
372.8200
375.0000
389.1600
400.5800
386.8200
376.1000
376.0200
368.3300
369.1800
360.1700
348.1900
336.3800
326.2100
319.5600
311.1400
303.3900
292.0900
280.3400
278.4600
251.0300
230.3200
217.0300
209.0500
206.3200
196.9900
186.2600
163.1100
142.9800
130.4300
114.1500
99.9650
94.8310
83.7380
72.5830
64.6480
52.1160
37.9150
25.7580
17.6630
5.0613
-2.9831
-9.0351
-18.1230
-0.2615
5.7745
13.9450
28.4900
26.2570
36.3820
37.0620
39.8590
64.1540
70.5120
82.1870
100.8400
94.1470
84.1090
93.1570
92.5740
100.0500
93.5980
91.8950
98.5360
94.4280
101.4600
111.6300
120.1900
92.4000
59.9480
48.3090
45.3440
51.1350
43.9850
27.6550
2.9910
-19.5350
-26.9350
-37.7740
-44.6240
-40.3940
-49.3270
-52.1330
-60.9320
-69.3220
-76.8150
-81.0020
-82.5240
-89.5690
-95.0950
-93.4880
-98.0800
-73.6520
-55.3660
-51.3750
-51.9920
-59.1480
-54.6720
-44.5000
-26.9650
-14.4270
-10.3430
-10.2330
-12.5760
-36.3420
-44.3670
-58.1350
-58.7030
-68.5270
-74.9060
-83.9110
-100.0800
-114.4300
-116.9400
-121.9700
-142.4300
-179.8500
-199.0700
-199.9400
-199.9300
-204.2900
-215.9600
-232.5800
-236.4700
-248.4600
-253.8500
-259.6400
-261.3000
-242.9500
-240.2100
-243.7100
-236.5500
-234.2100
-222.4800
-220.2000
-211.9600
-206.0400
-147.0600
-91.7960
-68.3070
-37.4660
-8.7794
29.5660
60.2960
68.6970
79.2180
75.2990
66.1090
72.7510
71.2770
56.8830
35.7740
15.4420
21.4860
22.6990
29.4420
37.7390
48.6130
77.9400
70.1330
58.4450
58.9460
58.9710
58.0960
29.7280
3.7224
