1.7248
1.9307
2.3281
2.4230
2.6558
3.4153
4.1000
4.3215
4.4405
4.3862
4.5564
4.8593
5.1706
5.8119
6.2124
7.0231
7.6358
7.8388
8.0882
7.8521
7.2698
6.7622
7.1368
7.0795
6.8683
5.3087
3.6445
5.4735
7.3978
7.4971
5.7579
4.1899
4.4532
4.6990
4.0739
4.1337
5.6009
5.5798
5.8854
5.2467
4.8720
4.6717
3.7636
4.0013
4.8435
5.5146
5.7090
5.6451
5.9994
6.6778
7.0549
7.7480
7.7565
7.9518
8.1989
8.3660
8.2532
8.2498
8.2716
8.1219
7.9254
7.6204
7.2987
6.9745
6.5790
6.4324
6.3219
5.8957
5.6462
5.5362
5.4896
5.4556
5.3902
5.4893
5.6705
5.7863
5.8942
5.9766
5.8414
5.9878
5.9578
5.9066
6.0609
5.9563
5.9358
5.9467
6.0256
6.0467
6.0597
6.0202
5.9844
5.9835
5.8371
5.6655
5.5679
5.4639
5.2961
5.1964
5.1692
5.2378
5.2621
5.3559
5.4928
5.7225
5.8703
5.8567
5.8420
5.7947
5.6977
5.6934
5.7438
5.7940
5.8754
5.9410
5.6744
5.5031
5.3160
4.9953
4.6994
4.6369
4.6431
4.5747
4.3903
4.1584
3.9986
3.9929
4.1096
4.3450
4.5753
4.7147
4.7467
4.7057
4.5453
4.4069
4.2842
4.2158
4.2075
4.2525
4.3472
4.5316
4.6744
4.7559
4.8489
4.9896
5.1570
5.3515
5.5138
5.6136
5.6765
5.7238
5.7191
5.6998
5.6430
5.5876
5.5714
5.4799
5.4166
5.3466
5.2620
5.2269
5.0207
4.7714
4.6066
4.5051
4.3744
4.1474
3.8305
3.7070
3.7627
3.6405
3.9335
4.0928
4.1727
4.4581
4.6751
4.6540
4.5140
4.5665
4.6983
5.1172
5.3178
5.6557
5.9276
6.2402
6.3431
6.4941
6.7817
6.5433
6.4783
6.6020
6.8444
6.7460
6.7082
6.8280
6.5870
6.4696
6.8673
7.1025
7.4073
7.5357
7.6462
7.7956
7.7942
7.7680
7.8294
7.8101
7.6445
7.5717
7.4365
7.1214
6.6890
5.9418
5.5327
5.4348
5.5283
5.8816
5.8358
5.8653
6.0706
6.1645
6.1939
6.2041
6.3177
6.3608
6.3813
6.3463
6.3628
6.4415
6.6098
6.8559
7.0120
7.0229
7.0859
7.2237
7.3527
7.4009
7.3955
7.4040
7.4423
7.4016
7.3477
7.3185
7.2540
7.2973
7.3847
7.5036
7.6829
8.0163
8.4262
8.6619
8.9237
9.0612
8.9298
8.8270
8.7603
8.9005
9.3455
9.8503
10.2835
10.6202
11.1449
11.8149
12.4838
12.5626
12.6302
12.6724
12.5889
12.5235
12.6246
12.6336
12.7433
12.6980
12.6278
12.5647
12.1936
12.1553
12.0079
11.5763
11.1653
10.8535
10.7036
10.4942
10.3207
10.2138
10.2621
10.2499
10.1920
10.2237
10.2056
10.0258
9.8707
9.8054
9.8215
9.8117
10.0570
10.2181
10.3590
10.4158
10.4567
10.4795
10.4700
10.4579
10.3694
10.1210
9.7892
9.4587
9.4225
8.6016
7.8218
7.3467
7.1268
7.5302
7.7202
7.5890
7.5044
7.5597
7.9615
7.8886
8.2026
8.1820
8.3863
8.2697
8.0468
7.7625
7.8699
8.0772
7.7386
7.5265
8.0020
8.4081
8.4869
8.3011
7.9082
7.7778
8.1172
8.1394
7.7737
9.4586
9.0002
8.5867
7.5163
7.8110
7.6929
7.7297
7.5947
7.9205
9.9526
13.5348
12.5069
8.8469
6.4637
7.4149
8.8092
9.9713
7.7827
6.8128
6.3225
6.1776
7.1763
8.0027
8.3971
8.2171
7.5180
6.7620
5.8387
5.7863
6.8708
7.2254
7.2856
7.5485
8.3054
8.8863
9.2109
9.3690
9.4946
9.5012
9.5224
