-4.0872
-4.1208
-4.1534
-4.2188
-4.2518
-4.2270
-4.2174
-4.1763
-4.0407
-3.6800
-3.2467
-2.8383
-2.6723
-2.7042
-2.5040
-2.4668
-2.8373
-3.5587
-4.2850
-4.5062
-4.8073
-4.7644
-4.6911
-4.5637
-4.4257
-4.4494
-4.7279
-5.0986
-5.8497
-6.2369
-6.3004
-6.2624
-6.2113
-6.1291
-5.9989
-5.9450
-5.9865
-5.9653
-5.8249
-5.7376
-5.6257
-5.4946
-5.3479
-5.1892
-5.2033
-5.1939
-5.2823
-5.2276
-5.2072
-5.2005
-5.2806
-5.3592
-5.4582
-5.4940
-5.4949
-5.5275
-5.6048
-5.6533
-5.6660
-5.6520
-5.6817
-5.7107
-5.7702
-5.8294
-5.8610
-5.8875
-5.9538
-5.9367
-5.9581
-5.9833
-6.0086
-6.0320
-6.0439
-6.0511
-6.0590
-6.0681
-6.0730
-6.0865
-6.1123
-6.1292
-6.1338
-6.1362
-6.1437
-6.1562
-6.1614
-6.1576
-6.1479
-6.1395
-6.1405
-6.1405
-6.1505
-6.1742
-6.2091
-6.2379
-6.2804
-6.3327
-6.3650
-6.3690
-6.3161
-6.2744
-6.3887
-6.3761
-6.3485
-6.3231
-6.3335
-6.3594
-6.3663
-6.3707
-6.3499
-6.3337
-6.3029
-6.2881
-6.3069
-6.4477
-6.4545
-6.4485
-6.4122
-6.3497
-6.2956
-6.2286
-6.0548
-5.9815
-5.9828
-5.9559
-5.8972
-5.8481
-5.8099
-5.7643
-5.7103
-5.7111
-5.7357
-5.7228
-5.6803
-5.6342
-5.6136
-5.5795
-5.5462
-5.5244
-5.4969
-5.4885
-5.4972
-5.4983
-5.5055
-5.5425
-5.5955
-5.6687
-5.7553
-5.8348
-5.9000
-5.9641
-6.0488
-6.1174
-6.1378
-6.1799
-6.2367
-6.2557
-6.3125
-6.3818
-6.4559
-6.5106
-6.5381
-6.5876
-6.6327
-6.6940
-6.7766
-6.8327
-6.8355
-6.8241
-6.8034
-6.7931
-6.7866
-6.7864
-6.7915
-6.7962
-6.8085
-6.8251
-6.8403
-6.8826
-6.9569
-7.0652
-7.1917
-7.3098
-7.4016
-7.4414
-7.4174
-7.3289
-7.1670
-7.0651
-7.2163
-7.1365
-7.0429
-6.9479
-6.8647
-6.7061
-6.7839
-6.8097
-6.7311
-6.6447
-6.5697
-6.5747
-6.6603
-6.7057
-6.6868
-6.6668
-6.6326
-6.5228
-6.3843
-6.3059
-6.2044
-6.5805
-6.6263
-6.4686
-6.0550
-5.5814
-5.0511
-4.4524
-3.9517
-3.5036
-2.9994
-2.5113
-2.0992
-1.6928
-1.3014
-0.9595
-0.6616
-0.3730
-0.1051
0.1301
0.3390
0.5301
0.7123
0.9001
1.0912
1.2787
1.4636
1.6433
1.8128
1.9619
2.0897
2.2028
2.3044
2.3924
2.4668
2.5239
2.5589
2.5661
2.5349
2.4543
2.3005
2.0565
1.6802
1.3017
0.9671
0.6394
0.2788
-0.1800
-0.6862
-1.2192
-1.7477
-2.0890
-2.3539
-2.5620
-2.7025
-2.9538
-3.1783
-3.2366
-3.3098
-3.5001
-3.6135
-3.6801
-3.7495
-3.8388
-3.9203
-3.9427
-3.9451
-3.9378
-3.9304
-3.9432
-3.9631
-3.9712
-3.9548
-3.9559
-3.9730
-3.9999
-4.0191
-4.0377
-4.0572
-4.0557
-4.0106
-3.9579
-3.9525
-3.9625
-4.0023
-4.0562
-4.0496
-4.0215
-3.9802
-3.9187
-3.8818
-3.8987
-3.9389
-3.9466
-3.8916
-3.7926
-3.5633
-3.1669
-3.0818
-3.0019
-2.6244
-2.2569
-1.9101
-1.4645
-1.0335
-0.6396
-0.2488
0.2212
0.6477
0.9552
1.3245
1.7338
2.0839
2.3729
2.6754
2.9593
3.2035
3.4644
3.7658
4.0724
4.3278
4.5848
4.7636
4.8858
5.0740
5.2992
5.3433
5.2563
5.5683
5.6197
5.4506
5.3312
5.1381
4.8950
4.6513
4.4845
4.2778
4.0561
3.7419
3.5902
3.3460
2.9349
2.8721
2.5613
1.5738
0.1675
-0.9361
-2.0016
-2.4731
-2.4200
-2.2853
-2.3526
-2.2939
-2.0826
-1.8737
-2.0192
-2.6201
-2.8204
-3.2170
-3.3360
-3.0717
-2.9987
-3.3323
-3.7668
-4.0780
-4.3766
-4.5693
-4.8983
-5.0940
