-1.6544
-1.8076
-1.9847
-2.0635
-2.2122
-2.7597
-3.0270
-2.9616
-2.7293
-2.6713
-3.0098
-3.3606
-3.9143
-4.3958
-4.7943
-5.7464
-5.7327
-5.1090
-4.7195
-5.4958
-5.4985
-5.5979
-6.2810
-6.3696
-6.3328
-5.2263
-3.5970
-5.4339
-7.2727
-7.4783
-5.7450
-3.9109
-4.3400
-4.6946
-4.0648
-4.1242
-5.6009
-5.5757
-5.8844
-5.2462
-4.8697
-4.6480
-3.7596
-3.9974
-4.8434
-5.5139
-5.7037
-5.5989
-5.8856
-6.4279
-6.7252
-7.4530
-7.4094
-7.5610
-7.7473
-7.9390
-7.8680
-7.9294
-7.9346
-7.7988
-7.5981
-7.3435
-7.0566
-6.7838
-6.4258
-6.3019
-6.2307
-5.8486
-5.6371
-5.5358
-5.4878
-5.4458
-5.3295
-5.3265
-5.3999
-5.3844
-5.3124
-5.2851
-5.0364
-5.0570
-4.9525
-4.8570
-4.8999
-4.8297
-4.8108
-4.8059
-4.8484
-4.7859
-4.7688
-4.6730
-4.4871
-4.4209
-4.2936
-4.1284
-3.8967
-3.6605
-3.4745
-3.3557
-3.2461
-3.2292
-3.3397
-3.4193
-3.4865
-3.6562
-3.7959
-3.9133
-3.9120
-3.9058
-3.8856
-3.8080
-3.6025
-3.2931
-3.1009
-3.3934
-3.3529
-3.2967
-3.2312
-3.0022
-2.5957
-2.2230
-2.1310
-2.3115
-2.5296
-2.5510
-2.5078
-2.5240
-2.5745
-2.5556
-2.4965
-2.6078
-2.7268
-2.8839
-2.9676
-3.0105
-2.9341
-2.8636
-2.8507
-2.8641
-2.9311
-3.0725
-3.1754
-3.1884
-3.2355
-3.3004
-3.3694
-3.5128
-3.6510
-3.7246
-3.7788
-3.9039
-4.0308
-4.1565
-4.1692
-4.1102
-4.1085
-4.0147
-4.0184
-3.9303
-3.9824
-4.0455
-3.9997
-3.9019
-4.0020
-4.1116
-4.1604
-4.0374
-3.8138
-3.7070
-3.7542
-3.6238
-3.8585
-3.9656
-3.9822
-4.1390
-4.2192
-4.1193
-3.8917
-3.7746
-3.6348
-3.6429
-3.3690
-3.1131
-2.7778
-2.5641
-2.2275
-1.9750
-1.7918
-1.0968
0.0390
-0.0040
0.0816
0.4692
1.0585
1.4811
2.1369
1.9665
1.8052
1.8565
1.8728
1.9825
2.1377
2.3285
2.3602
2.5402
2.6847
2.7092
2.3655
2.4592
2.2971
2.2686
1.9636
1.5494
1.3453
1.3161
1.3161
1.4864
1.1387
0.8244
0.9602
1.1455
1.1277
0.8289
0.5174
0.4311
0.4443
0.4465
0.3091
0.0162
-0.2720
-0.4214
-0.3444
-0.0893
0.0913
0.2204
0.3760
0.6051
0.8906
1.0835
1.1278
1.0702
0.9204
0.7062
0.5148
0.3795
0.2734
0.1398
-0.1133
-0.5635
-1.1631
-1.7836
-2.4880
-2.9366
-3.0728
-3.1970
-3.4302
-3.7456
-3.9892
-4.1286
-3.9099
-3.9910
-3.8267
-3.7254
-3.6969
-3.3702
-3.1289
-2.9074
-2.6803
-2.6745
-2.5925
-2.3393
-2.1537
-1.8441
-1.6660
-1.4661
-1.1203
-0.9565
-0.6556
-0.3235
0.0405
0.2468
0.3073
0.4346
0.6772
0.8240
0.8894
0.8511
0.8463
0.8645
0.8768
0.9248
1.0588
1.2205
1.4118
1.6317
1.7088
1.7912
1.9238
2.0807
2.2260
2.4282
2.6201
2.8188
3.0501
3.2585
3.4583
3.8181
4.0604
3.8357
3.5018
3.2233
3.1325
3.4999
3.9455
3.9601
3.8646
4.0767
4.7339
4.8462
5.2379
5.3230
5.5909
5.9392
6.1495
6.1673
6.2975
6.3998
6.3085
6.3326
6.7251
7.2944
7.6434
7.5725
7.4593
7.6696
8.0386
8.1133
7.7241
8.8817
8.4156
8.1686
7.3822
7.6613
7.4030
7.3515
7.0678
7.1904
8.4181
11.3218
11.2065
8.2638
6.2228
7.2926
8.7650
9.9664
7.5671
5.6814
3.8468
2.3870
1.4251
0.9510
0.6201
0.3786
0.3595
0.8221
2.7460
3.5944
5.6955
5.5973
5.5922
5.9018
6.2933
6.9687
7.4769
7.7719
7.8577
7.8812
7.8616
