0.4879
0.6783
1.2168
1.2700
1.4696
2.0121
2.7654
3.1470
3.5027
3.4790
3.4209
3.5099
3.3783
3.8019
3.9508
4.0376
5.0439
5.9451
6.5685
5.6082
4.7557
3.7935
3.3885
3.0900
2.6589
0.9320
-0.5868
-0.6574
-1.3547
-0.5315
0.3844
1.5033
0.9980
0.2029
-0.2718
-0.2804
-0.0010
-0.2124
-0.1085
-0.0790
-0.1507
-0.4704
-0.1729
-0.1745
0.0293
0.0899
0.2468
0.7210
1.1630
1.8099
2.1312
2.1176
2.2943
2.4623
2.6835
2.6387
2.4919
2.2769
2.3371
2.2682
2.2541
2.0355
1.8641
1.6201
1.4115
1.2890
1.0697
0.7437
0.3202
0.0619
-0.1432
-0.3274
-0.8066
-1.3271
-1.7310
-2.1190
-2.5534
-2.7905
-2.9590
-3.2063
-3.3117
-3.3611
-3.5673
-3.4859
-3.4771
-3.5023
-3.5779
-3.6957
-3.7389
-3.7956
-3.9596
-4.0322
-3.9544
-3.8800
-3.9771
-4.0565
-3.9971
-3.9677
-4.0229
-4.1239
-4.0665
-4.1224
-4.2444
-4.4022
-4.4779
-4.3574
-4.3388
-4.2806
-4.1673
-4.2325
-4.4737
-4.7672
-4.9905
-4.8765
-4.5779
-4.4063
-4.2213
-3.9925
-3.9175
-4.0693
-4.1252
-3.9478
-3.5883
-3.2840
-3.1145
-3.0939
-3.2032
-3.5140
-3.8342
-3.9278
-3.8853
-3.7184
-3.4428
-3.2183
-3.1218
-3.0940
-3.0946
-3.1433
-3.2104
-3.3309
-3.4303
-3.5289
-3.6116
-3.7421
-3.9041
-4.0372
-4.1319
-4.2000
-4.2359
-4.1858
-4.0572
-3.9002
-3.8029
-3.7852
-3.7631
-3.7298
-3.6320
-3.6248
-3.4394
-3.3097
-3.0347
-2.7462
-2.2814
-1.8414
-1.3514
-0.9488
-0.3572
0.0073
0.2514
0.3481
0.7643
1.0124
1.2464
1.6562
2.0138
2.1659
2.2872
2.5700
2.9770
3.5937
4.1144
4.7219
5.2364
5.6890
5.9391
6.1865
6.5407
6.4507
6.4782
6.6020
6.8439
6.7297
6.6242
6.6655
6.2307
6.1635
6.6257
6.8556
7.1666
7.2703
7.3413
7.4397
7.4283
7.3409
7.3547
7.3252
7.2693
7.1612
7.0728
6.7503
6.3943
5.7362
5.3667
5.2730
5.3694
5.6907
5.7236
5.8070
5.9942
6.0571
6.0903
6.1485
6.2964
6.3462
6.3658
6.3305
6.3553
6.4415
6.6042
6.8430
7.0035
7.0223
7.0853
7.2203
7.3431
7.3761
7.3417
7.3243
7.3564
7.3239
7.2898
7.2844
7.2357
7.2875
7.3796
7.5023
7.6821
7.9965
8.3455
8.4763
8.5698
8.5721
8.3845
8.2277
8.0608
8.0739
8.4514
8.9433
9.5112
9.8418
10.4673
11.2122
11.9238
12.1021
12.2365
12.3343
12.3003
12.2346
12.3555
12.4151
12.5599
12.5634
12.5174
12.4788
12.1420
12.1176
11.9900
11.5718
11.1653
10.8507
10.6992
10.4852
10.2984
10.1805
10.2235
10.2145
10.1568
10.1870
10.1679
9.9831
9.8137
9.7291
9.7195
9.6751
9.9108
10.0599
10.1787
10.2058
10.2170
10.1943
10.1368
10.0708
9.9107
9.5821
9.1580
8.6539
8.5028
7.6990
6.9941
6.6019
6.4015
6.6674
6.6359
6.4739
6.4328
6.3662
6.4012
6.2246
6.3125
6.2138
6.2508
5.7544
5.1898
4.7139
4.7199
4.9278
4.4820
4.0677
4.3364
4.1818
3.6887
3.4008
2.6264
1.2929
1.1270
0.6511
-0.8770
-3.2528
-3.1908
-2.6467
-1.4135
-1.5217
-2.0921
-2.3883
-2.7794
-3.3213
-5.3095
-7.4167
-5.5532
-3.1587
-1.7483
-1.3415
0.8811
0.3119
1.8189
3.7597
5.0175
5.6978
7.0334
7.9460
8.3741
8.2084
7.5094
6.7118
5.1527
4.5345
3.8431
4.5691
4.6699
4.7062
5.4199
5.5139
5.3793
5.2322
5.3294
5.3066
5.3733
