3.5790
3.6920
3.8520
3.9660
4.0780
4.1990
4.3270
4.4310
4.5330
4.5990
4.6640
4.7780
4.8510
4.9230
5.0480
5.1090
5.0100
4.7440
4.6650
4.2420
4.0130
3.7730
3.8700
4.2100
4.3170
4.3330
4.6060
4.8460
4.9010
4.9560
5.0090
5.0460
5.0850
5.1150
5.1150
5.1060
5.1180
5.0660
4.9620
4.9340
4.9290
4.9500
4.9070
5.0140
5.1260
5.1750
5.2650
5.4570
5.5860
5.6900
5.7690
5.9750
6.0360
6.3060
6.4920
6.5270
6.5750
6.4600
6.4700
6.3660
6.2780
6.3630
6.4140
6.4900
6.5180
6.6120
6.7750
6.9380
7.1610
7.2270
7.4390
7.5860
7.4460
7.4480
7.3970
7.3510
7.2490
7.2280
7.3690
7.4860
7.4960
7.6790
7.5900
7.6950
7.6390
7.5590
7.6850
7.6230
7.6090
7.6180
7.6350
7.6030
7.6400
7.6200
7.6420
7.5220
7.4870
7.4450
7.3810
7.3200
7.3030
7.3430
7.3440
7.2740
7.1800
7.1110
7.0930
7.0130
6.9810
6.8410
6.7550
6.6940
6.3870
6.1630
5.6960
5.1490
4.8660
4.7540
4.9740
5.2430
5.2640
5.2460
5.3330
5.4380
5.3650
5.2960
5.2350
5.1830
5.1550
5.0250
4.8620
4.7150
4.6390
4.6500
4.7070
4.7620
4.8000
4.8260
4.8420
4.8250
4.8230
4.8170
4.8630
4.9520
4.9980
4.9940
4.9490
4.8890
4.8530
4.9190
5.0860
5.1550
5.3180
5.1680
5.1210
5.2000
5.4980
5.6960
6.0010
5.5700
5.5690
5.4410
5.6830
5.7410
5.9660
6.1120
5.9680
5.7610
5.5940
5.6850
5.6670
5.9100
6.2330
6.2880
6.3660
6.4230
6.5270
6.7810
6.8880
6.6090
6.2840
5.6590
4.5350
4.5170
4.5820
4.7950
4.9210
4.9660
5.2960
5.2870
5.1680
4.7120
4.2660
3.6860
3.3640
3.2430
3.2470
2.6600
2.7670
2.4770
2.1940
2.1600
2.3270
2.4960
2.6230
2.6130
2.6400
2.6930
2.6050
2.6610
2.8090
2.6730
2.7990
2.9660
2.9530
2.9760
3.0860
3.2560
3.4490
3.5630
3.6480
3.7020
3.7270
3.7500
3.7690
3.7930
3.8030
3.8100
3.7710
3.6320
3.4880
3.4510
3.4890
3.5600
3.6200
3.7110
3.7300
3.6930
3.6480
3.6230
3.6050
3.5940
3.5820
3.5760
3.5300
3.4360
3.3000
3.1590
2.9910
2.8110
2.5920
2.3220
2.1160
2.0610
2.0440
2.0620
2.1190
2.1620
2.2780
2.4810
2.7400
3.5690
4.5400
4.6360
4.8550
5.2580
5.5550
5.7850
6.0210
6.1080
6.1150
6.2740
6.3820
6.4760
6.5210
6.5380
6.5670
6.5920
6.6470
6.7120
6.7820
6.8260
6.8210
6.8070
6.8140
6.8270
6.8500
6.8660
6.8530
6.8120
6.7430
6.6550
6.6090
6.6230
6.6180
6.6170
6.6570
6.6960
6.7430
6.7860
6.7880
6.7430
6.6430
6.4860
6.2310
5.8010
5.2220
5.0560
4.4360
3.9720
3.7210
3.6340
3.9350
4.1570
4.2130
4.4690
4.5900
4.6750
4.6910
4.6660
4.6490
4.6260
4.5920
4.5470
4.5010
4.4570
4.4160
4.3740
4.3300
4.3050
4.2980
4.2840
4.2460
4.2150
4.1820
4.1390
4.0470
3.9760
3.9970
4.0080
3.9980
3.9860
3.9470
3.8810
3.8040
3.7710
3.7130
3.5420
3.3540
3.1730
3.0320
2.9260
3.9280
5.3150
5.3880
5.7030
6.1250
6.3820
6.5380
6.7210
6.9130
6.9630
7.0280
7.0690
7.0560
7.0590
7.0980
7.0960
7.0770
7.0680
7.0020
6.9370
6.9060
6.8690
6.8670
6.8760
6.8920
