249.7600
251.1500
250.8800
240.9800
273.9700
247.0300
240.4700
270.6300
260.0800
302.0600
302.8800
304.8700
314.8100
305.9800
317.9500
330.2800
356.1900
359.2000
353.7700
348.3900
338.6000
346.7100
349.8100
342.0500
336.7300
327.6600
323.0000
317.7800
323.3900
317.2500
310.5500
302.0100
296.5000
289.1600
286.3700
275.4700
262.6200
251.3900
245.1600
217.0900
193.3600
174.4000
164.6800
152.2700
131.3700
116.9300
100.5600
73.5460
59.4020
46.3780
34.5960
28.6320
28.9610
21.9540
15.8170
17.5450
19.9850
28.2400
36.1890
42.6490
51.8680
57.8560
48.7190
35.1410
26.4290
16.0290
28.2700
18.2950
20.2530
23.3850
8.0684
0.8426
29.8780
28.9290
33.5310
44.3790
50.8050
58.8340
57.4730
51.0630
58.6300
50.6130
56.6110
49.2240
48.0980
55.3960
51.4990
25.6650
0.8508
-7.8222
-14.7460
-17.4950
-26.4180
-38.8340
-69.4440
-79.7780
-87.9550
-95.0240
-98.0890
-95.1050
-102.2300
-111.8600
-119.3300
-123.4500
-122.6700
-123.6100
-123.8200
-128.1300
-130.4900
-136.5800
-144.8100
-125.2700
-111.6500
-119.2500
-127.9400
-138.3600
-138.9800
-135.8000
-126.0800
-122.9900
-125.0700
-125.8600
-129.8000
-127.8700
-123.8300
-126.3000
-127.7600
-131.5400
-130.4600
-131.7900
-134.7200
-136.0200
-137.3900
-137.3900
-135.3000
-155.4800
-170.5200
-172.7800
-178.1000
-174.6700
-180.2900
-191.0200
-209.3100
-219.5500
-219.7600
-224.7000
-228.9600
-239.7600
-255.5600
-260.6000
-251.6300
-242.7100
-238.2700
-227.0200
-217.7500
-213.4800
-209.8700
-200.2200
-183.4900
-148.5200
-128.2700
-113.0100
-99.2510
-87.6590
-74.0000
-58.2160
-34.8990
-17.8730
0.0279
17.9390
34.2540
43.9870
57.9530
77.2930
87.0420
100.3000
110.8400
110.0800
100.6200
106.6600
138.8000
165.7800
193.2100
179.8900
161.7300
132.6100
115.6900
115.0200
125.9000
135.0900
139.8900
137.7800
137.2900
144.6600
146.6700
156.9700
153.2400
139.1800
147.3400
146.4400
155.2500
157.0400
161.7800
167.1400
174.9600
187.4300
195.7200
230.1100
259.6800
273.2300
281.6100
283.9000
299.5100
321.7600
344.5500
363.6800
370.4000
378.9500
394.4700
399.8600
408.6700
414.4100
420.9300
427.4200
431.3400
434.3800
437.5300
442.9300
445.9800
447.8000
451.5400
432.9700
418.4200
412.8200
410.9500
416.7100
412.8700
405.2800
392.7100
383.3100
383.7200
384.8600
386.4000
389.6500
384.3700
377.8000
373.3300
373.5000
374.8900
372.5600
373.2500
374.0900
379.9600
384.4400
384.0700
404.5300
419.7100
427.4600
437.7300
440.5000
450.9800
470.6600
492.8400
506.2800
512.5100
522.7000
532.6300
538.3000
549.7300
560.8200
568.4000
574.6700
582.6000
591.7600
594.0900
599.9200
607.0300
613.7500
621.1400
592.8900
565.3200
556.8700
553.6800
561.3200
555.9300
545.2200
527.5000
519.1300
521.3500
522.3100
525.6700
545.3300
552.1000
555.7000
557.8900
560.1900
562.6000
563.6200
569.1800
565.7100
564.0800
568.1700
573.3200
611.8500
650.7100
666.8200
676.7300
676.6000
689.1800
704.3300
730.0800
746.6800
748.8900
753.7300
756.3500
739.1700
739.2400
742.9800
746.8000
751.7000
747.8800
742.4200
733.0500
732.0400
731.0700
727.3300
726.3000
702.1500
678.8900
668.6500
661.7500
663.4500
658.2300
648.3200
635.3400
626.2600
624.1500
619.8600
615.7700
618.1900
612.6700
604.7300
600.5700
595.1900
591.7500
587.3900
587.6800
583.7800
581.0200
581.1200
580.0500
597.6900
622.9200
637.4800
651.3400
659.5200
677.2600
693.1900
710.3500
723.8000
735.3200
747.8400
757.0200
755.8000
760.3800
769.6300
776.9900
784.6600
791.7600
798.0600
799.7600
805.1700
813.8000
820.5600
826.4000
797.5200
768.2700
