4.8788
5.0582
5.3117
5.4933
5.6706
5.8621
6.0654
6.2311
6.3927
6.4972
6.6001
6.7815
6.8970
7.0109
7.2102
7.3063
7.1500
6.7273
6.6019
5.9303
5.5669
5.1860
5.3406
5.8801
6.0498
6.0747
6.5082
6.8892
6.9761
7.0642
7.1486
7.2073
7.2679
7.3169
7.3157
7.3027
7.3207
7.2387
7.0739
7.0294
7.0217
7.0546
6.9860
7.1554
7.3330
7.4116
7.5537
7.8585
8.0642
8.2281
8.3534
8.6809
8.7780
9.2055
9.5005
9.5568
9.6326
9.4499
9.4663
9.3013
9.1621
9.2961
9.3781
9.4978
9.5421
9.6911
9.9511
10.2090
10.5628
10.6681
11.0037
11.2375
11.0149
11.0177
10.9373
10.8639
10.7026
10.6693
10.8930
11.0790
11.0950
11.3847
11.2429
11.4106
11.3211
11.1950
11.3949
11.2963
11.2742
11.2873
11.3154
11.2636
11.3237
11.2915
11.3254
11.1363
11.0799
11.0142
10.9117
10.8148
10.7886
10.8519
10.8532
10.7414
10.5927
10.4837
10.4546
10.3286
10.2766
10.0555
9.9182
9.8222
9.3349
8.9795
8.2380
7.3699
6.9210
6.7431
7.0920
7.5194
7.5531
7.5236
7.6615
7.8281
7.7123
7.6038
7.5060
7.4245
7.3801
7.1735
6.9152
6.6814
6.5615
6.5780
6.6685
6.7569
6.8163
6.8574
6.8831
6.8557
6.8528
6.8439
6.9161
7.0573
7.1302
7.1238
7.0531
6.9572
6.9007
7.0047
7.2704
7.3799
7.6376
7.4001
7.3259
7.4517
7.9245
8.2374
8.7214
8.0378
8.0360
7.8329
8.2179
8.3098
8.6670
8.8979
8.6692
8.3421
8.0771
8.2209
8.1926
8.5772
9.0895
9.1780
9.3008
9.3912
9.5569
9.9599
10.1299
9.6863
9.1713
8.1798
6.3952
6.3668
6.4707
6.8090
7.0078
7.0802
7.6035
7.5892
7.4009
6.6763
5.9683
5.0487
4.5384
4.3465
4.3529
3.4205
3.5909
3.1310
2.6816
2.6269
2.8929
3.1600
3.3618
3.3467
3.3888
3.4727
3.3332
3.4227
3.6571
3.4417
3.6406
3.9055
3.8862
3.9228
4.0959
4.3671
4.6734
4.8537
4.9881
5.0742
5.1138
5.1497
5.1802
5.2183
5.2338
5.2453
5.1828
4.9631
4.7350
4.6765
4.7369
4.8487
4.9439
5.0887
5.1193
5.0597
4.9878
4.9490
4.9200
4.9032
4.8842
4.8745
4.8006
4.6526
4.4361
4.2126
3.9451
3.6595
3.3126
2.8845
2.5570
2.4708
2.4439
2.4713
2.5622
2.6302
2.8139
3.1362
3.5473
4.8636
6.4033
6.5556
6.9044
7.5431
8.0140
8.3789
8.7534
8.8912
8.9034
9.1555
9.3273
9.4760
9.5478
9.5747
9.6205
9.6597
9.7473
9.8503
9.9615
10.0310
10.0233
10.0018
10.0116
10.0325
10.0693
10.0949
10.0746
10.0094
9.8989
9.7597
9.6863
9.7094
9.7014
9.6994
9.7633
9.8255
9.8994
9.9671
9.9702
9.9003
9.7411
9.4910
9.0870
8.4043
7.4857
7.2231
6.2383
5.5019
5.1041
4.9668
5.4446
5.7958
5.8848
6.2919
6.4825
6.6185
6.6432
6.6032
6.5774
6.5401
6.4871
6.4142
6.3427
6.2724
6.2070
6.1405
6.0712
6.0310
6.0200
5.9980
5.9377
5.8880
5.8350
5.7681
5.6218
5.5092
5.5426
5.5600
5.5436
5.5248
5.4627
5.3581
5.2362
5.1836
5.0919
4.8195
4.5217
4.2348
4.0102
3.8433
5.4320
7.6333
7.7494
8.2489
8.9194
9.3274
9.5748
9.8640
10.1696
10.2492
10.3525
10.4166
10.3965
10.4003
10.4631
10.4603
10.4300
10.4150
10.3107
10.2068
10.1577
10.0998
10.0962
10.1108
10.1363
