-5.7552
-5.7471
-5.7151
-5.6761
-5.6327
-5.5834
-5.5237
-5.4601
-5.3853
-5.3174
-5.2670
-5.2258
-5.2098
-5.2002
-5.2081
-5.2749
-5.5099
-5.7581
-5.7926
-5.6855
-5.4124
-5.0636
-4.6030
-4.1316
-3.7137
-3.2944
-2.8130
-2.3639
-2.0148
-1.7039
-1.3556
-1.0020
-0.6914
-0.4207
-0.1628
0.0787
0.2926
0.4899
0.6776
0.8593
1.0490
1.2434
1.4313
1.6019
1.7510
1.8829
2.0059
2.1204
2.2121
2.2757
2.3117
2.3156
2.2645
2.1084
1.8761
1.6577
1.4349
1.2395
0.9948
0.6747
0.3855
0.0980
-0.2222
-0.5999
-0.9948
-1.4618
-1.8979
-2.3216
-2.6812
-2.9722
-3.1817
-3.3062
-3.4588
-3.5950
-3.6967
-3.8578
-4.0137
-4.1233
-4.1873
-4.2492
-4.3167
-4.3561
-4.3775
-4.3798
-4.3684
-4.3657
-4.3771
-4.3615
-4.3430
-4.3486
-4.3602
-4.3787
-4.4206
-4.4457
-4.4443
-4.4487
-4.4789
-4.5023
-4.5267
-4.4925
-4.4481
-4.4074
-4.3584
-4.3336
-4.3080
-4.2489
-4.1865
-4.1948
-4.2751
-4.2534
-4.1676
-4.0165
-3.6941
-3.3776
-3.2605
-3.0591
-2.7145
-2.3107
-1.8568
-1.4175
-0.9745
-0.5461
-0.1175
0.2349
0.5301
0.8874
1.2310
1.5381
1.7801
2.0260
2.3144
2.6274
2.9698
3.3355
3.6415
3.8828
4.1054
4.3272
4.5339
4.7300
4.8839
5.0158
5.1297
5.1947
5.2313
5.2681
5.2991
5.3200
5.3427
5.3555
5.3105
5.2866
5.1436
4.9448
4.6774
4.2952
3.9554
3.6800
3.2917
2.8662
2.4371
2.0396
1.4989
1.1099
0.8415
0.7880
0.6907
0.6008
0.3129
0.2163
0.1830
-0.1539
-0.3348
-0.4587
-0.4087
-0.5376
-0.7598
-0.7564
-1.1671
-1.9477
-2.7050
-2.9683
-2.8186
-2.9177
-3.3067
-3.6140
-3.7351
-3.6500
-3.8918
-3.9987
-4.2824
-4.6939
-5.0331
-5.3662
-5.5473
-5.6368
-5.7300
-5.7179
-5.8888
-5.9238
-5.9594
-5.9135
-5.8329
-5.8058
-5.8283
-5.8059
-5.7683
-5.7657
-5.7667
-5.8684
-6.0028
-6.1130
-5.8991
-5.6237
-5.2820
-4.9695
-4.7080
-4.4078
-4.1676
-3.9437
-3.7087
-3.4890
-3.2723
-3.0582
-2.8740
-2.7324
-2.6213
-2.5180
-2.4129
-2.3122
-2.2342
-2.1959
-2.1738
-2.1435
-2.0923
-2.0350
-1.9732
-1.8878
-1.7896
-1.7111
-1.7116
-1.7634
-1.8416
-1.9332
-2.0170
-2.0705
-2.0180
-1.9454
-1.9191
-1.9629
-2.0901
-2.3452
-2.6501
-2.7086
-2.3872
-2.0272
-1.8572
-1.7276
-1.6937
-1.7047
-1.6435
-2.2017
-2.2944
-2.0677
-2.5462
-2.8650
-2.9706
-3.2232
-3.5662
-4.0161
-4.5438
-4.6238
-4.4389
-4.2285
-3.9607
-3.8054
-3.7266
-3.7466
-3.8840
-3.9973
-4.0716
-4.1870
-4.2784
-4.4081
-4.5820
-4.7167
-4.8529
-5.0311
-5.1753
-5.2888
-5.3657
-5.3916
-5.4740
-5.5406
-5.5458
-5.5186
-5.4078
-5.2483
-5.0867
-4.9106
-4.8399
-4.8926
-4.9898
-5.1521
-5.3903
-5.6867
-5.8702
-5.7850
-5.6885
-5.3592
-4.9457
-4.4953
-3.9243
-3.4034
-2.9177
-2.3626
-1.9340
-1.5604
-1.2564
-0.9800
-0.7322
-0.5055
-0.3045
-0.1273
0.0363
0.1983
0.3669
0.5523
0.7539
0.9456
1.1142
1.2582
1.3852
1.4970
1.5943
1.6813
1.7542
1.8096
1.8475
1.8797
1.9149
1.9506
1.9786
2.0025
2.0186
2.0096
1.9606
1.8846
1.7881
1.6879
1.5782
1.2977
0.3039
-0.7302
-1.2971
-1.6838
-2.0917
-2.6215
-3.0364
-3.3479
-3.6431
-3.9379
-4.0887
-4.1885
-4.3556
-4.5496
-4.6573
-4.7368
-4.8210
-4.8444
-4.9338
-5.0840
-5.2114
-5.3465
-5.4732
-5.5015
-5.5009
