-0.0346
-0.1397
-0.0886
-0.2388
-0.2667
-0.3239
-0.3622
-0.5029
-0.5788
-0.6098
-0.5257
-0.5995
-0.6969
-0.8506
-0.9244
-1.0998
-1.1733
-1.1504
-1.0730
-0.9847
-0.9506
-0.9105
-0.8246
-0.7959
-0.8703
-0.9493
-1.0386
-1.1012
-1.0686
-1.1159
-1.0948
-1.0216
-1.0007
-1.0205
-1.0179
-1.0424
-1.0765
-1.0636
-1.0572
-1.0777
-1.0872
-1.0713
-1.0724
-1.1284
-1.1522
-1.1975
-1.2036
-1.2239
-1.2346
-1.2655
-1.3553
-1.5607
-1.8528
-2.3325
-2.7048
-2.9068
-3.0604
-3.1415
-3.3913
-3.6054
-3.7820
-3.9114
-4.0795
-4.2747
-4.3414
-4.3992
-4.1607
-4.0265
-4.1288
-3.8964
-3.7968
-3.7771
-3.4234
-3.2167
-3.0651
-3.0595
-3.0239
-2.8051
-2.6717
-2.5279
-2.3252
-2.2743
-2.1162
-1.9926
-1.8550
-1.7017
-1.5894
-1.4583
-1.2877
-1.1391
-0.9252
-0.6578
-0.5190
-0.4793
-0.4448
-0.2997
-0.1236
0.0883
0.2586
0.3772
0.5212
0.6313
0.7688
0.9979
1.2737
1.5430
1.8074
2.0056
2.1745
2.4023
2.5022
2.7358
3.2559
3.6081
3.5740
3.2496
3.1337
3.0921
3.3714
3.7496
4.1065
4.3473
4.7124
5.2487
5.5238
5.9118
6.2082
6.4190
6.4866
6.2851
5.9931
5.7256
5.5667
5.5612
5.7269
5.9464
6.0735
6.2517
6.4364
6.4823
6.4544
6.3914
6.4364
6.5440
6.5674
6.5692
6.5137
6.4242
6.4234
6.6311
7.0189
7.3178
7.6195
7.3978
7.3012
7.3258
7.5635
7.7306
8.0540
6.9529
6.9369
6.6810
6.5739
6.6863
7.0734
7.5004
7.4987
7.3527
7.2500
7.4545
7.5763
8.0141
8.5122
8.7303
8.8630
8.9913
9.1626
9.2322
9.1352
8.2500
7.3507
6.6169
6.0227
6.3469
6.4692
6.7280
6.9688
7.0661
7.5858
7.5822
7.3911
6.6320
5.9234
5.0207
4.5040
4.3077
4.3311
3.3146
3.3276
2.5862
2.0830
1.8970
1.9212
1.9489
1.9634
1.8785
1.9257
2.0751
2.1593
2.4194
2.7127
2.6701
2.7243
2.8061
2.8355
2.9175
3.0200
3.1723
3.3360
3.3961
3.4351
3.4508
3.3739
3.2443
3.0560
2.8087
2.5225
2.2441
1.9232
1.5114
1.0053
0.4598
-0.0538
-0.4397
-0.6702
-0.8634
-1.0869
-1.2336
-1.3523
-1.4959
-1.7533
-1.9952
-2.2609
-2.5244
-2.7310
-2.8340
-2.6243
-2.4265
-2.3341
-2.3495
-2.4837
-2.6194
-2.5541
-2.1738
-1.9337
-1.9064
-1.9306
-1.9909
-1.8925
-1.7581
-2.0671
-2.0651
-1.3460
-0.8950
-0.9920
-1.2276
-1.0331
-0.8152
-0.6360
-0.3329
0.0759
0.3993
0.6855
0.8187
0.9108
1.0729
1.2891
1.5757
1.9140
2.2276
2.4652
2.6245
2.7322
2.8488
2.9557
3.0002
2.9871
2.9949
2.9939
3.0196
3.1031
3.1983
3.3361
3.4701
3.6246
3.7888
3.8719
3.9105
3.9658
3.9603
3.9332
3.9251
3.9095
3.8846
3.8585
3.6934
3.3672
3.3396
3.0197
2.6181
2.3576
2.2363
2.4940
2.7172
2.7493
3.0368
3.2504
3.3994
3.4835
3.5105
3.5117
3.5188
3.4985
3.4817
3.4517
3.4006
3.3741
3.3626
3.3398
3.3231
3.3272
3.3047
3.2440
3.1919
3.1404
3.0776
2.9558
2.7811
2.6599
2.6154
2.6196
2.6024
2.5437
2.4191
2.2590
2.1934
2.1691
2.0186
1.7837
1.5333
1.3169
0.2091
-2.2766
-3.5698
-3.8184
-3.9604
-4.1682
-4.2523
-4.1912
-4.3077
-4.0742
-3.6450
-3.3490
-3.0908
-2.8839
-2.7222
-2.6641
-2.6515
-2.6633
-2.6408
-2.5727
-2.4732
-2.2527
-1.9790
-1.7740
-1.6090
-1.5503
