4.8787
5.0563
5.3109
5.4882
5.6644
5.8532
6.0546
6.2108
6.3664
6.4685
6.5791
6.7549
6.8617
6.9591
7.1507
7.2230
7.0531
6.6282
6.5142
5.8480
5.4851
5.1054
5.2766
5.8260
5.9869
6.0001
6.4248
6.8006
6.8938
6.9756
7.0643
7.1345
7.1987
7.2453
7.2445
7.2279
7.2411
7.1602
6.9944
6.9463
6.9370
6.9728
6.9032
7.0659
7.2419
7.3142
7.4572
7.7626
7.9692
8.1302
8.2427
8.5394
8.5802
8.9051
9.1074
9.1040
9.1335
8.9124
8.8380
8.5741
8.3450
8.4332
8.4443
8.4814
8.4973
8.6350
9.0396
9.3814
9.7224
9.9311
10.3279
10.5837
10.4694
10.5377
10.4990
10.4242
10.2665
10.2940
10.5603
10.7867
10.8486
11.1553
11.0419
11.2353
11.1681
11.0649
11.2836
11.2018
11.2004
11.2296
11.2775
11.2443
11.3118
11.2813
11.3167
11.1323
11.0792
11.0138
10.9087
10.8082
10.7760
10.8335
10.8259
10.6950
10.5158
10.3695
10.2972
10.1320
10.0439
9.7643
9.5973
9.4335
8.7487
8.2227
7.4224
6.6147
6.1709
5.9923
6.2394
6.5178
6.3393
6.1404
6.0409
5.8077
5.3821
4.7821
4.2189
3.7309
3.5201
3.4580
3.4499
3.4437
3.4735
3.5132
3.4164
3.2088
3.0942
2.8177
2.4392
2.2316
2.3023
2.4473
2.5308
2.6425
2.7765
2.7558
2.7051
2.6707
2.5217
2.2569
1.8956
0.9556
-0.5252
-0.1859
-0.6000
-1.3639
-2.3646
-2.8446
-3.3461
-4.0329
-4.0567
-4.0888
-4.9312
-4.9342
-5.0084
-4.7872
-4.3503
-3.9407
-3.5604
-3.4660
-3.1176
-3.0567
-3.1878
-2.8314
-2.8200
-2.7115
-2.7170
-3.7370
-4.3777
-5.0755
-5.4846
-4.8089
-2.1508
-0.5032
0.1390
1.0470
0.7387
-0.4473
-0.5184
0.3258
0.3797
-0.7679
-0.7308
-0.5309
-0.5582
-0.5793
-0.4351
-0.8446
-1.3496
-1.7648
-1.6889
-1.8171
-2.1629
-2.4874
-2.7288
-2.7697
-2.7885
-2.7845
-2.5392
-2.4211
-2.4527
-2.1717
-2.4149
-2.7164
-2.6574
-2.6224
-2.7669
-3.0012
-3.2729
-3.4677
-3.6169
-3.7201
-3.8429
-3.9993
-4.1828
-4.3979
-4.5858
-4.7410
-4.8127
-4.7274
-4.6270
-4.6538
-4.7366
-4.8287
-4.8982
-5.0149
-5.0026
-4.9071
-4.8010
-4.7175
-4.5970
-4.4789
-4.3294
-4.1699
-3.9480
-3.6899
-3.5767
-3.4435
-3.1805
-2.8056
-2.1920
-1.2078
0.1205
1.1744
1.4944
1.5727
1.6845
1.7188
2.0824
2.5972
2.8828
4.4034
6.2602
6.4942
6.8328
7.4426
7.9471
8.3391
8.7303
8.8850
8.9031
9.1468
9.3021
9.4406
9.5042
9.5144
9.5337
9.5303
9.5575
9.5951
9.6516
9.6816
9.6437
9.5876
9.5653
9.5734
9.6160
9.6405
9.6194
9.5430
9.3999
9.2207
9.0937
9.0681
8.9989
8.9288
8.9627
9.0138
9.0703
9.1466
9.1616
9.0889
8.9222
8.6596
8.2271
7.5493
6.6856
6.4047
5.4587
4.8391
4.5269
4.4349
4.8398
5.1194
5.2031
5.5106
5.6088
5.6787
5.6566
5.5927
5.5615
5.5128
5.4628
5.3870
5.3213
5.2706
5.2098
5.1379
5.0700
5.0328
5.0170
5.0055
4.9732
4.9477
4.9178
4.8784
4.7821
4.7557
4.8627
4.9065
4.8856
4.8735
4.8343
4.7809
4.7239
4.6967
4.6067
4.3764
4.1550
3.9475
3.7878
3.8376
4.9319
6.7471
6.7433
7.2359
7.8855
8.3017
8.6087
8.8737
9.3178
9.5792
9.7958
9.9475
9.9885
10.0377
10.1182
10.1186
10.0842
10.0746
9.9846
9.9027
9.9048
9.9040
9.9392
9.9820
10.0170
