4.7830
4.8510
4.9060
4.9640
5.0980
5.0620
5.1680
5.2470
5.3330
5.4780
5.6040
5.6390
5.7200
5.7550
5.8300
5.8170
5.6110
5.1860
4.8270
4.1280
3.6580
3.3590
3.2740
3.4360
3.4320
3.2900
3.2660
3.2990
3.2770
3.1740
3.0440
2.8790
2.7340
2.6050
2.5610
2.5930
2.7020
2.8610
3.0100
3.1280
3.2330
3.3300
3.4210
3.5100
3.5850
3.6590
3.7250
3.7620
3.7430
3.6850
3.6020
3.5140
3.3850
3.2030
2.9830
2.8240
2.7630
2.7060
2.6600
2.6370
2.6810
2.7700
2.8630
2.8970
2.9620
3.1140
3.2750
3.3970
3.5870
3.7960
4.0290
4.3290
5.0310
5.5200
5.5630
5.4140
5.3130
5.2610
5.2440
5.2800
5.3890
5.5160
5.5950
5.6600
5.7410
5.8720
5.9970
6.1640
6.2110
6.2870
5.9980
5.8580
6.1320
6.2560
6.2580
6.1900
6.0980
6.0060
5.9240
5.8320
5.7550
5.6800
5.5830
5.5050
5.4150
5.3030
5.1960
5.1020
4.9500
4.7590
4.5730
4.4310
4.3050
4.1880
4.0880
3.9530
3.7920
3.4790
2.9000
2.5220
2.3490
2.3760
2.3010
2.1530
2.0210
1.9040
1.7720
1.7090
1.7070
1.7750
1.8950
2.0120
2.1240
2.2500
2.3770
2.5220
2.7510
3.0660
3.3740
3.6570
3.9000
4.1120
4.2830
4.3600
4.4270
4.5000
4.6650
4.8910
5.2040
5.4340
5.4480
5.3930
5.3420
5.3020
5.2890
5.3530
5.3370
5.2950
5.2280
5.1430
5.0390
4.9920
4.9690
4.9880
5.0320
5.0470
4.9560
4.8280
4.7980
4.7870
4.7590
4.7440
4.7080
4.6680
4.6300
4.5860
4.5310
4.4800
4.4330
4.3870
4.3410
4.3070
4.2750
4.2350
4.2180
4.1930
4.1850
4.1800
4.1650
4.1320
4.1100
4.0810
4.0380
4.0010
3.9680
3.9380
3.9180
3.8980
3.8680
3.8550
3.8500
3.8280
3.7980
3.7850
3.7900
3.7940
3.7920
3.8030
3.8010
3.7890
3.7770
3.7480
3.6780
3.5750
3.4250
3.5500
3.6400
3.7030
3.7800
3.9000
4.0550
4.2060
4.3550
4.5030
4.6450
4.7690
4.8780
4.9630
5.0180
5.0730
5.1170
5.1300
5.1470
5.1500
5.1320
5.1110
5.0860
5.0400
5.0030
4.9760
4.9510
4.9320
4.9410
4.9740
5.0310
5.0770
5.0810
5.0620
5.0360
4.9860
4.9010
4.8250
4.6920
4.5110
4.3000
4.1430
4.2020
4.2250
4.3450
4.4640
4.7030
4.9270
5.0490
5.0970
5.0870
5.1470
5.1920
5.1380
5.1060
5.0590
5.0320
5.0340
5.0370
5.0340
5.0510
5.1100
5.1890
5.2390
5.2360
5.1930
5.1380
5.0530
4.9920
4.9590
4.9600
4.9220
4.8830
4.8670
4.8580
4.8330
4.7880
4.7270
4.6720
4.6360
4.6330
4.6550
4.6890
4.7210
4.7360
4.7370
4.7490
4.7820
4.7990
4.8150
4.8130
4.7800
4.7010
4.5940
4.4620
4.4350
4.4270
4.4250
4.4650
4.5440
4.6330
4.6960
4.7670
4.8440
4.8880
4.9030
4.9280
4.9700
5.0200
5.1340
5.3040
5.4960
5.6950
5.8510
6.0360
6.2030
6.3240
6.4010
6.5280
6.6280
6.6990
6.7280
6.7130
6.6930
6.7320
6.7960
6.8280
6.7770
6.6270
6.4400
6.2930
6.2230
6.1540
6.1320
6.1620
6.2060
6.2600
6.3670
6.3840
6.4550
6.5050
6.4960
6.4840
6.5090
6.5630
6.5340
6.4380
6.4530
6.4250
6.3250
6.2170
6.1060
6.0830
6.1330
6.0330
5.8740
5.9600
6.0520
6.0560
5.9410
5.9500
5.9630
6.0370
