1552.9000
1553.8000
1587.0000
1591.3000
1562.9000
1602.2000
1595.2000
1573.8000
1567.8000
1594.5000
1597.7000
1590.8000
1584.8000
1563.6000
1568.7000
1605.4000
1612.8000
1598.6000
1601.2000
1610.0000
1602.5000
1610.6000
1623.5000
1618.7000
1622.4000
1632.6000
1627.4000
1634.1000
1643.3000
1645.5000
1644.0000
1648.2000
1653.0000
1650.1000
1658.1000
1665.5000
1666.8000
1670.3000
1671.9000
1652.3000
1645.4000
1645.4000
1642.5000
1645.3000
1644.0000
1639.1000
1626.1000
1618.2000
1618.9000
1614.4000
1612.6000
1613.5000
1608.3000
1602.1000
1598.3000
1593.7000
1592.0000
1590.3000
1590.8000
1588.0000
1587.0000
1588.5000
1590.7000
1598.4000
1600.6000
1600.0000
1603.8000
1602.7000
1605.0000
1608.9000
1616.7000
1623.9000
1630.9000
1634.5000
1636.2000
1643.4000
1649.7000
1655.6000
1661.0000
1663.4000
1667.8000
1676.2000
1683.5000
1690.3000
1697.2000
1704.5000
1711.1000
1697.5000
1683.1000
1678.2000
1680.6000
1689.6000
1686.9000
1683.2000
1672.5000
1666.3000
1669.0000
1670.8000
1672.3000
1687.7000
1692.6000
1694.9000
1697.8000
1700.1000
1707.3000
1713.9000
1722.6000
1726.6000
1727.4000
1732.2000
1733.1000
1756.5000
1778.4000
1787.6000
1792.5000
1787.8000
1792.3000
1803.2000
1816.7000
1825.8000
1823.5000
1823.8000
1828.7000
1831.3000
1839.7000
1845.0000
1845.0000
1843.9000
1843.1000
1844.5000
1846.3000
1849.3000
1848.2000
1845.6000
1845.2000
1819.6000
1797.6000
1789.2000
1783.5000
1786.2000
1776.9000
1765.0000
1747.8000
1736.2000
1733.5000
1728.5000
1721.3000
1715.4000
1700.0000
1690.3000
1685.6000
1682.9000
1681.0000
1675.6000
1670.7000
1665.0000
1662.8000
1663.2000
1662.5000
1686.8000
1705.2000
1715.8000
1726.4000
1729.5000
1741.4000
1753.8000
1773.3000
1785.8000
1791.7000
1797.8000
1804.3000
1798.6000
1807.1000
1814.9000
1825.0000
1836.3000
1843.9000
1853.5000
1861.8000
1870.0000
1880.7000
1891.9000
1903.7000
1869.4000
1837.5000
1828.7000
1825.6000
1837.9000
1831.9000
1815.8000
1787.1000
1770.3000
1769.2000
1767.8000
1763.7000
1779.3000
1777.7000
1768.7000
1761.3000
1754.6000
1750.8000
1749.1000
1753.4000
1747.4000
1740.9000
1740.3000
1738.5000
1772.0000
1804.3000
1817.5000
1824.3000
1820.2000
1832.2000
1850.7000
1877.9000
1895.0000
1897.9000
1903.0000
1909.9000
1898.2000
1900.5000
1905.0000
1907.6000
1911.7000
1913.4000
1912.5000
1908.4000
1913.4000
1918.4000
1918.9000
1923.3000
1898.8000
1872.7000
1862.7000
1858.0000
1859.1000
1850.9000
1838.2000
1817.6000
1800.8000
1794.5000
1789.1000
1780.0000
1774.6000
1753.6000
1735.6000
1722.9000
1711.3000
1701.2000
1688.5000
1677.7000
1662.8000
1653.7000
1651.6000
1646.2000
1669.4000
1687.8000
1692.2000
1688.6000
1680.6000
1682.4000
1687.1000
1696.1000
1702.5000
1702.3000
1700.7000
1696.6000
1686.7000
1691.5000
1699.4000
1708.0000
1718.0000
1723.2000
1730.0000
1730.2000
1733.1000
1733.6000
1732.8000
1736.2000
1697.1000
1658.3000
1648.9000
1647.3000
1658.5000
1652.3000
1639.5000
1613.5000
1596.3000
1597.0000
1597.3000
1596.4000
1617.4000
1620.4000
1613.6000
1606.3000
1599.7000
1598.1000
1598.9000
1606.1000
1601.7000
1600.2000
1602.7000
1603.1000
1629.8000
1655.3000
1662.4000
1667.0000
1663.9000
1674.0000
1686.2000
1705.6000
1720.9000
1724.2000
1729.3000
1738.1000
1721.3000
1717.8000
1717.8000
1717.1000
1717.4000
1709.7000
1706.4000
1697.0000
1695.3000
1693.9000
1690.0000
1686.7000
1664.3000
1634.1000
1615.7000
1603.2000
1597.9000
1585.3000
1566.0000
1540.9000
1521.2000
1510.2000
1501.0000
1491.8000
1497.0000
1491.0000
1481.6000
1476.8000
1471.5000
1471.4000
1468.4000
1467.1000
1459.1000
1449.2000
1438.7000
1425.9000
1433.7000
1444.7000
1443.9000
1443.2000
1438.5000
1444.7000
1451.7000
1456.5000
1462.1000
1472.6000
1477.3000
1486.9000
1476.2000
1479.3000
1486.8000
1493.0000
1494.6000
1497.4000
1508.2000
1490.3000
1476.8000
1481.5000
1492.4000
1490.7000
1456.6000
1414.2000
