6.7890
6.8980
6.9840
7.0763
7.2897
7.2320
7.4000
7.5260
7.6622
7.8921
8.0921
8.1474
8.2765
8.3317
8.4502
8.4307
8.1040
7.4295
6.8586
5.7502
5.0040
4.5306
4.3942
4.6518
4.6451
4.4196
4.3815
4.4343
4.4005
4.2360
4.0293
3.7687
3.5380
3.3326
3.2633
3.3149
3.4875
3.7398
3.9764
4.1636
4.3303
4.4841
4.6290
4.7695
4.8891
5.0056
5.1106
5.1696
5.1391
5.0478
4.9161
4.7764
4.5718
4.2830
3.9334
3.6805
3.5842
3.4940
3.4207
3.3838
3.4537
3.5951
3.7425
3.7968
3.8998
4.1410
4.3966
4.5894
4.8910
5.2237
5.5933
6.0686
7.1826
7.9582
8.0273
7.7911
7.6301
7.5482
7.5211
7.5773
7.7505
7.9523
8.0778
8.1814
8.3096
8.5171
8.7165
8.9806
9.0546
9.1764
8.7170
8.4951
8.9306
9.1269
9.1293
9.0226
8.8759
8.7295
8.5999
8.4545
8.3320
8.2124
8.0582
7.9355
7.7916
7.6140
7.4450
7.2964
7.0548
6.7509
6.4567
6.2312
6.0317
5.8448
5.6874
5.4718
5.2168
4.7205
3.8008
3.2022
2.9266
2.9702
2.8504
2.6164
2.4068
2.2203
2.0110
1.9111
1.9080
2.0170
2.2073
2.3927
2.5698
2.7705
2.9721
3.2011
3.5643
4.0647
4.5538
5.0021
5.3890
5.7247
5.9956
6.1179
6.2241
6.3408
6.6018
6.9612
7.4578
7.8222
7.8440
7.7574
7.6762
7.6129
7.5924
7.6939
7.6679
7.6020
7.4953
7.3608
7.1953
7.1204
7.0839
7.1145
7.1838
7.2084
7.0644
6.8604
6.8136
6.7964
6.7509
6.7282
6.6697
6.6063
6.5466
6.4774
6.3900
6.3084
6.2343
6.1610
6.0876
6.0335
5.9833
5.9195
5.8924
5.8533
5.8410
5.8325
5.8092
5.7561
5.7214
5.6762
5.6078
5.5488
5.4959
5.4488
5.4164
5.3851
5.3374
5.3173
5.3083
5.2738
5.2265
5.2062
5.2138
5.2207
5.2175
5.2349
5.2318
5.2128
5.1929
5.1469
5.0363
4.8733
4.6343
4.8335
4.9757
5.0749
5.1980
5.3889
5.6348
5.8739
6.1098
6.3451
6.5709
6.7676
6.9397
7.0758
7.1626
7.2489
7.3191
7.3400
7.3663
7.3711
7.3429
7.3093
7.2706
7.1979
7.1385
7.0956
7.0562
7.0259
7.0407
7.0929
7.1824
7.2553
7.2626
7.2326
7.1907
7.1120
6.9763
6.8561
6.6448
6.3572
6.0233
5.7734
5.8674
5.9041
6.0938
6.2833
6.6618
7.0181
7.2116
7.2873
7.2724
7.3669
7.4385
7.3521
7.3027
7.2275
7.1846
7.1880
7.1923
7.1874
7.2146
7.3085
7.4344
7.5123
7.5085
7.4393
7.3535
7.2173
7.1204
7.0691
7.0705
7.0104
6.9488
6.9235
6.9091
6.8684
6.7970
6.7001
6.6137
6.5561
6.5508
6.5865
6.6397
6.6911
6.7154
6.7164
6.7357
6.7879
6.8146
6.8402
6.8368
6.7852
6.6594
6.4893
6.2794
6.2376
6.2241
6.2216
6.2853
6.4095
6.5515
6.6514
6.7646
6.8868
6.9565
6.9801
7.0193
7.0863
7.1649
7.3461
7.6163
7.9204
8.2369
8.4847
8.7777
9.0420
9.2344
9.3569
9.5588
9.7172
9.8305
9.8755
9.8527
9.8201
9.8819
9.9839
10.0351
9.9534
9.7150
9.4188
9.1850
9.0746
8.9645
8.9298
8.9771
9.0470
9.1328
9.3036
9.3303
9.4420
9.5226
9.5084
9.4878
9.5282
9.6140
9.5675
9.4151
9.4397
9.3945
9.2368
9.0653
8.8892
8.8516
8.9320
8.7737
8.5212
8.6563
8.8035
8.8095
8.6275
8.6415
8.6618
8.7800
