-14.3648
-14.5379
-14.6870
-14.7921
-14.8516
-14.8785
-14.8991
-14.9260
-14.9627
-15.0069
-15.0531
-15.0821
-15.1446
-15.2278
-15.3123
-15.3954
-15.5878
-15.8626
-15.9239
-15.7711
-15.3993
-14.9475
-14.4163
-13.7603
-13.1566
-12.6131
-11.9791
-11.3806
-10.8848
-10.4016
-10.0075
-9.6267
-9.3194
-9.1104
-8.9859
-8.8500
-8.6735
-8.4831
-8.3098
-8.1736
-8.0774
-8.0195
-7.9957
-7.9917
-8.0053
-8.0280
-8.0570
-8.0840
-8.0945
-8.0934
-8.1066
-8.1453
-8.2082
-8.2828
-8.3480
-8.3819
-8.4121
-8.4407
-8.4209
-8.4112
-8.3996
-8.3292
-8.2681
-8.2921
-8.2443
-8.0367
-7.9757
-8.0223
-8.0412
-8.1468
-8.3664
-8.6887
-9.4357
-9.9314
-9.7437
-9.4876
-9.3752
-9.3686
-9.4139
-9.4444
-9.4733
-9.5052
-9.5463
-9.5591
-9.6580
-9.8652
-10.1206
-10.9050
-11.9609
-11.9097
-12.1815
-12.2997
-12.1140
-11.9465
-11.8566
-11.8163
-11.8078
-11.8428
-11.8816
-11.9252
-11.9636
-11.9631
-11.9364
-11.9280
-11.9467
-11.9897
-12.0781
-12.2083
-12.3197
-12.4001
-12.4346
-12.4172
-12.3727
-12.3502
-12.3419
-12.2970
-12.2744
-12.4943
-12.6570
-12.3289
-11.8268
-11.2077
-10.7170
-10.1976
-9.6920
-9.2987
-8.8688
-8.5711
-8.3077
-8.0351
-7.8687
-7.8211
-7.8150
-7.7748
-7.6754
-7.5646
-7.5474
-7.7117
-8.0349
-8.3169
-8.4161
-8.4194
-8.3891
-8.4025
-8.4618
-8.4962
-8.4402
-8.3380
-7.9927
-7.6892
-7.6789
-7.6625
-7.6786
-7.7104
-7.7799
-7.8280
-8.0374
-8.2423
-8.4227
-8.6695
-8.8993
-9.1390
-9.3641
-9.6230
-9.8788
-10.1019
-10.3947
-10.6291
-10.8146
-10.9814
-11.1087
-11.1973
-11.2718
-11.3348
-11.3861
-11.4319
-11.4755
-11.5236
-11.5706
-11.6115
-11.6456
-11.6729
-11.6921
-11.7059
-11.7163
-11.7234
-11.7261
-11.7235
-11.7176
-11.7139
-11.7173
-11.7306
-11.7466
-11.7575
-11.7608
-11.7566
-11.7421
-11.7165
-11.6870
-11.6604
-11.6372
-11.6147
-11.5927
-11.5680
-11.5373
-11.4920
-11.4366
-11.3831
-11.3387
-11.3053
-11.2915
-11.2936
-11.2966
-11.2840
-11.2315
-11.0777
-10.9586
-10.8635
-10.7668
-10.6719
-10.5829
-10.4911
-10.3742
-10.2467
-10.1328
-10.0309
-9.9551
-9.8914
-9.8389
-9.8041
-9.7795
-9.7555
-9.7479
-9.7567
-9.7804
-9.8101
-9.8412
-9.8721
-9.9046
-9.9434
-10.0008
-10.0533
-10.1139
-10.1854
-10.2558
-10.3170
-10.3793
-10.4413
-10.5041
-10.5765
-10.6531
-10.7303
-10.8090
-10.8949
-10.9927
-11.0849
-11.1312
-11.1936
-11.2771
-11.3232
-11.3530
-11.3591
-11.3979
-11.4459
-11.4886
-11.5224
-11.5394
-11.5538
-11.5496
-11.5513
-11.5582
-11.5669
-11.5717
-11.5795
-11.5893
-11.5988
-11.6043
-11.6086
-11.6145
-11.6209
-11.6223
-11.6170
-11.6071
-11.5941
-11.5817
-11.5682
-11.5571
-11.5486
-11.5413
-11.5354
-11.5313
-11.5273
-11.5238
-11.5179
-11.5123
-11.5079
-11.5046
-11.5017
-11.4986
-11.4947
-11.4920
-11.4880
-11.4775
-11.4610
-11.4448
-11.4334
-11.4219
-11.3950
-11.3594
-11.3091
-11.2677
-11.2275
-11.1854
-11.1358
-11.0853
-11.0278
-10.9555
-10.8791
-10.8045
-10.7260
-10.6483
-10.5660
-10.4829
-10.3970
-10.3172
-10.2360
-10.1646
-10.1162
-10.0643
-9.9995
-9.9468
-9.9149
-9.8763
-9.8363
-9.7947
-9.7613
-9.7521
-9.7548
-9.7658
-9.7838
-9.7926
-9.8000
-9.8254
-9.8893
-9.9543
-9.9829
-10.0102
-10.0525
-10.0943
-10.1199
-10.1483
-10.1934
-10.3223
-10.3039
-10.3975
-10.4570
-10.5015
-10.5150
-10.5467
-10.5506
-10.5421
-10.5337
-10.5306
-10.5367
-10.5393
-10.5341
-10.5272
-10.4937
-10.4996
-10.5438
-10.5653
-10.5700
-10.5617
-10.5404
-10.5088
-10.4970
-10.4770
