5.9792
6.1876
6.3400
6.4493
6.7066
6.6449
6.8072
6.9439
7.0670
7.2905
7.4483
7.4604
7.5038
7.4929
7.5589
7.4189
7.0673
6.3874
5.8307
4.8950
4.2349
3.8257
3.6693
3.7176
3.5729
3.3167
3.1689
3.0120
2.8061
2.5035
2.1455
1.7099
1.2335
0.7075
0.2187
-0.1536
-0.4612
-0.6862
-0.8238
-0.9796
-1.2115
-1.4859
-1.8010
-2.0902
-2.3424
-2.5659
-2.7412
-2.8480
-2.8910
-2.9035
-2.9692
-3.0905
-3.2247
-3.3054
-3.2722
-3.2924
-3.4067
-3.4506
-3.4194
-3.3666
-3.3609
-3.3770
-3.3767
-3.3185
-3.3763
-3.5846
-3.7532
-3.7659
-3.7543
-3.5442
-3.1095
-2.6066
-1.7730
-1.0299
-1.1821
-1.0898
-1.0966
-1.1204
-1.1759
-1.2585
-1.3914
-1.4976
-1.5142
-1.4981
-1.4130
-1.1828
-0.8016
0.2758
1.6847
2.1429
2.4809
2.6234
2.8974
3.0566
3.1232
3.2764
3.4883
3.6560
3.8036
3.9085
4.0034
4.1083
4.1986
4.2999
4.3409
4.3670
4.4108
4.4910
4.5113
4.5147
4.5258
4.5486
4.5536
4.5313
4.5237
4.4460
4.3115
3.9567
3.2045
2.6769
2.3987
2.3279
2.1259
1.7791
1.4145
1.0616
0.5815
0.0903
-0.3888
-0.9182
-1.4196
-1.8005
-2.1250
-2.4518
-2.7630
-3.0715
-3.4690
-3.9767
-4.4736
-4.9289
-5.3063
-5.6320
-5.9120
-6.0546
-6.1737
-6.2975
-6.5423
-6.8461
-7.2137
-7.4086
-7.3682
-7.2290
-7.1031
-6.9930
-6.9320
-6.9903
-6.9468
-6.8353
-6.6604
-6.4698
-6.2489
-6.1036
-5.9882
-5.9488
-5.9366
-5.8624
-5.7025
-5.4979
-5.4369
-5.4374
-5.4438
-5.4383
-5.4156
-5.3826
-5.3432
-5.2990
-5.2423
-5.1976
-5.1560
-5.1024
-5.0239
-4.9401
-4.8885
-4.8263
-4.7875
-4.7367
-4.6911
-4.6553
-4.6238
-4.5706
-4.5498
-4.5461
-4.5462
-4.5628
-4.5902
-4.6317
-4.6721
-4.7055
-4.6976
-4.7010
-4.7151
-4.7071
-4.6774
-4.6790
-4.7206
-4.7645
-4.8029
-4.8619
-4.8912
-4.9041
-4.9119
-4.8827
-4.7799
-4.6280
-4.4070
-4.5792
-4.7059
-4.8078
-4.9433
-5.1517
-5.4116
-5.6600
-5.9134
-6.1773
-6.4307
-6.6517
-6.8451
-6.9978
-7.0988
-7.1997
-7.2815
-7.3127
-7.3470
-7.3593
-7.3352
-7.3040
-7.2665
-7.1947
-7.1357
-7.0930
-7.0541
-7.0238
-7.0387
-7.0915
-7.1815
-7.2545
-7.2622
-7.2325
-7.1906
-7.1106
-6.9732
-6.8528
-6.6415
-6.3521
-6.0158
-5.7661
-5.8604
-5.8973
-6.0881
-6.2816
-6.6611
-7.0046
-7.1784
-7.2382
-7.2165
-7.3052
-7.3540
-7.2571
-7.1982
-7.1217
-7.0785
-7.0764
-7.0728
-7.0580
-7.0791
-7.1601
-7.2669
-7.3150
-7.2781
-7.1741
-7.0693
-6.9348
-6.8403
-6.7721
-6.7377
-6.6374
-6.5481
-6.5061
-6.4748
-6.4221
-6.3522
-6.2635
-6.1875
-6.1524
-6.1692
-6.2353
-6.3357
-6.4318
-6.4938
-6.5325
-6.5906
-6.6741
-6.7190
-6.7563
-6.7536
-6.7046
-6.5783
-6.4005
-6.1823
-6.1288
-6.1139
-6.1147
-6.1936
-6.3255
-6.4693
-6.5753
-6.6826
-6.7938
-6.8549
-6.8735
-6.9145
-6.9928
-7.0957
-7.2938
-7.5749
-7.8827
-8.2005
-8.4536
-8.7482
-9.0070
-9.1927
-9.3133
-9.4984
-9.6341
-9.7313
-9.7732
-9.7606
-9.7384
-9.8043
-9.9064
-9.9465
-9.8517
-9.6128
-9.3204
-9.0847
-8.9625
-8.8490
-8.8117
-8.8458
-8.8965
-8.9692
-9.1295
-9.1685
-9.2489
-9.3329
-9.2981
-9.2570
-9.2698
-9.3240
-9.2310
-9.0475
-9.0793
-9.0243
-8.8486
-8.6522
-8.4794
-8.4613
-8.5940
-8.4628
-8.2182
-8.4347
-8.6330
-8.6418
-8.4139
-8.4293
-8.4717
-8.6086
