-3.2156
-3.0490
-2.9293
-2.9121
-2.8569
-2.8542
-2.9022
-2.9023
-2.9607
-3.0221
-3.1629
-3.2745
-3.4919
-3.6434
-3.7775
-4.0046
-3.9658
-3.7946
-3.6116
-3.0172
-2.6658
-2.4270
-2.4177
-2.7962
-2.9683
-2.9209
-3.0259
-3.2543
-3.3897
-3.4170
-3.4105
-3.3584
-3.3160
-3.2566
-3.2559
-3.3113
-3.4568
-3.6764
-3.8901
-4.0467
-4.1574
-4.2308
-4.2642
-4.2871
-4.2914
-4.2979
-4.3133
-4.3144
-4.2488
-4.1292
-3.9182
-3.6418
-3.2407
-2.7236
-2.1828
-1.6451
-1.1138
-0.5490
-0.0965
0.3411
0.7955
1.2330
1.6136
1.8448
1.9518
2.0732
2.2900
2.6231
3.1348
3.8375
4.6493
5.4803
6.9603
7.8913
7.9398
7.7145
7.5509
7.4646
7.4286
7.4720
7.6246
7.8101
7.9347
8.0430
8.1886
8.4346
8.6795
8.9763
8.8965
8.9226
8.3565
8.0799
8.4475
8.5999
8.5784
8.4067
8.1617
7.9270
7.7131
7.4968
7.3072
7.1109
6.8780
6.6695
6.4703
6.2372
5.9978
5.7505
5.4238
5.0192
4.6051
4.2589
3.9556
3.6918
3.4472
3.1897
2.9369
2.5743
2.0438
1.7574
1.6766
1.8446
1.8988
1.9185
1.9472
1.9500
1.9251
1.9090
1.8680
1.7959
1.6903
1.5758
1.4451
1.2901
1.0953
0.9017
0.8189
0.8413
0.8511
0.8524
0.9404
1.0258
0.9976
0.8774
0.7906
0.7402
0.8846
1.2610
1.8925
2.5099
2.6904
2.8141
2.9102
3.0089
3.0970
3.2144
3.2464
3.3271
3.4378
3.5103
3.5670
3.6670
3.7846
3.9022
4.0452
4.1944
4.1699
4.1033
4.1067
4.0774
3.9925
3.9616
3.8931
3.8302
3.7826
3.7252
3.6538
3.5751
3.5046
3.4531
3.4378
3.4639
3.4500
3.4273
3.4352
3.4387
3.4799
3.5136
3.5167
3.4989
3.4690
3.3989
3.2833
3.1575
3.0224
2.8700
2.7402
2.6187
2.5338
2.4847
2.4384
2.3782
2.3320
2.2829
2.2134
2.1344
2.0384
1.9406
1.8568
1.7671
1.6850
1.6279
1.5865
1.5267
1.4335
1.5473
1.6163
1.6247
1.6071
1.5811
1.5703
1.5707
1.5367
1.4499
1.3502
1.2472
1.1418
1.0479
0.9537
0.8432
0.7407
0.6333
0.5325
0.4184
0.3359
0.2793
0.2454
0.2169
0.2007
0.1899
0.1720
0.1693
0.1691
0.1397
0.1137
0.1102
0.0803
0.0304
-0.0391
-0.1405
-0.2065
-0.2116
-0.2091
-0.2545
-0.3000
-0.2895
-0.2852
-0.2847
-0.2630
-0.1467
0.0945
0.4347
0.6912
0.8446
0.9000
0.9519
1.1183
1.1784
1.2309
1.2322
1.2303
1.2617
1.3059
1.3581
1.3917
1.4653
1.5691
1.7102
1.8458
1.9685
2.0246
1.9995
1.9775
2.0276
2.1436
2.2562
2.3254
2.3675
2.4108
2.4355
2.4186
2.3789
2.3356
2.2650
2.2033
2.1219
1.9860
1.8445
1.7111
1.5606
1.3902
1.2377
1.1375
1.0681
1.0632
1.0427
1.0361
1.0701
1.0999
1.1603
1.1659
1.1485
1.0699
1.0344
1.0351
1.0030
1.0499
1.1280
1.1846
1.2150
1.2082
1.1475
0.9934
0.8753
0.7928
0.7715
0.7739
0.7261
0.7201
0.7949
0.8768
0.9017
1.0728
1.2686
1.3932
1.4179
1.3442
1.2645
1.2357
1.2415
1.3307
1.4191
1.4055
1.3579
1.3539
1.4222
1.4343
1.4474
1.5296
1.6431
1.7206
1.7914
1.7301
1.8998
1.8911
1.9884
2.0801
2.2038
2.3434
2.5150
2.6054
2.5833
2.6113
2.6496
2.7056
2.6679
2.5994
2.4336
2.3150
2.2522
1.9459
1.7240
1.7108
1.9079
1.9029
1.8045
1.7263
