3.1870
3.2870
3.3530
3.4110
3.4660
3.6350
3.5700
3.4400
3.2660
3.2080
3.1510
3.1290
3.0900
3.0450
3.0140
2.8960
2.7230
2.6120
2.3940
2.0960
2.0460
1.9250
1.8190
1.7440
1.7900
1.9040
2.0240
2.0410
1.9240
1.7560
1.7080
1.8170
2.1060
2.4850
2.7270
2.9070
2.9580
2.9870
3.1050
3.3090
3.5130
3.5470
3.5240
3.5130
3.5900
3.6500
3.6930
3.7100
3.7250
3.7390
3.7500
3.7290
3.7200
3.7550
3.8460
3.9150
4.0050
4.1090
4.1300
4.1470
4.2640
4.2810
4.2380
4.3250
4.3980
4.4550
4.5640
4.6550
4.6550
4.6620
4.6150
4.5590
4.5800
4.5880
4.5880
4.6430
4.7240
4.8010
4.8940
4.9500
4.9620
4.9930
5.0750
5.2340
5.4300
5.6320
5.7990
5.8850
5.8960
5.8850
5.8610
5.8440
5.8800
5.9430
6.0200
6.1000
6.1880
6.2900
6.3260
6.2860
6.1790
6.0520
5.9330
5.8520
5.7720
5.7040
5.6620
5.6210
5.5770
5.5460
5.5160
5.5080
5.4520
5.2850
4.8780
4.5090
3.8650
3.4050
3.1980
3.3980
3.4240
3.3650
3.4460
3.4790
3.4970
3.5100
3.4780
3.4050
3.3160
3.2220
3.1260
3.0420
3.0430
3.1060
3.2670
3.3500
3.4260
3.5620
3.8350
4.1330
4.5240
4.8510
5.5110
5.8280
6.1400
6.4560
6.7700
6.9370
7.2560
7.2750
7.1550
7.2420
7.2800
7.3600
7.2390
6.9250
6.8910
6.8940
6.8170
6.6660
6.5790
6.2550
6.0790
5.9040
5.7800
5.6090
5.4270
5.3820
5.4340
5.5620
5.6210
5.6450
5.7190
5.7770
5.8650
5.6810
5.4740
5.3410
5.2770
5.4470
5.5940
5.7450
5.7520
5.5530
5.3630
5.3160
5.2220
5.3350
5.3870
5.5070
5.5770
5.5530
5.5870
5.5920
5.3640
5.2860
5.3930
5.4920
5.4640
5.3670
5.1990
4.9940
4.9620
5.0270
5.2300
5.4620
5.7220
5.6080
5.3020
5.0460
4.5230
4.2150
4.1660
3.9950
3.9010
3.4850
3.1210
3.0270
3.3480
3.8590
4.3660
4.7860
5.0870
5.1000
5.0380
5.1300
5.2870
5.4600
5.6640
5.8440
5.9200
5.9300
6.1250
6.1910
6.1330
6.1760
6.1440
6.2050
6.3450
6.4540
6.4580
6.4770
6.5950
6.5460
6.4180
6.3480
6.2990
6.2620
6.0730
5.8840
5.6370
5.5480
5.4580
5.3730
5.4600
5.6010
5.5610
5.5540
5.7570
5.9520
6.0150
6.1180
6.3170
6.3430
6.3390
6.2640
6.3900
6.5580
6.8030
6.9090
6.7880
6.6060
6.5010
6.4810
6.4420
6.3060
6.1700
6.0510
5.9050
5.7780
5.8040
5.7320
5.5250
5.3070
5.2360
5.1120
5.0430
4.9850
4.9580
4.8980
4.8960
4.8860
5.0050
5.2830
5.2690
5.2790
5.2130
5.1740
4.9370
4.8920
5.3060
5.6950
5.9880
6.1730
6.5370
6.6310
6.6110
6.5040
6.7140
7.1720
6.8450
6.8710
6.9800
7.0720
7.1330
6.8490
6.5820
6.4370
6.5640
6.7790
6.7290
6.6180
6.6320
6.6600
6.5930
6.3890
5.8570
5.5940
5.4000
5.2340
5.0750
4.9800
4.9190
4.8050
4.7430
4.6860
4.5620
4.3660
4.3100
4.3060
4.2640
4.2060
4.2090
4.1840
4.1610
4.1780
4.1980
4.1810
4.2780
4.2210
4.1100
4.1140
3.9530
3.7850
3.7540
3.8700
3.9940
4.1120
4.2470
4.2670
4.3090
4.3430
4.3030
4.2440
4.1640
4.0500
4.0260
3.9750
3.8550
3.7390
3.6290
3.5640
3.5020
3.4960
3.4970
3.4910
3.4390
