940.8300
908.9900
919.4600
921.2100
963.6300
929.7800
974.4300
970.8700
969.9400
952.7100
955.7100
971.6500
993.9800
984.2800
986.7900
996.6700
1004.2000
1010.5000
1017.4000
1014.8000
1025.5000
1023.1000
1021.1000
1021.8000
1020.4000
1021.1000
1020.5000
1021.4000
1028.8000
1033.7000
1032.6000
1032.4000
1033.8000
1035.3000
1037.5000
1039.5000
1040.7000
1041.2000
1040.3000
1013.7000
994.5000
986.2500
982.9000
983.6500
973.0500
961.2400
942.9800
927.6600
921.3400
911.4700
902.9100
904.5400
897.4900
884.5900
875.6700
865.1200
857.5000
849.2400
845.7500
838.4400
836.5400
835.1600
834.8100
842.8400
852.3500
856.2800
866.5500
873.0800
881.3500
888.4500
896.1000
903.8200
910.6300
919.0100
925.9000
941.7200
959.0400
971.7800
982.1100
990.4100
1000.8000
1014.8000
1029.7000
1043.9000
1052.6000
1059.6000
1065.5000
1034.6000
1008.6000
998.9000
992.5000
995.1900
987.9800
971.8300
948.1500
933.3900
930.7800
927.9800
925.2900
934.9900
932.3400
928.3200
925.2000
924.3900
928.7000
931.2300
937.5900
936.8300
935.3000
939.0600
940.1900
966.8800
989.0000
997.7400
1001.0000
997.4000
1002.5000
1011.6000
1025.0000
1031.8000
1029.9000
1028.7000
1026.8000
1024.3000
1028.6000
1028.9000
1028.2000
1026.8000
1022.2000
1021.7000
1023.1000
1023.9000
1022.4000
1019.8000
1018.1000
992.2500
972.4700
964.2700
950.8400
949.5800
935.6900
920.3800
896.1500
878.0600
877.9000
855.6000
848.0200
835.2200
806.8400
795.6800
790.9000
782.2200
772.5000
757.1800
747.6800
747.1400
745.9600
745.1300
746.9200
772.5300
799.5000
813.4200
829.6000
840.0900
860.1100
882.1800
906.3600
929.0700
940.9400
952.6300
961.3300
963.4600
972.6200
981.7300
985.5400
996.9800
1011.0000
1020.0000
1020.1000
1017.5000
1020.7000
1021.5000
1026.9000
990.1300
958.3200
945.8500
943.3000
950.0200
939.2300
918.2900
891.7500
881.7900
880.7400
877.2400
882.5600
912.0300
912.6300
907.2000
898.7800
890.0300
888.9000
893.5100
899.3300
893.7700
885.4000
870.3200
858.0000
881.1000
910.9700
924.2500
932.6700
930.9800
938.1900
956.8300
978.4300
1003.0000
1011.1000
1019.4000
1020.0000
1008.9000
1008.3000
1008.7000
1006.8000
1018.1000
1028.9000
1033.6000
1032.0000
1039.1000
1029.1000
1022.2000
1023.8000
1005.9000
974.6200
966.3300
966.1000
967.5000
965.9900
950.8000
928.8500
908.0400
902.4400
893.8400
882.8800
880.1500
875.5300
875.6700
870.6300
869.7300
874.5600
874.9400
887.3100
898.3700
908.4900
919.6900
912.8400
930.7100
965.3200
985.0500
993.0600
994.9200
991.7100
1008.4000
1030.4000
1041.0000
1058.5000
1075.7000
1089.2000
1083.1000
1077.2000
1084.1000
1105.0000
1119.8000
1130.2000
1131.8000
1127.4000
1131.0000
1142.6000
1145.9000
1154.9000
1124.2000
1085.7000
1074.5000
1072.6000
1086.0000
1081.8000
1068.0000
1048.0000
1028.6000
1026.0000
1028.6000
1027.3000
1043.4000
1047.0000
1034.8000
1035.5000
1037.4000
1049.4000
1058.5000
1080.9000
1098.9000
1093.0000
1084.2000
1075.6000
1102.1000
1120.9000
1139.9000
1161.2000
1173.0000
1161.2000
1157.0000
1192.1000
1204.1000
1195.8000
1190.8000
1197.4000
1199.2000
1209.4000
1219.8000
1212.2000
1200.4000
1195.6000
1192.6000
1180.7000
1175.8000
1172.0000
1169.3000
1188.1000
1172.8000
1150.0000
1137.9000
1130.6000
1125.9000
1112.4000
1090.8000
1064.6000
1037.9000
1027.7000
1024.2000
1016.6000
1016.1000
1007.3000
1001.4000
993.8900
996.2900
1004.4000
1007.7000
1009.4000
1010.5000
999.7900
1003.2000
1010.9000
1027.3000
1047.9000
1062.7000
1066.5000
1064.5000
1066.8000
1078.0000
1085.6000
1098.6000
1101.2000
1104.2000
1114.5000
1102.9000
1096.0000
1104.6000
1099.6000
1103.8000
1109.0000
1113.9000
1111.7000
1112.7000
1117.9000
1118.7000
1127.1000
1103.7000
1077.6000
