4.2567
4.4158
4.5210
4.6127
4.6989
4.9684
4.8644
4.6581
4.3819
4.2908
4.2004
4.1645
4.1037
4.0315
3.9824
3.7948
3.5209
3.3450
2.9985
2.5254
2.4468
2.2550
2.0859
1.9666
2.0407
2.2207
2.4112
2.4390
2.2524
1.9858
1.9095
2.0828
2.5422
3.1437
3.5269
3.8121
3.8933
3.9397
4.1262
4.4511
4.7746
4.8277
4.7912
4.7748
4.8965
4.9915
5.0601
5.0869
5.1101
5.1326
5.1498
5.1176
5.1024
5.1576
5.3029
5.4118
5.5543
5.7198
5.7525
5.7800
5.9656
5.9929
5.9246
6.0630
6.1778
6.2693
6.4422
6.5870
6.5870
6.5981
6.5223
6.4335
6.4668
6.4797
6.4793
6.5668
6.6959
6.8185
6.9659
7.0548
7.0729
7.1221
7.2525
7.5056
7.8154
8.1370
8.4016
8.5373
8.5560
8.5386
8.5004
8.4738
8.5305
8.6308
8.7529
8.8785
9.0187
9.1804
9.2377
9.1742
9.0042
8.8032
8.6145
8.4865
8.3595
8.2515
8.1838
8.1195
8.0493
8.0008
7.9528
7.9394
7.8510
7.5857
6.9402
6.3554
5.3324
4.6030
4.2737
4.5913
4.6322
4.5392
4.6686
4.7206
4.7485
4.7689
4.7179
4.6035
4.4612
4.3131
4.1607
4.0274
4.0287
4.1277
4.3843
4.5151
4.6368
4.8522
5.2851
5.7585
6.3792
6.8974
7.9447
8.4472
8.9422
9.4441
9.9417
10.2069
10.7139
10.7436
10.5541
10.6915
10.7514
10.8788
10.6864
10.1877
10.1346
10.1384
10.0165
9.7775
9.6390
9.1247
8.8459
8.5682
8.3709
8.1007
7.8115
7.7395
7.8224
8.0253
8.1188
8.1568
8.2746
8.3674
8.5056
8.2140
7.8865
7.6754
7.5731
7.8431
8.0760
8.3166
8.3266
8.0111
7.7096
7.6350
7.4856
7.6660
7.7485
7.9377
8.0488
8.0115
8.0656
8.0733
7.7119
7.5873
7.7581
7.9137
7.8698
7.7166
7.4492
7.1244
7.0728
7.1771
7.4993
7.8666
8.2796
8.0985
7.6134
7.2075
6.3761
5.8883
5.8099
5.5389
5.3896
4.7295
4.1525
4.0024
4.5126
5.3228
6.1277
6.7938
7.2715
7.2920
7.1936
7.3405
7.5896
7.8643
8.1872
8.4737
8.5933
8.6097
8.9185
9.0236
8.9315
9.0003
8.9490
9.0463
9.2682
9.4411
9.4475
9.4774
9.6647
9.5867
9.3835
9.2733
9.1948
9.1367
8.8365
8.5360
8.1451
8.0034
7.8599
7.7263
7.8644
8.0872
8.0242
8.0128
8.3352
8.6438
8.7447
8.9077
9.2240
9.2641
9.2584
9.1401
9.3400
9.6057
9.9951
10.1635
9.9715
9.6818
9.5157
9.4832
9.4212
9.2065
8.9905
8.8019
8.5701
8.3688
8.4097
8.2960
7.9667
7.6211
7.5078
7.3114
7.2021
7.1107
7.0673
6.9723
6.9680
6.9523
7.1423
7.5828
7.5608
7.5762
7.4718
7.4093
7.0334
6.9618
7.6195
8.2369
8.7014
8.9954
9.5728
9.7220
9.6905
9.5203
9.8528
10.5805
10.0612
10.1028
10.2754
10.4216
10.5180
10.0682
9.6442
9.4135
9.6159
9.9559
9.8768
9.7018
9.7240
9.7682
9.6616
9.3385
8.4935
8.0763
7.7692
7.5046
7.2524
7.1013
7.0053
6.8239
6.7256
6.6363
6.4386
6.1270
6.0395
6.0320
5.9659
5.8738
5.8783
5.8391
5.8024
5.8293
5.8611
5.8345
5.9878
5.8978
5.7208
5.7280
5.4717
5.2052
5.1572
5.3406
5.5370
5.7248
5.9387
5.9706
6.0370
6.0920
6.0285
5.9341
5.8070
5.6266
5.5877
5.5074
5.3169
5.1326
4.9582
4.8550
4.7566
4.7466
4.7490
4.7387
4.6561
