-8.4147
-8.5001
-8.5803
-8.6533
-8.7195
-8.7939
-8.8900
-8.9783
-9.0630
-9.1459
-9.2133
-9.2742
-9.3183
-9.3544
-9.4001
-9.4433
-9.4979
-9.5406
-9.6066
-9.5666
-9.3356
-9.0535
-8.7898
-8.5252
-8.2757
-8.0227
-7.7705
-7.5241
-7.3316
-7.2647
-7.3028
-7.3060
-7.3414
-7.4375
-7.4666
-7.4812
-7.5021
-7.4930
-7.4968
-7.5061
-7.5255
-7.4589
-7.3551
-7.2768
-7.2417
-7.2135
-7.1676
-7.1162
-7.1081
-7.1468
-7.1636
-7.1476
-7.1486
-7.2094
-7.3243
-7.3972
-7.4102
-7.4123
-7.4441
-7.5983
-7.8043
-7.8378
-7.8569
-7.9704
-7.9804
-8.0540
-8.0955
-8.0920
-8.0947
-8.1490
-8.2190
-8.3070
-8.4119
-8.5049
-8.5984
-8.6543
-8.6877
-8.7096
-8.7457
-8.7897
-8.8395
-8.9152
-9.0292
-9.1326
-9.1763
-9.1309
-9.0168
-8.8854
-8.8349
-8.8611
-8.8849
-8.8658
-8.8622
-8.8975
-8.9242
-8.9671
-9.0301
-9.0614
-9.1045
-9.1850
-9.2574
-9.3242
-9.3382
-9.3341
-9.3078
-9.2614
-9.2270
-9.1671
-9.0845
-9.0188
-8.9764
-8.9380
-8.9220
-9.0275
-9.3213
-9.3272
-9.1501
-8.7806
-8.3176
-7.7652
-7.3036
-6.8244
-6.3027
-5.8940
-5.4853
-5.0819
-4.7442
-4.4573
-4.1975
-3.9955
-3.9344
-4.0659
-4.2484
-4.4663
-4.6393
-4.6655
-4.6456
-4.5641
-4.4737
-4.5414
-4.5722
-4.6107
-4.8082
-4.9027
-5.0595
-5.0872
-5.2195
-5.2220
-5.1009
-5.1558
-5.2364
-5.2578
-5.2533
-5.3233
-5.4175
-5.5031
-5.5831
-5.7140
-5.8473
-5.9431
-5.9618
-6.0550
-6.1372
-6.2706
-6.4523
-6.6727
-6.8740
-7.1091
-7.2937
-7.4157
-7.5567
-7.6620
-7.7499
-7.8052
-7.8533
-7.9421
-8.0175
-8.0791
-8.1073
-8.0914
-8.0915
-8.1078
-8.1662
-8.2337
-8.2595
-8.2314
-8.2430
-8.2264
-8.1954
-8.0987
-8.0546
-8.0606
-7.9490
-7.8314
-7.8509
-7.8492
-7.8385
-7.9167
-8.0186
-7.9496
-7.8335
-7.8482
-7.8373
-7.8315
-7.8147
-7.7767
-7.7434
-7.8128
-7.7903
-7.7978
-7.8581
-7.8887
-7.8291
-7.7577
-7.7014
-7.6748
-7.6552
-7.6120
-7.6033
-7.6440
-7.6810
-7.6989
-7.6843
-7.7608
-7.7817
-7.7940
-7.8470
-7.9211
-7.9734
-8.0077
-8.0420
-8.0777
-8.0742
-8.1331
-8.1489
-8.1575
-8.1914
-8.1844
-8.2025
-8.2069
-8.1923
-8.1883
-8.1807
-8.1649
-8.1456
-8.1212
-8.0984
-8.0783
-8.0620
-8.0376
-8.0102
-8.0036
-8.0066
-8.0304
-8.0748
-8.1785
-8.3208
-8.4822
-8.6049
-8.6993
-8.7512
-8.7957
-8.8219
-8.8634
-8.8965
-8.9230
-9.0073
-9.1614
-9.3535
-9.4791
-9.5981
-9.7366
-9.8885
-9.9880
-10.0894
-10.1606
-10.2034
-10.2192
-10.2514
-10.2920
-10.3066
-10.3093
-10.3096
-10.3194
-10.3318
-10.3345
-10.3319
-10.3236
-10.3031
-10.2831
-10.2692
-10.2448
-10.2216
-10.1948
-10.1596
-10.1212
-10.0921
-10.0719
-10.0484
-10.0112
-9.9703
-9.9163
-9.8248
-9.7227
-9.6784
-9.6559
-9.7010
-9.7415
-9.7568
-9.7491
-9.7323
-9.7005
-9.6544
-9.6257
-9.6147
-9.5954
-9.5702
-9.5539
-9.5331
-9.5098
-9.4771
-9.4391
-9.3938
-9.3365
-9.2837
-9.2331
-9.1847
-9.1406
-9.1065
-9.0756
-9.0379
-9.0019
-8.9687
-8.9348
-8.9123
-8.8892
-8.8684
-8.8516
-8.8507
-8.8699
-8.8844
-8.8951
-8.9156
-8.9378
-8.9664
-8.9827
-9.0133
-9.0564
-9.1063
-9.1533
-9.1869
-9.2182
-9.2482
-9.2667
-9.2832
-9.2934
-9.2947
-9.2928
-9.2884
-9.2826
-9.2793
-9.2802
-9.2856
-9.2950
-9.3081
-9.3214
-9.3252
-9.3234
-9.3150
-9.3039
-9.2944
-9.2864
-9.2803
-9.2783
-9.2813
-9.2924
-9.3103
