1.2257
1.3066
1.3978
1.2811
1.2656
1.2136
1.1753
0.9707
0.7451
0.6996
0.7315
0.9098
1.0037
0.9376
1.0179
1.0956
1.0314
1.0042
1.1621
1.2178
1.3707
1.4714
1.4466
1.5082
1.6622
1.7942
1.8971
1.7649
1.3085
0.6013
-0.1734
-0.8612
-1.6153
-2.3064
-2.7005
-2.9374
-3.0506
-3.1515
-3.3395
-3.6312
-3.8337
-3.7935
-3.7573
-3.7918
-3.9204
-4.0047
-4.0549
-4.0938
-4.1738
-4.2869
-4.3827
-4.4297
-4.5052
-4.6776
-4.9507
-5.1685
-5.4194
-5.6778
-5.7454
-5.7776
-5.9091
-5.8792
-5.7369
-5.6868
-5.6879
-5.6416
-5.6804
-5.7463
-5.6946
-5.5854
-5.3723
-5.2340
-5.2014
-5.1373
-5.0317
-4.9551
-4.9536
-4.9492
-4.9269
-4.8236
-4.6786
-4.5566
-4.4404
-4.3238
-4.2061
-4.1190
-4.0356
-3.9131
-3.7427
-3.5000
-3.2620
-3.1056
-2.9552
-2.7490
-2.5276
-2.3259
-2.1646
-2.0058
-1.8099
-1.5363
-1.2941
-1.0410
-0.8733
-0.7343
-0.6049
-0.5779
-0.5504
-0.5677
-0.6524
-0.7039
-0.7061
-0.6821
-0.6776
-0.7211
-0.7357
-0.7346
-0.6482
-0.6238
-0.6128
-0.5512
-0.5549
-0.6606
-0.7627
-0.8919
-1.0397
-1.1953
-1.3477
-1.5227
-1.6988
-1.9342
-2.3377
-2.8801
-3.3315
-3.7388
-4.2026
-4.4177
-4.6114
-4.8288
-5.2485
-5.6973
-6.2508
-6.7057
-7.6661
-8.2417
-8.6569
-9.1354
-9.5340
-9.7152
-10.1752
-10.1325
-10.0014
-10.0776
-10.0200
-10.0869
-9.8214
-9.2516
-9.1038
-9.0263
-8.8076
-8.4613
-8.0395
-7.3952
-6.9164
-6.4477
-6.0696
-5.4641
-4.8886
-4.5234
-4.4585
-4.4935
-4.4365
-4.3905
-4.4262
-4.5157
-4.6015
-4.2032
-3.7344
-3.4655
-3.4893
-3.8571
-4.0700
-4.2657
-4.1812
-3.7777
-3.5162
-3.5377
-3.4493
-3.6199
-3.7985
-4.0663
-4.1588
-4.0520
-4.3438
-4.5306
-4.2955
-4.0467
-4.1697
-4.5207
-4.6255
-4.4619
-4.4135
-4.4426
-4.6116
-4.6923
-5.1328
-5.7032
-6.3479
-6.3121
-5.9829
-5.6413
-5.0254
-4.6992
-4.7446
-4.4946
-4.5761
-4.1099
-3.8001
-3.7974
-4.4190
-5.2701
-6.0469
-6.7082
-7.2050
-7.1666
-7.0313
-7.1969
-7.4799
-7.7613
-8.1007
-8.4156
-8.5511
-8.5690
-8.8870
-9.0091
-8.9256
-8.9963
-8.9441
-9.0395
-9.2583
-9.4312
-9.4344
-9.4555
-9.6261
-9.5448
-9.3467
-9.2386
-9.1710
-9.1179
-8.8134
-8.5145
-8.1317
-7.9881
-7.8299
-7.6682
-7.7972
-7.9873
-7.8804
-7.7799
-7.9285
-8.0418
-8.1543
-8.2549
-8.5280
-8.4988
-8.3128
-8.1123
-8.1614
-8.2438
-8.4626
-8.5967
-8.2798
-8.0439
-7.9638
-8.0148
-7.9364
-7.8134
-7.7245
-7.7664
-7.6948
-7.6491
-7.7763
-7.7396
-7.5090
-7.2703
-7.2522
-7.1532
-7.1087
-7.0696
-7.0599
-6.9709
-6.9570
-6.9388
-7.1228
-7.5504
-7.5257
-7.5112
-7.3412
-7.1829
-6.7930
-6.5963
-7.1334
-7.7100
-8.2069
-8.5246
-8.9459
-8.9558
-8.9452
-8.7163
-9.3798
-10.2753
-9.6872
-9.7511
-9.9861
-10.1383
-10.2608
-9.9137
-9.5639
-9.3909
-9.6143
-9.9209
-9.8151
-9.6352
-9.6386
-9.6478
-9.5355
-9.2178
-8.3935
-8.0074
-7.7386
-7.4995
-7.2511
-7.1012
-7.0052
-6.8216
-6.7171
-6.6098
-6.3919
-6.0676
-5.9597
-5.9085
-5.8007
-5.6850
-5.6214
-5.5193
-5.4510
-5.4344
-5.4881
-5.4963
-5.6223
-5.5248
-5.4051
-5.4357
-5.2296
-4.9938
-4.9430
-5.1699
-5.3898
-5.6176
-5.8619
-5.9458
-6.0351
-6.0895
-6.0062
-5.8732
-5.7028
-5.4653
-5.4206
-5.3023
-5.0626
-4.8882
-4.7777
-4.7280
-4.6803
-4.7107
-4.7324
-4.7310
-4.6483
