-4.0764
-4.2180
-4.2995
-4.4312
-4.5252
-4.8179
-4.7203
-4.5558
-4.3181
-4.2333
-4.1362
-4.0639
-3.9791
-3.9210
-3.8501
-3.6332
-3.3665
-3.1907
-2.7641
-2.2124
-2.0268
-1.7089
-1.5027
-1.2621
-1.1839
-1.3086
-1.4883
-1.6835
-1.8334
-1.8926
-1.9016
-1.8964
-1.9632
-2.1361
-2.2686
-2.4299
-2.4191
-2.3641
-2.4234
-2.5744
-2.8459
-2.9860
-2.9729
-2.9019
-2.9337
-2.9795
-3.0269
-3.0194
-2.9483
-2.8224
-2.7041
-2.5626
-2.3954
-2.1728
-1.9003
-1.6042
-1.2167
-0.6923
-0.2858
0.1674
0.8187
1.1616
1.4795
2.1024
2.4111
2.7343
3.0388
3.2200
3.3107
3.5126
3.6984
3.7411
3.8425
3.9491
4.0820
4.3092
4.5053
4.6901
4.9244
5.1481
5.3045
5.4737
5.7343
6.1351
6.5871
7.0175
7.3690
7.5877
7.6940
7.7883
7.8496
7.8842
8.0023
8.1813
8.3800
8.5684
8.7551
8.9586
9.0587
9.0446
8.9107
8.7415
8.5701
8.4546
8.3376
8.2312
8.1653
8.0997
8.0228
7.9698
7.9214
7.9101
7.8217
7.5514
6.9011
6.3128
5.2929
4.5606
4.2296
4.5581
4.5988
4.4909
4.6059
4.6356
4.6333
4.6167
4.5213
4.3444
4.1251
3.8551
3.4419
2.8152
2.2653
1.7490
1.2494
0.9328
0.4849
0.4755
0.6209
0.8372
1.2735
1.6148
2.0854
1.8522
2.2409
2.3950
2.8177
3.1296
3.3547
3.5717
3.3704
3.5706
3.8977
4.0747
4.2116
4.2656
4.4532
4.6166
4.7703
4.8996
5.3177
5.3453
5.5148
5.6428
5.7648
5.9804
6.0927
6.2800
6.4275
6.6494
6.7994
6.8744
6.9912
7.0443
7.1534
7.0571
6.9463
6.8485
6.7214
6.8291
6.9755
7.1393
7.2007
7.0645
6.8611
6.7660
6.6435
6.7575
6.7536
6.8170
6.8912
6.9113
6.7959
6.6822
6.4049
6.4180
6.5423
6.4954
6.3670
6.2958
6.0010
5.5696
5.3626
5.4308
5.4675
5.4182
5.3156
5.0739
4.7085
4.4860
3.9242
3.5482
3.3531
3.2369
2.8473
2.3405
1.6740
1.2646
0.9142
0.7477
0.9918
1.0747
0.9814
1.3464
1.5196
1.4450
1.2859
1.2687
1.1870
0.9902
0.8506
0.8354
0.7493
0.5117
0.3256
0.2685
0.2958
0.3517
0.4302
0.4323
0.4978
0.6432
0.8628
0.8945
0.8305
0.8012
0.6621
0.5854
0.6377
0.6054
0.4675
0.4949
0.6861
0.9456
1.0253
1.2676
1.5125
1.9177
2.5717
3.1692
3.1587
3.3471
3.5152
3.6870
4.0763
4.2109
4.5417
4.9304
5.3187
5.4217
5.5565
5.3883
5.2082
5.0690
5.0765
4.8693
4.6001
4.1422
3.7732
3.3953
3.2019
2.9871
2.6616
2.2855
1.9422
1.5130
1.1560
0.7635
0.3227
-0.1415
-0.3906
-0.4338
-0.5278
-0.6996
-0.7274
-0.9901
-1.3910
-1.8177
-1.8229
-2.2263
-2.6779
-2.8987
-2.8916
-2.8721
-3.4072
-3.7831
-3.7267
-3.8290
-3.0164
-2.5230
-2.7178
-2.6425
-2.4208
-2.4133
-2.3119
-1.7572
-1.2422
-0.6519
0.1761
0.8340
1.1025
1.1350
1.2860
1.5292
1.5563
1.4964
1.2995
1.0528
0.6892
0.2759
0.1360
0.0092
-0.0428
-0.1767
-0.3388
-0.5931
-0.7740
-0.8506
-0.9786
-1.2147
-1.3941
-1.4771
-1.7187
-1.9059
-1.9888
-2.1090
-2.0573
-1.9574
-2.0602
-2.0640
-1.8739
-1.8064
-1.6094
-1.4685
-1.4708
-1.3394
-1.2684
-1.1027
-0.9516
-0.5432
-0.1517
0.1756
0.5179
0.8477
1.0953
1.3379
1.3560
1.4889
1.6246
1.5650
1.3257
1.1035
0.8486
0.5830
0.3975
0.2694
0.2695
