3.1590
3.0110
3.2130
3.3580
3.3210
3.1030
3.5200
3.8410
3.9780
4.6390
5.1920
5.3130
5.7920
6.3790
6.6780
6.6270
6.6980
7.0600
7.2650
6.9190
6.4830
6.5630
6.7580
7.3360
7.3870
7.2870
7.1070
6.6220
6.4760
6.5270
7.7410
8.1660
8.0120
7.8070
7.6270
7.3750
7.2820
7.2220
7.1940
7.1900
7.1450
7.1020
7.0360
6.9150
7.0150
7.2230
7.3980
7.3880
7.5260
7.3920
6.9810
6.6780
6.8980
7.1790
7.1010
6.9130
7.2680
7.3570
7.2730
7.3120
7.5220
7.6250
7.3120
7.0770
7.1370
7.1520
7.0710
6.9620
7.0020
6.8260
6.7890
6.7490
6.7460
6.7760
6.7370
6.7170
6.4620
6.1770
6.2740
6.1890
6.0920
6.0230
5.9570
5.7840
5.5780
5.3800
5.2240
4.9870
4.7450
4.5750
4.4100
4.2680
4.2060
4.2210
4.2090
4.1180
4.0850
4.0420
4.0830
4.0410
3.9310
3.9440
4.1100
4.0990
3.9230
3.7800
3.6050
3.4960
3.4180
3.4600
3.4200
3.3750
3.3680
3.2590
3.0770
3.1400
3.2560
3.4440
3.6040
3.7100
3.7980
3.7940
3.8710
3.9980
4.1810
4.3470
4.4040
4.4020
4.4080
4.6370
4.8800
5.2270
5.5220
5.6470
5.6830
5.7390
6.0160
5.9520
6.1660
6.2420
6.5040
6.6630
6.5010
6.3250
6.4610
6.3270
6.5170
6.6520
6.6470
5.9480
5.4560
5.5240
5.2930
5.0890
4.8490
4.3820
4.5820
5.3360
6.3460
7.7290
8.4770
8.6630
8.6180
8.3400
8.1520
7.9250
7.0420
3.6120
3.9870
4.6910
4.6060
4.5740
4.2240
3.6720
3.3090
3.1540
2.9090
2.8050
2.4920
2.0000
1.6620
1.7090
1.7800
1.8070
1.8830
1.7750
1.5420
1.5160
1.9250
2.2110
2.1260
1.9770
1.7710
1.4670
1.1640
1.0940
1.0440
0.8820
0.8330
1.1240
1.4240
1.4950
1.7330
2.2760
2.6310
2.4630
2.4880
2.8040
3.2720
3.7020
3.5540
4.1020
4.8410
4.4700
4.4950
5.1240
5.3220
5.2750
5.3090
5.4160
5.4640
5.5040
5.6010
5.5150
5.5480
5.6020
5.6320
5.7860
5.8910
5.9120
5.8660
5.9380
5.7980
5.6460
5.5050
5.4640
5.4900
5.5100
5.4780
5.5220
5.6180
5.8830
5.9280
5.0600
5.0280
5.2830
5.1070
5.2260
5.5720
5.8470
5.7230
5.3640
5.1630
5.6950
5.4450
5.2440
5.9840
5.8940
5.8310
5.8900
6.0300
6.1200
6.1050
6.2480
6.0070
6.1050
6.1450
6.1170
6.2380
6.5250
6.8950
6.9960
6.5560
6.4370
6.1770
6.1690
6.1620
6.3620
6.4950
6.1790
5.9290
5.8270
5.9270
6.2350
6.0280
5.9530
5.8540
5.5050
5.3420
5.3810
5.4510
5.5320
5.6720
5.9440
5.5900
5.3820
5.2560
4.9840
4.7520
4.4360
4.3540
4.5260
4.8220
5.0270
5.0030
4.5160
4.1370
3.5970
3.2850
3.0140
2.9930
3.0750
2.9550
2.7050
2.6060
2.6720
2.6740
2.5970
2.4630
2.2760
2.1090
1.9570
1.7840
1.7130
1.7020
1.8960
2.3090
2.7140
3.0270
3.1160
3.0950
3.1710
3.2110
3.2800
3.4030
3.6180
3.6670
3.7380
3.7810
3.8430
3.8710
3.8100
3.8400
4.0230
4.4660
4.8230
5.4870
6.1950
6.2500
6.1070
6.1760
6.2860
6.1200
6.1160
6.2710
6.3480
6.4960
6.6610
6.6330
6.7870
6.9660
6.9290
6.9530
6.8720
6.6040
6.4840
6.4000
6.2960
6.1380
5.9830
5.8500
5.8330
5.8940
5.9900
6.0020
5.9530
5.9280
