920.2900
939.0300
941.1500
886.7400
928.9900
921.6100
916.7100
948.4000
937.5800
910.3000
837.5400
856.3200
843.1100
847.0300
846.4100
865.4400
875.3600
868.0900
850.2400
873.6000
887.3700
893.2800
896.8700
889.6400
891.8400
892.5900
882.7000
883.2500
868.9800
858.8100
847.5400
843.9500
839.8400
835.7900
818.1000
815.4100
809.6900
807.3600
802.3100
792.6200
781.3400
770.6600
769.9300
765.8900
755.8600
742.7100
726.9800
717.6800
706.9100
692.5600
688.6700
693.4500
693.3100
678.8600
673.2200
676.5200
668.7000
667.5900
671.2700
667.1900
662.1700
653.0200
666.7000
658.6400
656.6100
661.0100
659.4200
656.9300
664.7100
670.0300
662.6400
665.4400
659.9500
658.4200
657.0500
661.5300
672.4300
695.0900
683.2200
701.6700
702.4600
708.1900
706.8200
726.9600
736.9900
747.0700
747.2700
723.4400
707.6200
694.2200
692.9700
701.3400
705.5800
709.6100
691.5300
680.1600
675.1100
672.8400
678.2100
686.3100
682.0200
683.8600
686.2200
695.4400
702.5200
708.2500
712.7400
716.1400
718.3200
715.7500
717.1600
739.0900
759.3700
768.1500
775.6600
772.0300
768.8300
778.3800
796.3800
808.8700
807.9400
822.6700
834.9600
841.3000
843.4400
838.4500
841.4300
839.3300
834.7800
837.3500
832.1600
828.2900
824.8200
822.9500
838.0400
817.0400
779.3800
781.4900
773.7200
790.7100
756.1800
720.1600
713.5800
741.1000
745.9500
785.4100
742.6700
717.8800
706.1300
718.4300
758.6000
764.7700
761.0300
775.7400
798.5900
807.4100
810.5300
770.2600
751.3100
727.9500
693.5300
628.5200
596.9400
593.5600
594.5400
563.9400
573.3500
621.7500
671.1500
709.3500
728.8000
747.1400
761.7100
778.0700
783.9300
783.8000
797.1600
805.0600
816.5100
828.4300
839.7700
842.7700
848.4200
823.6000
791.6800
789.5600
794.1600
813.9100
828.5900
822.2500
799.2900
785.6600
788.5200
802.0500
810.4500
820.0200
817.3700
813.5900
816.9300
830.0100
840.9500
841.7800
844.1600
841.0500
848.2300
842.3200
838.0900
861.5600
891.5700
902.2200
890.3000
882.9100
890.9900
894.3100
914.9500
926.3300
920.6500
911.3500
917.4400
917.5100
928.8900
936.6400
940.9600
933.6700
928.9800
928.9200
921.1100
922.0100
915.3700
918.4900
923.0300
910.3200
891.8900
878.3900
863.2500
856.2700
846.3300
838.1300
810.3500
793.8200
792.8600
799.8500
789.3300
797.6200
761.6400
755.6200
742.0200
744.1700
725.3900
719.9600
723.8400
725.4400
722.4900
732.6700
730.8900
752.7000
792.3300
799.8400
813.9500
820.4400
836.4800
837.6100
881.3300
897.3700
886.9700
884.4800
893.7700
882.8700
887.4100
893.2200
902.6300
905.6800
902.8700
906.5800
924.7000
924.6500
917.7200
923.0200
941.1400
873.1000
841.2300
818.2400
810.8800
815.8400
796.8400
770.8500
743.0000
716.5500
699.8300
708.8600
705.3300
729.3200
747.9100
764.9500
767.4100
772.5400
788.9600
794.9100
799.8400
790.0300
787.3000
797.3100
797.3900
822.9700
849.9100
857.6500
855.0100
851.7900
858.2600
867.8900
891.0900
906.7400
906.5100
909.8600
909.3400
894.0700
890.8100
889.3000
889.4700
885.4200
879.6900
870.5500
857.8200
854.0900
850.3900
837.9100
832.9100
805.0300
777.0900
760.8700
750.5400
744.2500
727.2600
718.0600
695.3700
677.6200
661.6400
651.7300
636.6500
626.8900
611.9200
599.3400
584.2500
575.1400
573.2200
566.2600
567.0900
573.8300
581.3100
588.5800
598.2900
624.5400
638.5000
648.4500
653.0200
658.1800
664.5600
671.8500
674.3100
694.1600
702.1000
703.5200
719.0600
724.3900
735.2600
736.3000
743.3000
746.1400
744.5400
743.2800
733.3200
730.1000
724.3200
726.4100
724.6000
684.3900
646.8900
