4.2122
3.9771
4.2984
4.5288
4.4702
4.1239
4.7846
5.2948
5.5115
6.5603
7.4386
7.6310
8.3909
9.3214
9.7958
9.7153
9.8282
10.4019
10.7282
10.1787
9.4866
9.6138
9.9241
10.8402
10.9222
10.7626
10.4770
9.7073
9.4759
9.5572
11.4836
12.1582
11.9129
11.5878
11.3026
10.9031
10.7543
10.6591
10.6153
10.6084
10.5380
10.4693
10.3637
10.1726
10.3306
10.6617
10.9388
10.9234
11.1423
10.9289
10.2776
9.7967
10.1458
10.5920
10.4674
10.1689
10.7328
10.8739
10.7413
10.8017
11.1354
11.2985
10.8032
10.4293
10.5241
10.5487
10.4199
10.2466
10.3099
10.0320
9.9724
9.9091
9.9046
9.9514
9.8893
9.8585
9.4534
9.0013
9.1551
9.0206
8.8661
8.7566
8.6531
8.3774
8.0507
7.7375
7.4894
7.1129
6.7284
6.4597
6.1971
5.9717
5.8745
5.8979
5.8779
5.7335
5.6823
5.6136
5.6783
5.6115
5.4368
5.4577
5.7223
5.7035
5.4251
5.1977
4.9205
4.7469
4.6240
4.6898
4.6270
4.5558
4.5441
4.3719
4.0829
4.1821
4.3657
4.6644
4.9185
5.0868
5.2264
5.2202
5.3416
5.5431
5.8347
6.0975
6.1875
6.1846
6.1949
6.5578
6.9430
7.4936
7.9627
8.1612
8.2180
8.3057
8.7464
8.6437
8.9843
9.1049
9.5199
9.7723
9.5153
9.2359
9.4518
9.2389
9.5410
9.7544
9.7480
8.6373
7.8579
7.9646
7.5982
7.2756
6.8949
6.1526
6.4701
7.6671
9.2697
11.4637
12.6509
12.9466
12.8742
12.4330
12.1351
11.7750
10.3737
4.9317
5.5256
6.6442
6.5089
6.4579
5.9030
5.0270
4.4511
4.2038
3.8157
3.6510
3.1542
2.3735
1.8377
1.9111
2.0238
2.0673
2.1871
2.0164
1.6471
1.6052
2.2541
2.7082
2.5740
2.3375
2.0102
1.5272
1.0465
0.9355
0.8563
0.6000
0.5222
0.9832
1.4587
1.5725
1.9502
2.8109
3.3750
3.1076
3.1479
3.6493
4.3923
5.0747
4.8398
5.7092
6.8815
6.2927
6.3328
7.3309
7.6446
7.5703
7.6239
7.7939
7.8695
7.9338
8.0880
7.9507
8.0041
8.0892
8.1372
8.3810
8.5473
8.5808
8.5079
8.6223
8.4004
8.1594
7.9358
7.8698
7.9118
7.9438
7.8917
7.9621
8.1138
8.5346
8.6071
7.2297
7.1782
7.5828
7.3036
7.4924
8.0407
8.4773
8.2818
7.7110
7.3928
8.2359
7.8402
7.5216
8.6955
8.5521
8.4525
8.5462
8.7682
8.9108
8.8873
9.1146
8.7312
8.8877
8.9509
8.9062
9.0975
9.5542
10.1407
10.3007
9.6033
9.4143
9.0018
8.9885
8.9783
9.2953
9.5064
9.0051
8.6072
8.4465
8.6048
9.0940
8.7653
8.6455
8.4884
7.9356
7.6762
7.7382
7.8501
7.9778
8.2002
8.6321
8.0700
7.7402
7.5407
7.1079
6.7410
6.2394
6.1088
6.3821
6.8512
7.1759
7.1393
6.3658
5.7650
4.9069
4.4127
3.9828
3.9495
4.0793
3.8888
3.4921
3.3350
3.4403
3.4429
3.3208
3.1080
2.8113
2.5466
2.3053
2.0311
1.9175
1.9006
2.2088
2.8638
3.5069
4.0023
4.1438
4.1110
4.2309
4.2948
4.4042
4.5989
4.9408
5.0191
5.1312
5.1987
5.2974
5.3426
5.2457
5.2929
5.5832
6.2864
6.8523
7.9071
9.0306
9.1180
8.8908
8.9997
9.1746
8.9114
8.9040
9.1508
9.2734
9.5081
9.7698
9.7243
9.9699
10.2529
10.1941
10.2322
10.1048
9.6796
9.4882
9.3553
9.1902
8.9389
8.6942
8.4819
8.4552
8.5527
8.7047
8.7243
8.6462
8.6065
