-6.3387
-6.3014
-6.2098
-6.0907
-6.0513
-6.2181
-6.4258
-6.5890
-6.7352
-6.8857
-6.9362
-6.9352
-6.9448
-7.0018
-7.1001
-7.1422
-7.1924
-7.2388
-7.2022
-7.1709
-7.2115
-7.2738
-7.2210
-7.1118
-7.1463
-7.3177
-7.3802
-7.2358
-6.9664
-6.7391
-6.9687
-7.1978
-7.1329
-6.9942
-6.8636
-6.7740
-6.7344
-6.7270
-6.7355
-6.7288
-6.6755
-6.6230
-6.5967
-6.5806
-6.5784
-6.5491
-6.4769
-6.3209
-6.1670
-6.0990
-6.0415
-6.0064
-6.0094
-6.0232
-6.0075
-5.9859
-5.9539
-5.9518
-5.9429
-5.9365
-5.9081
-5.8848
-5.8466
-5.7961
-5.7543
-5.7190
-5.7039
-5.7026
-5.7075
-5.7202
-5.7458
-5.7754
-5.7749
-5.7411
-5.7078
-5.6776
-5.6438
-5.5926
-5.5825
-5.5755
-5.5554
-5.5267
-5.4871
-5.4439
-5.4057
-5.3709
-5.3349
-5.3049
-5.2806
-5.2571
-5.2327
-5.2045
-5.1827
-5.1665
-5.1588
-5.1366
-5.1057
-5.0867
-5.0743
-5.0606
-5.0379
-5.0143
-4.9987
-4.9884
-4.9711
-4.9535
-4.9297
-4.9043
-4.8773
-4.8541
-4.8394
-4.8441
-4.8457
-4.8451
-4.8068
-4.7715
-4.7010
-4.6580
-4.6337
-4.6119
-4.5683
-4.5251
-4.5067
-4.4886
-4.4600
-4.4024
-4.3317
-4.2365
-4.1485
-4.1524
-4.1833
-4.2215
-4.2374
-4.2253
-4.2498
-4.2342
-4.2197
-4.2552
-4.2546
-4.2310
-4.1827
-4.1468
-4.1220
-4.1111
-4.1038
-4.0641
-3.9398
-3.7801
-3.6707
-3.6291
-3.6958
-3.6472
-3.6483
-3.6081
-3.6632
-3.5090
-2.9607
-2.1485
-1.8037
-1.5601
-1.2594
-1.1104
-1.1194
-1.4373
-1.6171
-1.5576
-1.6233
-2.1550
-2.5142
-2.6706
-2.9213
-3.1054
-3.1457
-3.0251
-2.8716
-2.7780
-2.7539
-2.7194
-2.6716
-2.7750
-2.9684
-3.0683
-3.0889
-3.0958
-3.0293
-2.9114
-2.8041
-2.7681
-2.8948
-2.9565
-2.9566
-2.9640
-2.9772
-2.9562
-2.8410
-2.7497
-2.7157
-2.6944
-2.6353
-2.5814
-2.6126
-2.6161
-2.7674
-3.0844
-3.0961
-2.9954
-2.9511
-2.9831
-3.0549
-3.1169
-2.7276
-2.6954
-2.9525
-3.0681
-2.8621
-2.5983
-2.4077
-2.2535
-2.0069
-1.7044
-1.3933
-1.0421
-0.6822
-0.3650
-0.0051
0.2955
0.6230
0.9139
1.0904
1.2084
1.3189
1.4339
1.5612
1.7235
1.8759
2.0014
2.1143
2.2387
2.3260
2.3767
2.3785
2.2895
2.0030
2.2327
2.7221
2.7648
2.7451
2.5565
2.2869
2.1465
2.0302
1.9536
1.9195
1.6906
1.6107
1.2308
0.7241
0.3285
0.0779
-0.1702
-0.5671
-1.0273
-1.6741
-2.1697
-2.4701
-2.6937
-3.0507
-3.5273
-3.8318
-4.0441
-4.1635
-4.2261
-4.0554
-3.9680
-3.8323
-3.8974
-4.0181
-4.1305
-4.3310
-4.3316
-4.3229
-4.2728
-4.2300
-4.2159
-4.2110
-4.1303
-4.0204
-3.8968
-3.8716
-3.9577
-4.1118
-4.3204
-4.6370
-4.9956
-5.0100
-5.0106
-5.0038
-4.8957
-4.9891
-4.8822
-4.9891
-4.8770
-4.6794
-4.6311
-4.9209
-5.3604
-5.2856
-5.2187
-4.9165
-4.4980
-4.0429
-3.4901
-2.9917
-2.5520
-2.0067
-1.5364
-1.1632
-0.8189
-0.4605
-0.1464
0.1295
0.3683
0.5375
0.6576
0.7254
0.6561
0.4418
0.2695
0.2542
0.4172
0.5541
0.6698
0.8093
0.9495
1.1189
1.2591
1.4286
1.6210
1.8179
2.0067
2.1939
2.3555
2.4255
2.6785
2.9962
3.1024
2.9066
2.3308
1.8829
1.4979
1.1419
0.8400
0.4678
0.0905
-0.2133
-0.5000
-0.7179
-0.9986
-1.3320
-1.5766
-1.7572
-1.9128
-2.0915
-2.1558
-2.1955
-2.2543
-2.2797
-2.3391
-2.3922
-2.4086
-2.4175
-2.4664
-2.4157
-2.2973
-2.3964
-2.6434
-2.8068
