-3.4688
-3.3949
-3.5797
-3.9427
-3.8345
-3.5938
-4.5129
-5.1409
-5.4975
-6.5603
-7.4357
-7.6302
-8.3909
-9.3214
-9.7881
-9.7122
-9.8185
-10.3871
-10.7276
-10.1656
-9.3892
-9.4525
-9.8283
-10.8391
-10.8026
-10.6727
-10.4117
-9.6469
-9.3432
-8.9545
-11.0904
-12.0585
-11.8030
-11.4797
-11.1210
-10.6089
-10.3611
-10.3173
-10.4014
-10.4653
-10.4233
-10.3702
-10.2983
-10.1595
-10.3293
-10.6439
-10.9052
-10.8884
-11.1375
-10.9287
-10.2775
-9.7956
-10.1351
-10.5621
-10.3870
-10.0955
-10.6484
-10.7744
-10.6166
-10.6757
-11.0095
-11.1688
-10.6926
-10.3097
-10.4243
-10.4944
-10.3755
-10.2257
-10.2954
-10.0227
-9.9639
-9.9084
-9.9038
-9.9482
-9.8845
-9.8563
-9.4523
-8.9906
-9.1392
-8.9924
-8.8335
-8.7146
-8.6203
-8.3324
-7.9829
-7.6465
-7.4365
-7.0702
-6.6971
-6.4412
-6.1911
-5.9706
-5.8724
-5.8924
-5.8745
-5.7335
-5.6821
-5.6131
-5.6731
-5.5866
-5.4066
-5.4245
-5.6943
-5.6726
-5.3773
-5.1627
-4.8904
-4.7197
-4.5910
-4.6624
-4.5963
-4.5308
-4.5204
-4.3535
-4.0701
-4.1780
-4.3644
-4.6641
-4.9137
-5.0853
-5.2246
-5.2196
-5.3199
-5.5096
-5.7963
-6.0780
-6.1776
-6.1823
-6.1933
-6.5529
-6.9379
-7.4915
-7.9611
-8.1561
-8.2180
-8.2996
-8.6870
-8.6395
-8.9797
-9.1039
-9.5157
-9.7652
-9.5151
-9.2339
-9.4477
-9.2090
-9.5326
-9.7379
-9.6331
-8.5802
-7.8059
-7.8609
-7.5647
-7.2435
-6.7847
-5.8390
-5.7041
-5.5640
-5.3770
-6.0742
-5.5373
-5.3320
-4.8358
-4.5030
-5.1333
-5.4251
-3.9982
0.0687
4.2422
3.3432
1.2668
0.1195
-0.7164
-0.5466
-0.7384
-0.8341
-0.7792
-0.7608
-0.6147
-0.8991
-1.4017
-1.7796
-1.9145
-2.0128
-2.1698
-2.0164
-1.6446
-1.5245
-1.8362
-2.0275
-1.9057
-1.7546
-1.5685
-1.2800
-1.0251
-0.9292
-0.8322
-0.5991
-0.2198
0.2057
0.5841
0.7810
0.9972
1.3628
1.5621
1.3627
1.0501
0.9423
0.7955
0.3791
0.1970
0.2752
0.4227
0.5125
0.6502
1.4667
2.4756
2.9956
3.3919
4.0017
4.5013
4.8791
5.2207
5.3536
5.6279
5.8114
6.1782
6.5684
6.5647
6.3367
5.9714
5.7087
5.3663
5.1631
4.9001
4.6400
4.3831
4.1108
3.7837
3.6846
3.7420
4.4633
4.9945
4.0321
3.1556
3.3004
2.7573
2.0249
1.5361
3.0612
3.5903
3.3809
1.5972
0.6083
0.0761
-1.6749
-2.3468
-2.7386
-2.8012
-3.1746
-3.4895
-3.6210
-3.3699
-3.3929
-3.3607
-3.4824
-3.5457
-3.5710
-3.1876
-2.6944
-2.6293
-2.5735
-1.9234
-1.4113
-0.8331
-0.9683
-1.1852
-1.1408
-1.0360
-1.1020
-0.7126
-0.7600
-0.6836
-0.3528
-0.1334
0.0458
0.3971
0.7675
0.9145
1.4112
1.1670
1.2056
1.3126
1.7684
1.8658
2.2477
2.9298
3.1877
3.0106
2.9419
3.1316
3.3389
3.5957
3.8844
4.0012
3.7919
3.6120
3.1072
2.8551
2.6306
2.5796
2.7232
2.5174
2.0165
1.7345
1.7126
1.4572
1.1818
1.1768
1.1639
1.0834
1.0060
0.7619
0.3945
-0.2166
-1.0973
-2.0835
-2.9194
-3.5131
-3.6795
-3.6206
-3.7769
-3.8756
-4.0110
-4.2202
-4.5717
-4.6779
-4.7728
-4.8563
-4.9630
-4.9214
-4.5903
-4.1759
-3.4424
-2.8707
-2.5891
-3.2603
-4.3468
-4.7760
-4.7942
-4.8680
-4.7426
-4.5679
-4.6407
-4.8435
-4.7818
-4.6569
-4.6311
-4.4535
-4.2525
-4.2423
-4.1032
-3.8089
-3.5503
-3.2098
-3.0407
-2.9317
-2.8362
-2.7621
-2.8122
-3.0493
-3.2525
-3.4657
-3.4925
-3.5571
-3.6776
-3.6957
