2.3895
2.0717
2.3796
2.2281
2.2977
2.0227
1.5893
1.2670
0.3923
0.0133
0.2087
-0.1155
-0.0164
-0.0055
0.3875
0.2457
-0.4349
-0.5546
-0.1120
-0.5172
-1.3555
-1.7539
-1.3755
0.1564
1.6123
1.3887
1.1675
1.0813
1.5800
3.3401
2.9792
1.5543
1.6141
1.5789
2.0175
2.5155
2.8813
2.6776
2.1201
1.7365
1.5510
1.4375
1.1624
0.5170
-0.1638
-0.6163
-0.8567
-0.8741
-0.3258
-0.0585
-0.0045
-0.1448
-0.4664
-0.7948
-1.2952
-1.2191
-1.3434
-1.4673
-1.6315
-1.6452
-1.6698
-1.7070
-1.5421
-1.5751
-1.4457
-1.0688
-0.9614
-0.6548
-0.5464
-0.4324
-0.4134
-0.1189
0.1198
0.2492
0.3062
0.2069
0.1451
0.4397
0.5387
0.7137
0.7598
0.8570
0.7526
0.8670
1.0421
1.1834
0.8892
0.7790
0.6478
0.4893
0.2730
0.1156
0.1542
0.2540
0.1994
0.0237
0.0457
0.0752
0.2425
0.5279
0.5722
0.6006
0.5654
0.5926
0.7183
0.6027
0.5431
0.5074
0.5509
0.5063
0.5324
0.4773
0.4641
0.4011
0.3233
0.1849
-0.1072
0.0508
0.2179
0.1266
-0.1359
0.0782
0.4801
0.6082
0.6676
0.4873
0.3490
0.1660
-0.1430
-0.2543
-0.2654
-0.1774
-0.1585
-0.2885
-0.0233
-0.3190
-1.0174
-0.2691
-0.2875
-0.1331
-0.2825
-0.3735
-0.0603
0.1915
0.2810
0.7424
0.4020
0.5677
1.4921
0.9916
0.9030
1.2809
0.7128
0.6835
1.2278
1.9391
3.0537
5.2751
7.5509
9.7221
11.3747
11.7977
11.9315
11.5889
10.9959
10.4508
9.5722
4.9312
-3.5407
-5.7418
-6.3845
-6.4568
-5.8593
-4.9972
-4.3894
-4.1202
-3.7352
-3.5708
-3.0937
-2.1966
-1.1884
-0.6968
-0.6562
-0.4716
-0.2743
-0.0127
0.0904
0.5026
1.3074
1.7953
1.7303
1.5444
1.2573
0.8330
0.2107
-0.1085
-0.2017
0.0333
0.4738
0.9614
1.3367
1.3649
1.6760
2.4585
2.9917
2.7928
2.9676
3.5256
4.3196
5.0605
4.8358
5.7026
6.8685
6.2718
6.2994
7.1826
7.2327
6.9524
6.8278
6.6881
6.4550
6.2562
6.1773
5.8781
5.6914
5.6270
5.2956
5.2054
5.4735
5.7859
6.0603
6.4618
6.4629
6.3181
6.2424
6.3564
6.5868
6.7974
6.9255
7.0583
7.1994
7.2745
7.0098
6.0009
6.4474
6.8269
6.7632
7.2135
7.8926
7.9053
7.4632
6.9302
7.2182
8.2134
7.8398
7.3327
8.3729
8.1017
7.9749
7.9347
8.0439
8.1419
8.2236
8.4596
8.0585
8.1771
8.2187
8.1590
8.5208
9.1664
9.7939
9.9740
9.4088
9.3079
8.9632
8.9362
8.8997
9.2251
9.4498
8.9374
8.5777
8.4123
8.5776
9.0871
8.7643
8.6454
8.4791
7.8984
7.6216
7.6084
7.7628
7.8861
8.0945
8.4490
7.8514
7.4067
6.9483
6.3530
6.0313
5.5023
5.2450
5.4390
5.8318
6.0336
5.9126
5.1132
4.4931
3.7978
3.3646
2.9904
2.9907
3.0373
2.9640
2.8511
2.8485
2.9838
3.1193
3.1034
2.8766
2.5590
2.3047
2.0742
1.8827
1.8765
1.8882
1.9170
1.9648
1.9432
1.9173
1.9060
1.9473
1.9067
1.8507
1.8192
1.8277
1.8737
1.8190
1.8841
1.8555
1.8522
2.0793
2.5392
3.2522
4.3957
5.5927
6.3444
7.2037
7.9156
7.7671
7.4874
7.5696
7.8538
7.6516
7.5990
7.7638
7.9455
8.2896
8.6024
8.6446
9.0175
9.3340
9.3319
9.4969
9.4605
9.1319
8.9878
8.8840
8.7417
8.5014
8.2268
7.9148
7.8046
7.8191
7.9733
7.9662
7.8251
7.7727
