3.8230
3.8310
3.9440
3.9320
3.9270
3.8820
3.9250
3.8990
3.8530
3.7570
3.7170
3.6170
3.5540
3.4940
3.4240
3.3850
3.3610
3.3070
3.1210
2.6700
2.2160
1.8430
1.6390
1.8020
1.8490
1.8470
1.4230
1.7590
1.3950
0.9890
0.6030
0.7680
0.9320
1.3230
1.6060
1.8390
1.9660
2.1040
2.5380
3.3900
3.7760
4.3560
4.5460
4.6170
4.7920
4.8520
5.0600
4.9130
4.6520
4.7380
4.6760
4.4450
4.2820
4.4330
4.3770
4.2580
4.4680
4.3500
4.1530
4.2850
4.2870
4.3290
4.4580
4.3240
4.1590
4.0320
3.9940
4.0650
4.1650
4.2520
4.4920
4.6070
4.7080
4.7480
4.7900
4.7480
4.6690
4.5770
4.4980
4.3750
4.2300
4.1150
4.0100
4.0210
4.0250
4.0590
4.0530
4.0350
3.9930
4.0050
3.9180
3.9180
3.8550
3.7850
3.7020
3.1160
3.2190
2.9880
2.7320
3.2080
3.3960
3.6650
3.8000
3.8110
3.8390
3.5860
3.7080
4.0980
4.5880
4.8550
4.9470
5.1010
5.2040
4.8390
4.8240
4.6820
4.5800
4.7770
5.1530
5.4590
5.6680
5.8750
6.1090
6.2270
6.2830
6.5540
6.8220
7.0230
7.1500
6.9080
6.4690
7.0460
7.0510
6.9200
6.9610
6.9620
6.7700
6.7730
6.9220
7.0180
6.6700
6.5980
6.4480
6.2720
6.3620
6.3090
6.0890
6.0960
6.3190
6.3210
6.2580
6.1800
6.2130
6.1480
6.1030
6.0860
5.9890
5.9830
6.0050
5.9680
5.8220
5.7320
5.6780
5.7530
5.8140
5.7990
5.7320
5.6960
5.7360
5.7980
5.8470
5.5650
5.3520
5.4290
5.5750
5.7630
5.9160
6.0520
6.2360
6.3800
6.4010
6.4040
6.3010
6.2100
6.1900
6.2330
6.3120
6.2260
6.1100
6.1620
6.2850
6.4770
6.6410
6.6270
6.4690
6.1920
6.3940
6.3920
6.2930
6.1750
6.6060
6.8050
6.5710
6.4310
6.3530
6.1020
6.1190
5.9480
5.6870
5.4730
5.4270
5.2220
5.1630
5.0640
4.2470
3.7540
4.6940
5.5240
5.4960
5.8200
5.9900
5.8950
6.0580
6.2670
4.9920
5.7900
6.2850
6.5160
6.4770
6.6200
7.1200
6.9040
6.8910
6.7390
6.7010
6.5440
6.4050
6.4410
6.3980
6.4600
6.4670
6.2970
6.3940
6.5210
6.5590
6.1460
5.8140
5.7780
5.7900
5.6190
5.4470
5.2370
5.2990
5.4490
5.5630
5.7170
5.7100
5.6370
5.8160
5.4700
4.8530
4.6960
4.5670
4.4530
3.9520
3.6260
3.3990
3.2170
2.9890
2.7960
2.6690
2.6080
2.4980
2.5440
2.6590
2.9550
2.8900
2.9260
3.0870
3.1720
3.1020
2.9350
2.2460
1.8490
1.9490
1.9030
1.6640
1.7990
1.6550
1.5050
1.7250
1.8310
1.9690
2.0840
2.1980
2.5630
2.5660
2.4550
2.7620
3.0310
3.1360
3.4110
3.2630
3.3160
3.2580
3.2560
3.2770
3.3520
3.5220
3.5740
3.4010
3.3110
3.2670
3.2190
3.3260
3.5000
3.6990
3.7820
3.7510
3.7790
3.7770
3.7880
3.8490
3.8460
3.8110
3.8350
3.9040
3.9800
4.0580
4.2080
4.3870
4.5380
4.6290
4.6840
4.7140
4.7330
4.7130
4.7000
4.7810
4.8130
4.7910
4.8640
4.8310
4.7610
4.7280
4.5680
4.4950
4.4030
4.2660
4.2040
4.0090
4.0200
3.8800
3.9230
3.8520
3.8980
3.8720
3.7900
3.9140
3.7250
3.8940
3.7780
3.7640
3.6430
3.5890
3.6230
3.7650
3.6930
3.5830
3.4580
3.3730
3.2550
3.2390
3.1210
3.0080
2.9250
2.8760
