827.1000
787.6800
819.0400
826.8000
836.8400
836.8500
824.7400
829.1000
829.5000
840.9100
859.1100
857.5300
848.5400
827.6300
822.2400
843.7800
857.9100
864.5100
859.9800
861.8200
878.4700
892.0600
930.6200
951.2900
961.3900
954.9400
918.4100
947.8100
940.9500
935.9900
920.1700
921.5400
927.5400
926.3800
922.8500
932.3700
924.0700
928.7300
920.4400
904.7200
900.7400
890.0700
890.5900
888.0000
884.8800
870.0300
863.1800
859.9900
861.4100
861.4000
872.8900
880.7700
871.9500
859.1700
872.5100
886.5900
886.0200
890.3100
898.8900
889.5200
889.6400
887.0300
886.3500
905.0600
917.6000
925.9200
949.0400
955.7800
976.4000
991.8000
995.6100
1008.8000
1020.1000
1031.0000
1039.3000
1061.4000
1081.9000
1088.1000
1102.1000
1104.9000
1118.3000
1135.6000
1155.4000
1163.3000
1166.9000
1171.3000
1175.1000
1134.0000
1103.1000
1092.9000
1096.6000
1100.2000
1094.0000
1078.4000
1061.8000
1076.0000
1077.5000
1095.3000
1109.8000
1093.8000
1082.4000
1065.6000
1064.7000
1081.3000
1102.9000
1133.7000
1127.4000
1098.3000
1065.1000
1050.1000
1045.9000
1054.3000
1065.7000
1095.5000
1092.0000
1095.5000
1118.3000
1138.8000
1144.7000
1156.0000
1156.3000
1164.2000
1165.8000
1165.7000
1172.6000
1176.4000
1178.5000
1180.5000
1181.2000
1202.2000
1242.2000
1213.1000
1212.2000
1218.7000
1216.2000
1192.4000
1177.8000
1163.6000
1145.9000
1129.5000
1137.8000
1126.8000
1112.3000
1107.8000
1090.1000
1083.7000
1086.1000
1067.5000
1030.9000
1011.1000
999.4400
992.8700
976.9800
962.5300
946.5800
927.2400
915.0300
908.4300
902.9400
928.0700
950.7600
954.8000
966.7400
966.0200
962.6000
964.6000
982.2300
987.9800
980.9500
983.3500
984.9900
1007.0000
1031.4000
1043.2000
1049.9000
1040.4000
1032.3000
1022.4000
1010.4000
1004.6000
1004.0000
1004.3000
1005.9000
962.5400
918.9300
896.1300
876.5100
883.9700
874.8300
854.7400
807.7700
764.4000
749.8700
740.4100
735.5800
752.5300
737.1300
722.5200
713.0400
711.8600
682.9700
663.5300
658.7500
649.2100
638.0700
637.1400
623.3000
639.2000
669.3200
679.4700
678.6900
664.3200
657.0400
661.0500
689.4900
794.7300
747.8300
727.0800
737.0300
720.1400
718.2800
724.6100
727.6600
718.3900
771.5700
735.9300
713.6300
704.0200
705.9600
697.6900
672.0000
651.9000
625.5500
620.7000
609.6300
609.3700
599.8500
578.2200
552.3000
521.4100
504.7900
511.3000
492.0900
480.6200
452.4300
446.0700
443.8100
426.8100
409.6200
371.5000
347.4900
338.9800
328.4200
311.5900
328.3600
354.6300
382.6700
392.5900
420.1500
411.0300
409.7800
425.7200
451.2300
473.2500
469.7500
467.8800
470.5600
475.0000
469.6900
458.0000
457.6800
444.3400
444.8500
430.6600
431.8800
430.1800
444.1400
455.3400
460.3700
441.1300
408.5800
390.2700
390.4800
401.8400
386.1000
362.8400
353.8000
330.2500
323.4800
325.2800
323.0100
331.0900
334.9400
333.5600
353.0600
337.0300
353.7100
360.9800
364.2700
369.2800
363.5400
356.0500
375.2600
409.2100
444.8900
467.8400
477.5200
476.9000
484.1600
502.8400
531.1100
552.7500
562.6500
576.6800
590.1300
580.9100
585.5900
592.9200
600.8400
608.7300
607.7500
609.1600
602.9500
606.9400
611.9200
615.6000
616.7200
599.0300
583.8800
578.2800
574.1800
578.4300
568.8400
557.9000
542.0500
532.2900
530.3000
529.2900
518.2200
523.9800
528.9300
517.0900
515.9100
517.1800
516.9600
528.2000
535.3200
533.0100
540.4600
548.0000
573.8100
590.7000
626.3500
631.3400
646.4400
651.1600
673.8300
695.3800
700.8600
741.7500
740.9200
767.0500
786.0100
794.5600
804.3200
816.5200
810.5900
821.9100
831.5800
850.2800
858.1900
868.4400
874.6200
886.9900
895.5700
871.1900
843.2600
