5.2664
5.2786
5.4588
5.4395
5.4304
5.3599
5.4281
5.3874
5.3132
5.1621
5.0980
4.9390
4.8387
4.7434
4.6337
4.5704
4.5337
4.4469
4.1521
3.4370
2.7159
2.1247
1.8009
2.0591
2.1330
2.1307
1.4573
1.9904
1.4127
0.7688
0.1562
0.4188
0.6784
1.2998
1.7475
2.1175
2.3201
2.5381
3.2265
4.5785
5.1915
6.1115
6.4133
6.5254
6.8045
6.8987
7.2297
6.9950
6.5813
6.7183
6.6203
6.2527
5.9938
6.2340
6.1444
5.9567
6.2896
6.1029
5.7904
5.9989
6.0025
6.0683
6.2736
6.0608
5.7986
5.5979
5.5378
5.6506
5.8089
5.9463
6.3271
6.5100
6.6700
6.7343
6.8012
6.7346
6.6089
6.4621
6.3376
6.1417
5.9119
5.7299
5.5634
5.5810
5.5867
5.6401
5.6305
5.6029
5.5359
5.5545
5.4173
5.4161
5.3174
5.2062
5.0743
4.1446
4.3081
3.9405
3.5354
4.2905
4.5887
5.0146
5.2304
5.2471
5.2911
4.8898
5.0838
5.7020
6.4796
6.9035
7.0491
7.2937
7.4577
6.8789
6.8541
6.6293
6.4675
6.7798
7.3770
7.8618
8.1944
8.5223
8.8935
9.0801
9.1693
9.6001
10.0255
10.3445
10.5454
10.1618
9.4640
10.3809
10.3886
10.1805
10.2450
10.2468
9.9430
9.9471
10.1838
10.3360
9.7832
9.6689
9.4307
9.1520
9.2942
9.2106
8.8611
8.8723
9.2273
9.2301
9.1300
9.0068
9.0583
8.9548
8.8833
8.8575
8.7036
8.6943
8.7292
8.6704
8.4379
8.2949
8.2104
8.3283
8.4250
8.4020
8.2958
8.2388
8.3012
8.3998
8.4784
8.0301
7.6929
7.8146
8.0464
8.3438
8.5879
8.8028
9.0945
9.3238
9.3572
9.3622
9.1977
9.0533
9.0213
9.0900
9.2164
9.0790
8.8950
8.9775
9.1727
9.4782
9.7382
9.7160
9.4653
9.0245
9.3457
9.3421
9.1848
8.9990
9.6827
9.9974
9.6269
9.4044
9.2807
8.8817
8.9087
8.6385
8.2235
7.8847
7.8110
7.4865
7.3920
7.2361
5.9390
5.1571
6.6476
7.9653
7.9214
8.4352
8.7051
8.5546
8.8133
9.1446
7.1208
8.3867
9.1723
9.5392
9.4779
9.7036
10.4976
10.1549
10.1351
9.8933
9.8331
9.5836
9.3634
9.4210
9.3518
9.4502
9.4618
9.1914
9.3458
9.5470
9.6069
8.9519
8.4259
8.3681
8.3866
8.1153
7.8430
7.5104
7.6077
7.8469
8.0274
8.2721
8.2598
8.1447
8.4284
7.8794
6.9011
6.6512
6.4469
6.2653
5.4709
4.9542
4.5937
4.3043
3.9424
3.6364
3.4348
3.3378
3.1632
3.2364
3.4193
3.8890
3.7856
3.8420
4.0978
4.2333
4.1224
3.8578
2.7644
2.1342
2.2925
2.2199
1.8401
2.0550
1.8263
1.5877
1.9366
2.1045
2.3247
2.5067
2.6877
3.2673
3.2716
3.0954
3.5829
4.0086
4.1753
4.6118
4.3776
4.4619
4.3700
4.3658
4.4000
4.5186
4.7882
4.8705
4.5970
4.4537
4.3836
4.3078
4.4781
4.7541
5.0699
5.2008
5.1512
5.1962
5.1930
5.2111
5.3072
5.3023
5.2465
5.2855
5.3941
5.5159
5.6395
5.8777
6.1616
6.4005
6.5447
6.6321
6.6800
6.7098
6.6791
6.6585
6.7861
6.8373
6.8016
6.9179
6.8653
6.7538
6.7025
6.4483
6.3318
6.1860
5.9685
5.8706
5.5608
5.5785
5.3567
5.4244
5.3127
5.3859
5.3441
5.2133
5.4110
5.1104
5.3786
5.1951
5.1718
4.9797
4.8955
4.9490
5.1748
5.0599
4.8855
4.6874
4.5519
4.3651
4.3401
4.1518
3.9725
3.8405
3.7631
