-6.3011
-6.3357
-6.3389
-6.3327
-6.3329
-6.3539
-6.3842
-6.4241
-6.4738
-6.5081
-6.5346
-6.5650
-6.6038
-6.5829
-6.5555
-6.5538
-6.5676
-6.6727
-6.7859
-6.8361
-6.7016
-6.4480
-6.0789
-5.6962
-5.3023
-4.9536
-4.6511
-4.3321
-4.0177
-3.7955
-3.6741
-3.6820
-3.7314
-3.7071
-3.8156
-3.8260
-3.8351
-3.9581
-3.9566
-4.1199
-4.3049
-4.3505
-4.4421
-4.4741
-4.3977
-4.3098
-4.3474
-4.4404
-4.5085
-4.5221
-4.6953
-4.9592
-5.1342
-5.3141
-5.5527
-5.7578
-6.0268
-6.1689
-6.3364
-6.5653
-6.6824
-6.7719
-6.8491
-6.9949
-7.0830
-7.1525
-7.2206
-7.2716
-7.3110
-7.3509
-7.3729
-7.4037
-7.4287
-7.4550
-7.4851
-7.5172
-7.5453
-7.5637
-7.5851
-7.6032
-7.6297
-7.6524
-7.6696
-7.6742
-7.6711
-7.6607
-7.6502
-7.6316
-7.6147
-7.6093
-7.6102
-7.6059
-7.6080
-7.6031
-7.5966
-7.6178
-7.6073
-7.6113
-7.6569
-7.6557
-7.6631
-7.6637
-7.6865
-7.7379
-7.7780
-7.8121
-7.8291
-7.8260
-7.8187
-7.8279
-7.8428
-7.8409
-7.8366
-7.8663
-7.8226
-7.7961
-7.7915
-7.7606
-7.7665
-7.7854
-7.7908
-7.7921
-7.8127
-7.8500
-7.8967
-7.9207
-7.9719
-8.0441
-8.1328
-8.2227
-8.2972
-8.4032
-8.4558
-8.5000
-8.5419
-8.5649
-8.5711
-8.5648
-8.5618
-8.5569
-8.5403
-8.5254
-8.5258
-8.5340
-8.5449
-8.5484
-8.5547
-8.5620
-8.5552
-8.5558
-8.5517
-8.5449
-8.5381
-8.5349
-8.5302
-8.5226
-8.5155
-8.5126
-8.5093
-8.5077
-8.5042
-8.5036
-8.5115
-8.5161
-8.5103
-8.5122
-8.5141
-8.5197
-8.5277
-8.5336
-8.5387
-8.5504
-8.5723
-8.5995
-8.6246
-8.6547
-8.6811
-8.7038
-8.7119
-8.7138
-8.7161
-8.7217
-8.7323
-8.7497
-8.7561
-8.7582
-8.7578
-8.7581
-8.7552
-8.7452
-8.7263
-8.7064
-8.6830
-8.6544
-8.6354
-8.6286
-8.6138
-8.5871
-8.5539
-8.5295
-8.4974
-8.4587
-8.4263
-8.4017
-8.3833
-8.3800
-8.3771
-8.3654
-8.2611
-8.2479
-8.1806
-8.0941
-8.0135
-7.9110
-7.7543
-7.7269
-7.7374
-7.7335
-7.7302
-7.7465
-7.7374
-7.7639
-7.7588
-7.7652
-7.7783
-7.7757
-7.7917
-7.8088
-7.8217
-7.8242
-7.8136
-7.7973
-7.7808
-7.7592
-7.7323
-7.7052
-7.6964
-7.6928
-7.6939
-7.6910
-7.6908
-7.6757
-7.6552
-7.6377
-7.6171
-7.5950
-7.5851
-7.5642
-7.5356
-7.5078
-7.4809
-7.4721
-7.4884
-7.4958
-7.5016
-7.5059
-7.4907
-7.4332
-7.4461
-7.3595
-7.3083
-7.3028
-7.3276
-7.3477
-7.3485
-7.3357
-7.3331
-7.3611
-7.3501
-7.3369
-7.3275
-7.2876
-7.2165
-7.0328
-6.9781
-6.9416
-6.9966
-7.0315
-7.0088
-6.9661
-6.9128
-6.8938
-6.8738
-6.8400
-6.8051
-6.7825
-6.7866
-6.7382
-6.6791
-6.6778
-6.7308
-6.7247
-6.7303
-6.7451
-6.8096
-6.8088
-6.8626
-6.8555
-6.7120
-6.7267
-6.7391
-6.6580
-6.7562
-6.9443
-7.0522
-7.1365
-7.1540
-7.1608
-7.1762
-7.1990
-7.1704
-7.1172
-7.0694
-7.0388
-7.0173
-6.9891
-6.9611
-6.9505
-6.9485
-6.9763
-7.0092
-7.0345
-7.0642
-7.1037
-7.1345
-7.1670
-7.1935
-7.2021
-7.2194
-7.2397
-7.2606
-7.3009
-7.3374
-7.3647
-7.3959
-7.4326
-7.4611
-7.4987
-7.5707
-7.6715
-7.7627
-7.8407
-7.9071
-7.9647
-8.0367
-8.1043
-8.1431
-8.1944
-8.2576
-8.3277
-8.3948
-8.4529
-8.5031
-8.5563
-8.5888
-8.6416
-8.6606
-8.6660
-8.6676
-8.6671
-8.6695
-8.6800
-8.6905
-8.7012
-8.7100
-8.7206
-8.7322
-8.7346
-8.7313
-8.7285
-8.7284
-8.7291
-8.7305
-8.7340
-8.7388
-8.7464
-8.7559
