-1.8850
-1.9446
-2.0147
-2.0572
-2.0662
-1.9081
-1.8519
-1.8355
-1.8393
-1.9086
-1.9153
-1.8141
-1.8762
-1.9123
-1.8059
-1.8216
-1.8650
-1.8654
-1.8017
-1.5436
-1.1284
-0.6540
0.1433
0.9055
1.3576
1.6355
0.8858
1.5955
1.1201
0.7625
0.0954
-0.4086
-0.6697
-1.2856
-1.7467
-2.1070
-2.3088
-2.3450
-3.0830
-3.8538
-3.7218
-3.8735
-4.0924
-3.0973
-2.8131
-2.7741
-2.8087
-2.4754
-2.5896
-2.9534
-3.2542
-3.5819
-3.9044
-4.2704
-4.3744
-4.6144
-4.9850
-4.8476
-4.8512
-5.3711
-5.5664
-5.7543
-6.0766
-5.9505
-5.7108
-5.5388
-5.5206
-5.6461
-5.8089
-5.9459
-6.3269
-6.5098
-6.6685
-6.7342
-6.8012
-6.7312
-6.6004
-6.4458
-6.2843
-6.0739
-5.8083
-5.5926
-5.3558
-5.3464
-5.3228
-5.3247
-5.2771
-5.2677
-5.2495
-5.2558
-5.1060
-5.1453
-5.0530
-4.9881
-4.9268
-4.0960
-4.2948
-3.9379
-3.4830
-4.0427
-4.2322
-4.6487
-4.6377
-4.1707
-3.5506
-2.7009
-3.0532
-3.9217
-4.7484
-5.0454
-5.1651
-5.7995
-6.4161
-6.1491
-6.3353
-6.1740
-6.0820
-6.4460
-7.0893
-7.5995
-7.9684
-8.3661
-8.7984
-9.0259
-9.1390
-9.5825
-10.0137
-10.3352
-10.5379
-10.1584
-9.4559
-10.3726
-10.3832
-10.1657
-10.2098
-10.1763
-9.8375
-9.8409
-10.0546
-10.2006
-9.6578
-9.5662
-9.3639
-9.1302
-9.2716
-9.1914
-8.8576
-8.8670
-9.2196
-9.2211
-9.1204
-9.0026
-9.0569
-8.9497
-8.8747
-8.8500
-8.6997
-8.6876
-8.7217
-8.6548
-8.4177
-8.2773
-8.1931
-8.2979
-8.4017
-8.3947
-8.2921
-8.2387
-8.2921
-8.3614
-8.3882
-7.8945
-7.4754
-7.4790
-7.5932
-7.8168
-8.1981
-8.5585
-9.0139
-9.3101
-9.3563
-9.3617
-9.1879
-9.0297
-9.0131
-9.0898
-9.2090
-9.0470
-8.8508
-8.9280
-9.1137
-9.4076
-9.5813
-9.5430
-9.2774
-8.8452
-8.9723
-8.9777
-8.8285
-8.6374
-9.2164
-9.4206
-9.1113
-8.8874
-8.5780
-7.9579
-8.0105
-7.7678
-7.5237
-7.2404
-7.0986
-6.8024
-6.6610
-6.3619
-5.5224
-3.8072
-6.5243
-7.9367
-7.9069
-8.4238
-8.6952
-8.5454
-8.8000
-9.1018
-7.0872
-8.3836
-9.1722
-9.5392
-9.4777
-9.7019
-10.4918
-10.1502
-10.1326
-9.8826
-9.8144
-9.5578
-9.3477
-9.4146
-9.3456
-9.4502
-9.4596
-9.1885
-9.3454
-9.5454
-9.6016
-8.9357
-8.4257
-8.3638
-8.3866
-8.1153
-7.8429
-7.5082
-7.5866
-7.8089
-7.8604
-7.9811
-7.9113
-7.7182
-7.7861
-7.2084
-6.3629
-5.9891
-5.5318
-5.1038
-4.3998
-3.9401
-3.7227
-3.3110
-3.2008
-3.1843
-3.0427
-3.1753
-3.0285
-3.1743
-3.2862
-3.7373
-3.6085
-3.5133
-3.5189
-3.2989
-3.1654
-2.8110
-2.0516
-1.9843
-2.1811
-2.1044
-1.8362
-2.0538
-1.8250
-1.5771
-1.6933
-1.9584
-2.1290
-2.1822
-1.9326
-2.1728
-2.1759
-2.3548
-2.6908
-2.5441
-2.7699
-3.2939
-3.0917
-2.9365
-2.9719
-3.1476
-3.1632
-2.8830
-2.7966
-2.7634
-2.5488
-2.4179
-2.3421
-2.2034
-2.2227
-2.2525
-2.3288
-2.3725
-2.4304
-2.5422
-2.5965
-2.6781
-2.7990
-2.8873
-2.9316
-3.0038
-3.0292
-3.0293
-3.0185
-3.0138
-3.0332
-3.0875
-3.1219
-3.1311
-3.1997
-3.2484
-3.1754
-3.1348
-3.1593
-3.2968
-3.3403
-3.4790
-3.5007
-3.4906
-3.6242
-3.5578
-3.4912
-3.4920
-3.4139
-3.3671
-3.2053
-3.1294
-3.0539
-3.0621
-3.0725
-3.2972
-3.3009
-3.3561
-3.5966
-3.4325
-3.6452
-3.5259
-3.5935
-3.6607
-3.8447
-3.9103
-4.0086
-4.0178
-3.9311
-3.9094
-3.8312
-3.7196
-3.6728
-3.5401
-3.3523
-3.1974
-3.0609
