4.9175
4.9074
5.0735
5.0355
5.0220
5.0087
5.1025
5.0651
4.9847
4.7962
4.7245
4.5937
4.4601
4.3409
4.2673
4.1917
4.1323
4.0367
3.7408
3.0709
2.4704
2.0216
1.7952
1.8493
1.6452
1.3656
1.1572
1.1901
0.8609
0.0979
-0.1237
-0.0919
-0.1083
-0.1920
-0.0518
-0.2112
-0.2282
-0.9712
-0.9514
-2.4721
-3.6194
-4.7273
-4.9379
-5.7435
-6.1958
-6.3164
-6.6618
-6.5424
-6.0504
-6.0343
-5.7653
-5.1250
-4.5477
-4.5416
-4.3149
-3.7669
-3.8352
-3.7076
-3.1614
-2.6717
-2.2461
-1.9269
-1.5597
-1.1509
-1.0053
-0.8112
-0.4354
-0.2261
-0.0026
-0.0724
-0.0413
0.0541
0.1419
0.0344
-0.0115
0.2129
0.3351
0.4578
0.8204
0.9104
1.1021
1.2468
1.5054
1.6010
1.6967
1.8595
1.9633
1.9091
1.7575
1.7969
1.8098
1.6913
1.6558
1.4912
1.2149
0.6329
0.3376
0.1417
-0.6067
-1.4368
-1.7733
-1.8804
-2.4186
-3.1839
-3.9228
-4.0762
-4.0648
-4.1392
-4.4088
-4.7120
-4.7971
-4.4231
-3.8016
-3.0837
-2.6157
-2.4143
-2.1995
-2.1009
-2.0402
-2.0139
-1.9112
-1.6241
-1.2969
-0.9906
-0.7451
-0.5816
-0.4845
-0.4387
-0.3969
-0.2656
-0.3903
0.4145
0.3344
0.5494
0.8496
1.1999
1.4444
1.4499
1.6171
1.6678
1.5610
1.4052
1.1199
0.6312
0.6481
0.5942
0.2496
0.3055
0.3767
0.4067
0.4185
0.2750
0.1560
0.3034
0.3907
0.3628
0.2610
0.3408
0.3625
0.5205
0.5831
0.5410
0.5331
0.7104
0.6270
0.3494
0.2465
-0.0399
-0.3883
-0.8024
-1.2337
-1.4697
-1.8161
-2.2656
-2.6621
-2.9182
-2.5579
-2.0593
-1.2077
-0.5055
-0.1286
-0.0915
-0.4251
-0.6519
-0.3862
0.0539
0.3679
0.7615
0.8860
0.9417
1.0385
1.1553
1.7412
1.8254
1.8767
1.7899
2.6155
2.5838
2.5335
2.5255
2.9685
3.3467
3.1082
3.0752
3.5426
3.9440
3.8983
3.7795
3.3197
3.1217
3.2592
3.1264
3.2052
3.4477
2.1853
-3.4787
-1.2745
-0.6747
-0.4796
-0.4386
-0.4162
-0.3968
0.4840
0.8842
-0.6910
-0.2274
0.0562
-0.0183
0.0723
0.1840
0.3498
0.3082
0.2248
0.4613
0.6060
0.7019
0.5416
0.3474
0.3390
0.0018
-0.2010
0.2280
0.0759
0.1719
0.3209
0.5380
0.0636
-0.2658
-0.0181
0.0021
-0.0318
0.1847
0.5660
0.7709
1.6289
2.1746
2.3739
2.6011
3.2271
3.1818
2.6719
2.8930
3.3108
3.6339
3.2515
3.0034
2.6913
2.7503
2.3015
1.7561
1.5936
1.0287
0.9132
0.6307
0.9447
1.0756
1.1445
1.5549
2.0998
2.6529
2.6408
2.6421
1.8527
0.7859
0.7060
0.7068
0.1197
-0.0709
-0.0690
-0.1831
-0.9398
-0.7704
-0.9334
-1.2335
-1.8679
-2.4401
-2.4431
-2.0090
-2.3658
-3.0978
-3.1242
-3.2279
-3.0991
-3.3594
-3.2038
-3.0253
-3.0585
-3.4795
-3.8867
-4.0107
-3.8257
-3.7402
-3.7055
-3.7016
-3.8876
-4.1866
-4.5034
-4.6281
-4.5417
-4.5318
-4.4972
-4.4702
-4.5091
-4.4472
-4.3510
-4.3489
-4.4632
-4.6095
-4.7637
-5.0462
-5.3633
-5.6065
-5.7521
-5.8464
-5.8638
-5.8711
-5.8760
-5.8744
-6.0058
-5.9899
-5.9249
-5.9794
-5.9057
-5.7818
-5.6381
-5.3780
-5.2824
-5.1061
-4.8958
-4.8090
-4.5440
-4.6180
-4.4009
-4.4775
-4.3341
-4.2586
-4.2028
-3.9894
-4.0427
-3.7861
-3.9550
-3.8154
-3.7195
-3.3759
-3.0305
-3.0334
-3.2726
-3.0756
-2.9009
-2.5862
-2.4581
-2.2844
-2.3125
-2.1690
-2.1314
-2.1273
-2.1890
