3.7560
3.6700
3.5380
3.4690
3.6020
3.6330
3.7080
3.8140
3.9470
4.0250
4.1200
4.2710
4.3270
4.4440
4.6520
4.7960
4.8330
4.6240
4.7400
4.6290
4.1520
3.8330
3.6880
3.6410
3.9190
4.1040
4.1920
4.2480
4.2610
4.1690
4.1260
4.0870
4.1880
4.2170
4.0650
4.0110
4.0440
4.1000
4.1140
4.0680
3.8830
3.8360
3.6890
3.7500
3.7830
3.8340
3.6990
3.3110
3.9600
2.7820
3.4980
2.9920
2.3970
0.9090
1.2120
1.4260
4.4960
5.9760
6.0940
6.1840
6.2580
6.2510
5.9350
5.5110
5.3540
5.0840
4.6770
4.7100
4.6000
4.7260
4.8230
5.0170
5.2090
5.1960
5.2160
5.2610
5.2400
5.3310
5.2660
4.9610
5.3820
5.3610
5.2030
4.5190
3.0300
3.8620
3.9970
3.9970
3.9990
3.6740
3.1970
2.7780
2.5840
2.4330
2.3010
2.1440
2.4020
2.9110
3.0680
3.2310
3.2220
3.2340
3.3770
3.4590
3.5510
3.5220
3.5280
3.4910
3.4690
3.4330
3.4350
3.5080
3.5660
3.5640
3.4800
3.2130
2.7140
2.3630
2.2500
2.2880
2.2360
2.2150
2.2110
2.1930
2.1230
1.9910
1.8360
1.7660
1.8840
2.1740
2.5680
2.9010
3.1160
3.0450
3.2270
3.3250
3.1390
2.8180
3.3680
3.2940
2.8830
3.1570
3.2460
2.9850
3.2350
3.3250
3.1300
2.9410
2.8280
2.6110
2.5200
2.6460
2.6830
2.7660
2.6310
2.5690
2.5580
2.6610
2.8140
2.9570
3.0110
2.7990
2.6530
2.7420
2.9850
3.2890
3.7540
4.5230
5.3320
5.4590
5.4240
5.5100
5.5630
5.6260
5.7270
5.8060
5.8460
5.8480
5.8740
5.9450
6.0120
6.0940
6.1780
6.2110
6.2390
6.2780
6.3240
6.3820
6.4400
6.4870
6.5040
6.5020
6.4890
6.4410
6.3520
6.2600
6.1770
6.0850
5.9960
5.9380
5.8910
5.8070
5.7150
5.6120
5.4510
5.3100
5.2730
5.2680
5.2180
5.0470
4.6570
4.4810
3.8200
3.3170
3.0440
3.0030
3.2060
3.1390
3.1180
3.1510
3.0840
3.0370
3.0170
3.0390
3.0950
3.1880
3.2940
3.3950
3.4900
3.6050
3.6890
3.7020
3.6660
3.5770
3.4160
3.3120
3.4530
3.7900
4.0770
4.1510
4.2300
4.2940
4.3800
4.3450
4.3000
4.1060
4.4090
4.9930
4.7190
5.7000
5.9160
6.4550
6.7830
6.6380
6.5880
6.4810
6.4890
6.6380
6.6300
6.5840
6.6530
6.8640
7.0550
7.1330
7.1640
7.2100
7.2570
7.3350
7.3470
7.2810
7.0940
6.8920
6.6860
6.5470
6.4960
6.4830
6.5410
6.6470
6.5330
6.3010
6.1210
6.0440
6.0800
6.1520
6.1930
6.2440
6.2690
6.2760
6.2690
6.2610
6.1920
6.1670
6.1720
6.2000
6.2380
6.2930
6.3070
6.2940
6.2760
6.2640
6.2530
6.2260
6.1530
6.0110
5.7640
5.3700
5.0120
4.5630
4.1960
4.0590
4.0520
3.9370
3.8790
3.8500
3.7720
3.6640
3.5930
3.5240
3.4740
3.4440
3.4540
3.5320
3.6590
3.7980
3.9290
4.0780
4.2200
4.3950
4.5740
4.7680
4.9600
5.1500
5.2930
5.3860
5.4610
5.5660
5.6430
5.6960
5.7660
5.8810
5.9330
5.9740
6.0010
6.0580
6.1040
6.1000
6.0730
6.0250
6.0740
6.0760
6.0410
5.8850
5.8320
5.7410
5.6340
5.3710
5.2500
5.1210
5.0780
5.1810
5.1650
4.9700
4.9310
4.8630
4.8550
4.8320
4.9060
4.9560
4.9550
4.9250
4.8020
4.7090
4.6010
4.4580
4.3950
4.3400
4.2570
