-8.7685
-18.0780
4.0728
-31.3040
-1.1199
19.2840
8.3511
0.9117
25.2580
21.5060
21.9670
29.7380
17.2650
0.1090
10.4290
27.0410
25.3880
23.0110
16.0220
7.5603
4.9089
6.4730
6.3890
-12.1460
-12.5530
-18.9820
-15.1090
0.0642
5.2303
7.9086
0.7530
-2.7343
-1.9611
-1.0852
-2.8171
-5.5280
-7.6557
-11.6960
-17.5190
-35.2000
-58.7680
-66.0710
-91.0490
-91.6910
-96.6800
-100.7800
-112.7400
-136.3000
-145.1800
-104.1800
-106.8500
-117.9800
-116.4600
-104.0500
-57.5730
-42.0930
-41.7100
-3.1068
2.3580
30.1310
59.2380
69.8680
100.7400
101.1700
92.0720
85.7580
116.6700
126.0800
159.5700
161.5300
167.3900
151.2700
148.1100
170.6600
173.9000
181.4600
194.7900
221.8500
236.5100
246.6800
237.8900
244.1700
250.9300
269.0000
292.4700
264.4300
261.9900
222.4800
183.6900
171.5300
181.3500
210.3100
226.0400
229.1500
223.3400
213.5000
232.5100
253.6100
267.6400
275.5500
272.4900
274.8700
277.1400
284.6200
289.4100
291.7400
296.9600
298.5400
302.8200
306.9800
314.3900
347.8400
378.3000
392.3600
403.9100
404.7400
415.7900
429.1500
448.9500
464.6800
470.2400
478.7800
490.1100
499.7600
513.3900
525.1300
536.6000
542.1400
545.3200
550.1200
556.7900
565.6500
573.9700
582.2900
593.2800
583.9700
575.9600
582.7600
565.2600
573.8800
583.5100
569.7800
561.8000
556.2100
551.0500
550.6000
551.5700
552.1500
545.1100
544.1700
545.7900
542.9200
537.5500
530.0500
522.3200
518.0800
520.8100
526.1300
529.3400
544.3400
554.7500
561.2400
564.7900
563.2900
568.9800
573.4800
584.2700
592.5000
595.3500
603.9900
609.3200
613.6700
622.7300
628.7000
634.1500
639.1300
642.8500
651.6200
657.6500
664.9600
671.7800
678.7700
685.3100
653.2700
627.0300
620.9900
624.4400
638.4600
638.5900
630.4900
610.1200
601.5800
603.1200
602.2000
601.1400
620.7200
625.0500
623.5600
617.9700
615.2800
618.8400
624.6900
635.4800
635.8400
634.6700
637.7400
637.8100
666.9400
695.9300
705.9600
708.9700
705.9600
712.0100
726.8600
747.8700
762.4900
765.0000
768.3600
773.2600
770.0300
775.1300
779.8900
780.8300
779.5900
776.1500
773.1100
769.6100
770.2500
769.4000
765.4700
762.9600
735.6400
711.4700
702.2600
697.4900
698.8400
691.3500
679.1500
663.4300
649.7100
646.3000
641.6200
635.4500
629.4700
614.6200
601.9600
596.2900
596.1000
593.4400
597.3600
593.2100
598.2600
599.1400
606.4600
613.4300
642.8600
667.5800
683.0600
697.3900
706.6100
724.4700
742.4500
766.9600
785.9400
799.0500
813.2900
826.5700
823.5900
830.5400
842.8500
854.4300
866.0400
875.9100
882.8900
881.5500
884.9700
890.0200
894.7700
901.3400
876.0300
849.1300
840.2100
836.4700
841.3200
833.4200
822.3200
800.9800
789.0000
790.1900
790.7200
792.4500
803.2600
801.7700
797.8000
794.9900
794.5100
797.3800
800.9600
806.9200
804.0000
801.8700
803.2700
802.7200
827.8200
850.5200
857.3300
859.3500
855.4400
858.7100
866.4500
880.9600
887.7000
886.0500
884.5400
883.9000
866.9700
862.9000
862.0600
860.5100
858.9200
853.9100
846.5200
834.4000
827.9400
823.0700
813.8500
809.2000
787.2600
762.4000
747.9500
737.0100
730.1300
716.2400
698.3400
677.5200
662.0200
651.9800
642.1600
634.4400
630.9600
627.6500
622.3100
611.8800
611.6600
610.7600
617.9000
620.0500
625.4400
627.1700
635.6200
644.5100
668.9600
685.4400
694.2100
694.6800
700.3500
702.6900
713.7300
727.3400
734.2600
744.3600
751.0800
758.3200
756.1700
756.4100
758.8200
768.4100
775.4700
779.8000
781.5800
772.5800
776.7100
778.7200
778.7500
781.9400
750.5700
722.3600
