5.1595
5.0237
4.8143
4.7037
4.9159
4.9639
5.0839
5.2525
5.4629
5.5859
5.7381
5.9765
6.0662
6.2521
6.5816
6.8105
6.8683
6.5365
6.7210
6.5458
5.7882
5.2819
5.0520
4.9779
5.4182
5.7115
5.8510
5.9408
5.9614
5.8144
5.7465
5.6856
5.8449
5.8917
5.6500
5.5641
5.6162
5.7050
5.7286
5.6553
5.3615
5.2861
5.0530
5.1505
5.2030
5.2841
5.0686
4.4531
5.4836
3.6139
4.7507
3.9472
3.0027
0.6427
1.1225
1.4619
6.3337
8.6821
8.8699
9.0128
9.1301
9.1184
8.6171
7.9451
7.6952
7.2673
6.6212
6.6735
6.4991
6.6985
6.8527
7.1610
7.4654
7.4444
7.4763
7.5484
7.5147
7.6589
7.5565
7.0720
7.7401
7.7068
7.4557
6.3703
4.0080
5.3285
5.5417
5.5429
5.5459
5.0303
4.2725
3.6085
3.2996
3.0602
2.8515
2.6025
3.0106
3.8184
4.0676
4.3265
4.3124
4.3307
4.5591
4.6892
4.8348
4.7880
4.7980
4.7397
4.7042
4.6477
4.6512
4.7657
4.8587
4.8548
4.7222
4.2980
3.5064
2.9492
2.7698
2.8298
2.7484
2.7140
2.7079
2.6801
2.5685
2.3586
2.1139
2.0019
2.1887
2.6495
3.2741
3.8037
4.1448
4.0308
4.3211
4.4764
4.1807
3.6719
4.5435
4.4264
3.7747
4.2090
4.3506
3.9369
4.3337
4.4761
4.1671
3.8673
3.6866
3.3434
3.1980
3.3992
3.4574
3.5895
3.3739
3.2761
3.2581
3.4223
3.6656
3.8915
3.9776
3.6418
3.4094
3.5508
3.9357
4.4185
5.1564
6.3768
7.6600
7.8622
7.8064
7.9437
8.0279
8.1273
8.2870
8.4126
8.4763
8.4795
8.5203
8.6335
8.7400
8.8697
9.0036
9.0552
9.0996
9.1619
9.2354
9.3272
9.4191
9.4939
9.5199
9.5176
9.4966
9.4198
9.2796
9.1328
9.0013
8.8557
8.7148
8.6226
8.5471
8.4136
8.2688
8.1056
7.8501
7.6253
7.5677
7.5588
7.4799
7.2078
6.5895
6.3110
5.2616
4.4630
4.0296
3.9642
4.2866
4.1800
4.1469
4.1999
4.0940
4.0192
3.9865
4.0225
4.1106
4.2584
4.4260
4.5862
4.7379
4.9203
5.0533
5.0742
5.0169
4.8750
4.6195
4.4558
4.6788
5.2141
5.6691
5.7859
5.9116
6.0130
6.1498
6.0945
6.0235
5.7145
6.1963
7.1234
6.6871
8.2453
8.5865
9.4418
9.9625
9.7331
9.6534
9.4845
9.4962
9.7336
9.7195
9.6465
9.7563
10.0919
10.3945
10.5188
10.5674
10.6405
10.7146
10.8385
10.8581
10.7538
10.4566
10.1360
9.8099
9.5881
9.5082
9.4870
9.5786
9.7479
9.5661
9.1988
8.9127
8.7909
8.8477
8.9615
9.0268
9.1083
9.1473
9.1589
9.1469
9.1344
9.0257
8.9857
8.9930
9.0380
9.0986
9.1849
9.2071
9.1868
9.1583
9.1388
9.1220
9.0792
8.9628
8.7387
8.3463
7.7207
7.1532
6.4401
5.8574
5.6405
5.6292
5.4465
5.3546
5.3087
5.1850
5.0133
4.9013
4.7911
4.7119
4.6641
4.6803
4.8039
5.0054
5.2264
5.4338
5.6702
5.8967
6.1738
6.4582
6.7656
7.0697
7.3717
7.5986
7.7459
7.8659
8.0321
8.1544
8.2388
8.3499
8.5322
8.6150
8.6790
8.7221
8.8122
8.8851
8.8787
8.8360
8.7598
8.8382
8.8419
8.7863
8.5379
8.4547
8.3091
8.1399
7.7231
7.5307
7.3255
7.2583
7.4212
7.3954
7.0856
7.0250
6.9158
6.9043
6.8675
6.9842
7.0635
7.0619
7.0141
6.8193
6.6717
6.5006
6.2740
6.1745
6.0870
5.9542
