-3.0316
-3.0157
-2.9810
-2.9340
-2.9264
-2.8826
-2.8343
-2.7794
-2.7009
-2.5999
-2.4823
-2.3688
-2.2348
-2.1047
-2.0147
-2.0479
-2.1765
-2.4537
-2.2740
-2.2060
-2.0336
-1.6075
-1.1249
-0.6062
-0.0277
0.4322
0.8664
1.2820
1.6008
1.9115
2.2868
2.6288
2.8924
3.1439
3.4477
3.7283
3.9502
4.1590
4.3864
4.5742
4.7237
4.8824
5.0663
5.2489
5.4059
5.5228
5.6158
5.6785
5.3110
5.0155
4.9334
5.1360
5.0454
3.0996
2.5566
1.3510
-0.9837
-2.8923
-3.4625
-3.7830
-4.0825
-4.2873
-4.5342
-4.7950
-4.9203
-5.1073
-5.2406
-5.2297
-5.3696
-5.3984
-5.2781
-5.2011
-5.2182
-5.3317
-5.3279
-5.2011
-5.1659
-5.1278
-5.2170
-5.2071
-5.1462
-5.1974
-5.3136
-5.4356
-5.4900
-5.2425
-5.2107
-4.8954
-4.3018
-3.9695
-4.1152
-4.4382
-4.6599
-4.6383
-4.6139
-4.4956
-4.8116
-5.2546
-5.3791
-5.5263
-5.4756
-5.4768
-5.5217
-5.5017
-5.5535
-5.4365
-5.4747
-5.4676
-5.5365
-5.5021
-5.5096
-5.6316
-5.6994
-5.6518
-5.6244
-5.6911
-5.8431
-5.6627
-5.3046
-4.8789
-4.5160
-4.1353
-3.8187
-3.5525
-3.3352
-3.1903
-3.1700
-3.2404
-3.3014
-3.3734
-3.4842
-3.5915
-3.6731
-3.7777
-4.0062
-4.1594
-4.0161
-3.9024
-3.7174
-3.5543
-3.4969
-3.4575
-3.5811
-3.6157
-3.6607
-3.6984
-3.6617
-3.6595
-3.6808
-3.7585
-3.8060
-3.7261
-3.6077
-3.5964
-3.5229
-3.4383
-3.4436
-3.5650
-3.6743
-3.5365
-3.0204
-2.6324
-2.3955
-2.2784
-2.2705
-2.3405
-2.6310
-3.3559
-4.0369
-4.3304
-4.5779
-4.7577
-4.9005
-4.9103
-4.8409
-4.8169
-4.8179
-4.7792
-4.6872
-4.6016
-4.4983
-4.5027
-4.6713
-4.7827
-4.8229
-4.9378
-5.0985
-5.2164
-5.2753
-5.3434
-5.4309
-5.4729
-5.4599
-5.4180
-5.3704
-5.2925
-5.1813
-5.0300
-4.8540
-4.6989
-4.6404
-4.6361
-4.6425
-4.6663
-4.6902
-4.6791
-4.6469
-4.6330
-4.7023
-4.9769
-5.4062
-5.4087
-5.4832
-5.2411
-4.8769
-4.3990
-3.8828
-3.4910
-3.0180
-2.5874
-2.2051
-1.8393
-1.5409
-1.2878
-1.0682
-0.8644
-0.6757
-0.5031
-0.3415
-0.1830
-0.0185
0.1518
0.3004
0.4055
0.4689
0.5040
0.5964
0.7451
0.8650
0.9677
1.0754
1.1789
1.2610
1.3328
1.3905
1.4275
1.3117
0.8792
0.8188
0.3237
-0.0215
-0.4608
-0.8448
-1.1501
-1.4742
-1.8428
-2.1974
-2.6393
-3.1062
-3.5173
-3.9340
-4.3723
-4.7416
-5.0606
-5.3282
-5.5179
-5.6835
-5.8388
-5.9764
-6.1128
-6.2453
-6.3589
-6.4828
-6.5978
-6.6926
-6.7593
-6.7849
-6.7661
-6.8132
-6.9061
-6.9735
-6.9456
-6.8559
-6.7826
-6.7270
-6.6681
-6.6253
-6.6128
-6.6141
-6.6250
-6.6235
-6.6053
-6.5762
-6.5384
-6.4950
-6.4426
-6.4026
-6.3777
-6.3542
-6.3220
-6.2885
-6.2635
-6.2477
-6.2523
-6.2892
-6.3337
-6.3161
-6.2182
-6.0754
-5.8991
-5.7242
-5.4863
-5.1330
-4.7403
-4.4140
-4.0897
-3.7822
-3.5232
-3.3498
-3.2439
-3.1811
-3.1449
-3.0905
-2.9933
-2.8904
-2.8055
-2.6826
-2.5343
-2.3847
-2.2701
-2.1929
-2.1657
-2.1410
-2.0667
-2.0158
-2.0238
-2.0108
-1.9830
-1.9659
-1.9337
-2.0195
-2.1205
-2.2029
-2.2821
-2.2899
-2.3704
-2.4837
-2.5095
-2.5113
-2.5601
-2.5580
-2.5621
-2.6054
-2.6333
-2.8061
-3.1148
-3.2814
-3.4848
-3.7008
-3.8688
-3.9777
-4.0887
-4.0937
-4.1934
-4.2919
-4.3662
-4.4746
-4.4503
-4.3972
-4.2586
-4.1285
-3.9026
-3.5271
-3.0999
-2.8055
-2.5965
-2.4449
