1.1008
1.1542
1.2471
1.3158
1.9236
2.2169
2.4368
2.6919
2.8895
3.1543
3.3991
3.6626
3.6724
3.8588
4.0011
4.2523
4.2851
4.0813
4.2592
4.1969
3.7856
3.5379
3.4911
3.5443
4.0376
4.4193
4.5872
4.7648
4.8479
4.8159
4.8907
4.9872
5.1459
5.2063
5.1076
5.0936
5.0875
5.1831
5.3154
5.2915
4.9239
4.9294
4.7295
4.9092
5.0131
5.1366
4.9773
4.2537
5.4742
3.3916
4.4689
3.7944
2.9545
0.6364
-1.1154
0.5257
-2.1568
-3.1994
-2.9803
-3.6275
-3.1506
-3.3124
-3.9285
-4.3487
-4.1060
-4.1391
-3.7205
-3.8700
-2.8934
-2.9264
-3.7219
-4.5410
-5.0769
-4.9804
-4.9130
-5.0405
-5.0183
-4.9562
-4.8820
-4.3506
-5.2251
-5.1336
-4.3767
-3.3330
-2.1940
-3.1137
-2.8632
-2.9828
-3.2392
-2.9947
-1.8272
-0.5998
0.4881
0.6624
0.8824
0.8689
1.5117
2.1606
2.2512
2.4276
2.2883
2.3319
2.5588
2.6308
2.8752
2.8332
3.0078
3.0147
3.0529
2.9947
3.0415
3.2242
3.3457
3.3694
3.3413
3.1334
2.6904
2.3265
2.1717
2.1621
2.0755
2.0252
1.9674
1.8729
1.6796
1.3450
0.8003
0.0150
-0.8159
-1.6297
-2.3982
-2.9199
-3.2560
-3.3915
-3.5677
-3.4400
-2.8886
-2.3153
-3.4235
-3.2671
-2.6735
-3.1926
-3.1659
-2.9175
-3.5314
-3.5676
-3.3633
-3.3260
-3.3692
-3.2650
-3.1980
-3.3846
-3.4488
-3.5818
-3.3718
-3.2694
-3.2011
-3.2425
-3.2594
-3.1793
-2.9200
-2.5033
-2.2634
-2.3072
-2.5009
-2.6291
-2.8554
-2.3994
-1.9673
-2.0619
-1.6377
-1.5341
-1.5098
-1.4000
-1.1681
-0.8881
-0.6691
-0.5959
-0.6207
-0.6073
-0.5321
-0.3629
-0.1198
0.1463
0.3719
0.5001
0.5650
0.5687
0.5435
0.5738
0.6673
0.7936
0.9486
1.1644
1.4026
1.5963
1.7718
1.9883
2.2445
2.5051
2.7329
2.9812
3.2847
3.5298
3.7320
3.9365
4.1435
4.2796
4.3184
4.1498
3.6946
3.5234
2.9741
2.5294
2.3018
2.2837
2.5114
2.4009
2.2683
2.2181
2.0324
1.8556
1.6325
1.4297
1.2510
1.0893
0.9580
0.8667
0.8122
0.7883
0.8202
0.9337
1.0282
0.9718
0.6624
0.2318
-0.0788
-0.2906
-0.1664
-0.0399
0.1426
0.3746
0.6497
0.8532
0.9723
0.5802
-0.0201
-1.4167
-1.7863
-2.4269
-2.8306
-3.6912
-4.1331
-4.3873
-4.4491
-4.5038
-4.5180
-4.7507
-4.5628
-4.4038
-4.2952
-4.3794
-4.3864
-4.2098
-4.0778
-4.0181
-3.8975
-3.8253
-3.7549
-3.7251
-3.6406
-3.5786
-3.4871
-3.4277
-3.4249
-3.4804
-3.5254
-3.5789
-3.5449
-3.5033
-3.4737
-3.5357
-3.6440
-3.8259
-3.9123
-3.9685
-4.0698
-4.1840
-4.2845
-4.2963
-4.2588
-4.2842
-4.3173
-4.3511
-4.3799
-4.3808
-4.3678
-4.3844
-4.3830
-4.3332
-4.3001
-4.2815
-4.2725
-4.2520
-4.1473
-3.9049
-3.6733
-3.3891
-3.1689
-3.1218
-3.1045
-3.1076
-3.0686
-3.1456
-3.2422
-3.2681
-3.3524
-3.4629
-3.6142
-3.7629
-3.9658
-4.2445
-4.5552
-4.8198
-5.0362
-5.2876
-5.5287
-5.8077
-6.0838
-6.3682
-6.6448
-6.9302
-7.1360
-7.2565
-7.3654
-7.5269
-7.6403
-7.7196
-7.8107
-7.9730
-8.0608
-8.1485
-8.2005
-8.2670
-8.3394
-8.2871
-8.2395
-8.1013
-8.0680
-7.9270
-7.7437
-7.4114
-7.1805
-6.8712
-6.6780
-6.2453
-6.0158
-5.8416
-5.7669
-5.7936
-5.5045
-5.1855
-5.2320
-5.0786
-4.9435
-4.8820
-4.8613
-4.7783
-4.6354
-4.4885
-4.3180
-4.1199
-3.9903
-3.8362
-3.7755
-3.7533
-3.6663
