5.0407
4.8893
4.6500
4.5159
4.5240
4.4414
4.4619
4.5103
4.6362
4.6101
4.6230
4.7227
4.8283
4.9192
5.2258
5.3198
5.3676
5.1058
5.1991
5.0233
4.3786
3.9220
3.6516
3.4953
3.6131
3.6182
3.6321
3.5483
3.4694
3.2579
3.0171
2.7302
2.7717
2.7579
2.4154
2.2394
2.3787
2.3838
2.1362
1.9955
2.1215
1.9089
1.7789
1.5579
1.3928
1.2401
0.9575
1.3176
-0.3206
-1.2479
1.6118
1.0876
-0.5361
-0.0898
0.1259
-1.3641
-5.9552
-8.0711
-8.3542
-8.2505
-8.5692
-8.4955
-7.6695
-6.6493
-6.5082
-5.9733
-5.4771
-5.4368
-5.8195
-6.0254
-5.7539
-5.5371
-5.4733
-5.5330
-5.6354
-5.6189
-5.5935
-5.8391
-5.7678
-5.5754
-5.7103
-5.7481
-6.0359
-5.4289
-3.3541
-4.3241
-4.7447
-4.6719
-4.5017
-4.0418
-3.8621
-3.5583
-3.2633
-2.9877
-2.7116
-2.4531
-2.6035
-3.1483
-3.3878
-3.5813
-3.6551
-3.6493
-3.7734
-3.8817
-3.8869
-3.8597
-3.7382
-3.6574
-3.5791
-3.5543
-3.5189
-3.5094
-3.5233
-3.4952
-3.3369
-2.9419
-2.2486
-1.8125
-1.7191
-1.8257
-1.8016
-1.8067
-1.8606
-1.9171
-1.9432
-1.9375
-1.9566
-2.0018
-2.0310
-2.0889
-2.2291
-2.4377
-2.5647
-2.1782
-2.4379
-2.8644
-3.0223
-2.8500
-2.9872
-2.9865
-2.6647
-2.7428
-2.9841
-2.6433
-2.5120
-2.7033
-2.4603
-1.9731
-1.4966
-0.7197
-0.0111
0.3154
0.2430
0.2345
0.1206
0.2097
0.6072
1.0945
1.6772
2.2441
2.7009
2.6450
2.5497
2.6991
3.0389
3.5512
4.2935
5.9081
7.4031
7.5870
7.6327
7.7941
7.8847
8.0058
8.2043
8.3656
8.4499
8.4586
8.4977
8.6121
8.7238
8.8623
9.0028
9.0540
9.0920
9.1483
9.2181
9.3099
9.4034
9.4765
9.4965
9.4845
9.4491
9.3476
9.1730
8.9922
8.8252
8.6296
8.4208
8.2507
8.0984
7.8678
7.5884
7.2967
6.9063
6.5306
6.3326
6.2305
6.1074
5.8934
5.4563
5.2359
4.3404
3.6771
3.3075
3.2403
3.4738
3.4217
3.4716
3.5664
3.5539
3.5652
3.6369
3.7598
3.9156
4.1168
4.3211
4.5036
4.6678
4.8567
4.9863
4.9876
4.9104
4.7772
4.5718
4.4498
4.6782
5.2060
5.6667
5.7857
5.9099
6.0014
6.1154
6.0345
5.9445
5.6850
6.1963
6.9811
6.4441
7.8800
8.1065
8.6904
9.0646
8.6882
8.5670
8.3469
8.3526
8.4955
8.5819
8.5826
8.7599
9.0921
9.4236
9.6397
9.7489
9.8526
9.9806
10.1410
10.1882
10.0880
9.8023
9.4832
9.1692
8.9545
8.8699
8.8256
8.9062
9.0672
8.8850
8.5056
8.2079
8.0485
8.0624
8.1038
8.1349
8.1983
8.1921
8.1473
8.0814
8.0610
7.9577
7.8987
7.8890
7.9217
7.9750
8.0729
8.1051
8.0730
8.0414
8.0462
8.0449
8.0063
7.8789
7.6344
7.2430
6.6604
6.1380
5.4762
4.9261
4.6978
4.6957
4.4730
4.3880
4.2765
4.0462
3.8017
3.5754
3.3110
3.0232
2.7558
2.4855
2.2498
2.0747
2.0211
2.0403
2.0476
2.0506
2.0943
2.1670
2.2846
2.4139
2.5128
2.6108
2.7096
2.7612
2.8036
2.8496
2.8785
2.9518
3.0379
3.0399
2.9879
2.9712
3.0515
3.0656
3.1867
3.1916
3.3322
3.6084
3.9168
4.1514
4.2386
4.4634
4.6719
4.6543
4.5433
4.5301
4.4202
4.4074
4.6377
4.9388
4.8287
4.6880
4.6942
4.8199
4.8300
5.0147
5.2020
5.3276
5.3899
5.2780
5.2478
5.1318
4.9645
4.8857
4.7922
4.6916
