4.3640
4.3770
4.5420
4.6010
4.7160
4.7540
4.8500
4.9240
4.9830
5.0320
4.9520
4.9250
4.8950
4.8580
4.8260
4.8480
4.8500
4.7400
4.4420
4.2340
3.9020
3.3970
3.0240
2.7750
2.6380
2.7180
2.7450
2.6460
2.5330
2.4730
2.4180
2.3530
2.2690
2.2420
2.2550
2.3350
2.4680
2.6000
2.7210
2.8510
2.9900
3.1460
3.3340
3.5330
3.7010
3.8640
4.1120
4.3890
4.6370
4.8670
5.0460
5.1860
5.3420
5.4450
5.4980
5.5340
5.5900
5.5970
5.6470
5.7260
5.7740
5.8050
5.8590
5.7960
5.7470
5.6830
5.7170
5.6930
5.7280
5.6700
5.6310
5.6310
5.5910
5.6100
5.5940
5.6120
5.6280
5.6430
5.6560
5.6790
5.5960
5.5360
5.4940
5.4760
5.4710
5.4750
5.5700
5.5600
5.5050
5.5130
5.5780
5.7030
5.7450
5.7550
5.7590
5.7650
5.7280
5.7730
5.8600
5.8940
5.9030
5.9060
5.8650
5.8220
5.7940
5.8260
5.8320
5.8230
5.8140
5.8370
5.8660
5.9020
5.8750
5.7260
5.6450
5.3120
4.7640
4.7020
4.7580
4.8420
4.8800
4.8840
4.8380
4.7810
4.7010
4.6040
4.5300
4.4920
4.4540
4.4000
4.3130
4.2270
4.1480
4.0850
4.0160
3.9630
3.9480
3.9440
3.9610
3.9950
4.0080
4.0570
4.0820
4.1310
4.1800
4.2460
4.3570
4.5280
4.7530
4.9870
5.2450
5.4900
5.6570
5.7920
5.8750
5.8210
5.7990
5.8030
5.7450
5.7630
5.7310
5.7990
5.8470
5.9050
6.0440
6.1540
6.1730
6.1080
6.0690
6.0750
6.0370
6.2430
6.3110
6.3260
6.4280
6.4340
6.3940
6.3840
6.3530
6.2790
6.2480
6.1730
6.1010
6.0630
6.0620
6.0870
6.1960
6.2740
6.3080
6.3110
6.3320
6.4350
6.4980
6.5070
6.4590
6.4430
6.4690
6.4910
6.4740
6.4630
6.4430
6.4440
6.4460
6.3930
6.3450
6.3200
6.3360
6.3050
6.2060
5.9840
5.7720
5.4840
5.1360
5.1910
5.2730
5.3090
5.3330
5.2580
5.1860
5.0910
4.9790
4.8600
4.7400
4.6180
4.5130
4.4400
4.3810
4.3240
4.2890
4.2600
4.2510
4.2620
4.3060
4.3530
4.3640
4.3440
4.3210
4.3120
4.3260
4.3930
4.4920
4.5970
4.7170
4.8680
5.0050
5.1450
5.2630
5.3310
5.4650
5.6300
5.6620
5.7500
5.7670
5.7020
5.6890
5.7580
5.8250
5.9060
5.9700
6.0660
6.2230
6.2660
6.3210
6.3740
6.4050
6.4680
6.4510
6.4560
6.4730
6.4820
6.4870
6.4940
6.4720
6.5040
6.5110
6.5430
6.6210
6.6150
6.5710
6.5860
6.5570
6.4520
6.4710
6.3870
6.3170
6.2170
6.1570
6.1870
6.1580
6.0680
5.9980
5.9970
5.9880
5.9760
5.9930
6.0050
6.0830
6.1270
6.0980
6.0820
6.0580
5.9800
5.9810
5.9470
5.7940
5.5050
5.3690
5.0050
4.4540
4.0510
4.1110
4.1980
4.1380
3.9870
3.7990
3.6380
3.5770
3.5380
3.4870
3.3980
3.3290
3.2580
3.1910
3.1710
3.1340
3.0630
2.9890
2.9280
2.8780
2.8600
2.8610
2.8600
2.8550
2.8420
2.8080
2.7490
2.6580
2.5440
2.4340
2.2610
2.2090
2.0670
2.0160
2.0540
2.1270
2.1160
2.5740
2.8350
3.3770
3.8580
4.3860
4.7420
4.3340
4.8780
5.6200
5.6630
5.6700
5.6240
5.4240
5.9710
6.0350
6.2990
6.2690
6.3000
6.1150
6.6270
6.5680
6.3230
6.2420
6.3670
6.4200
6.3970
6.2920
6.3490
6.3290
6.2150
6.3850
