608.8700
625.7300
631.6400
617.4100
668.4800
651.5500
656.4900
662.9200
661.6000
663.0300
669.5500
689.9900
685.7900
690.6100
699.1300
710.9700
736.0900
744.6400
747.1500
742.8800
743.6600
745.2400
764.0700
772.4600
772.6900
768.7900
769.2300
775.2000
788.7000
793.6300
794.8400
792.7300
792.6500
796.6400
801.3600
809.4400
811.1400
807.5500
810.3100
802.8400
799.1500
800.3000
799.8300
798.5800
794.8500
788.9200
781.1600
776.1300
775.1100
770.4900
766.4300
759.1700
746.0500
739.7000
735.1100
732.7800
726.0200
720.7300
712.6500
711.3300
713.6200
712.5900
710.8600
721.4900
724.5000
733.9900
741.0700
750.3400
759.9000
770.2000
777.8400
786.5200
796.5300
805.9500
812.6300
821.7800
837.4500
846.3100
855.2400
861.4600
874.2600
886.3500
900.6600
906.6900
914.4400
925.0000
925.3700
899.7300
879.8400
875.1000
878.0200
886.5400
886.5600
877.6600
857.4300
850.3500
854.5000
853.3300
852.8200
858.9200
855.3400
853.1100
852.2200
855.5000
858.7700
858.0400
860.7600
858.2900
859.6700
861.0100
863.5000
889.5000
909.6400
915.5000
918.2200
914.9600
920.1600
929.1600
946.9100
953.5700
953.5500
954.3100
953.8400
954.4300
963.8500
963.5500
960.3000
955.1300
951.5400
951.1700
951.4700
953.2800
948.9800
943.8000
939.8700
916.6500
894.7900
883.1400
873.0400
867.9700
856.1500
838.6100
817.7300
806.8700
799.1400
787.5200
778.5400
770.9200
753.4400
746.1000
741.9200
735.3100
732.2100
726.0100
718.4400
708.2600
713.4600
709.1000
710.1300
728.7000
739.4800
744.1700
753.0400
751.2100
754.2200
766.4800
782.9800
791.3100
794.7200
799.6200
808.0900
799.2100
809.9400
813.9400
817.0800
816.5200
821.0500
825.8600
824.1200
832.3700
832.8200
838.2100
845.7900
812.0700
780.2800
771.1000
766.5400
772.1700
763.9500
745.1600
718.5000
699.2300
694.6500
685.4900
679.3600
678.9000
664.4500
655.8000
649.2000
642.7000
638.2500
632.4700
630.5400
623.2100
620.6700
619.8500
614.6300
645.5500
672.5000
676.2300
677.0500
666.3600
668.3300
675.9000
692.4900
695.2100
687.7300
684.0400
678.5500
672.5300
673.9500
670.8500
666.6100
660.2800
654.5600
649.5900
642.9200
640.6400
632.0100
624.9100
619.7500
588.7500
563.7700
550.5100
537.9700
531.0100
517.6900
498.4200
473.3600
456.2100
445.5200
433.4000
425.7400
425.2600
420.0500
411.7600
404.9700
398.1000
391.5300
385.0800
383.0300
379.6200
381.2200
378.9900
376.7700
402.7400
421.0300
427.2600
439.9600
447.4000
456.6300
470.1800
499.9300
508.4500
515.6900
524.3800
532.5100
529.0800
544.2000
546.7700
552.0800
559.8200
560.4000
563.7300
566.2900
574.0800
575.3600
577.4400
580.5800
538.1300
506.5400
499.5500
495.9100
505.6000
497.3100
482.0700
454.4000
438.2100
439.5000
434.5800
432.2500
438.4900
430.1600
426.1400
418.8900
414.9500
412.0800
408.5500
412.1400
406.1900
402.9600
405.4200
402.0500
437.3200
466.0300
472.5000
475.3500
467.7700
474.8600
491.1200
514.5900
522.9900
521.1800
522.8300
520.9200
511.0400
513.9100
513.6200
512.0200
508.3000
502.4800
495.3300
489.7200
489.9800
483.9000
475.7500
470.3200
438.2800
407.0500
393.0500
381.1400
375.7400
363.7300
343.2200
318.5300
303.3500
291.3700
278.0900
268.7700
275.5400
259.9300
259.7100
243.3900
242.1000
226.3500
232.9600
218.2700
224.1900
217.3000
202.0900
207.4900
233.0400
268.7300
302.8700
293.5300
303.4900
337.0500
363.8600
419.4800
400.4400
415.3000
414.9100
440.1200
423.9300
450.5000
425.7900
436.4900
460.4300
470.5700
469.9500
463.3600
468.0900
468.3100
471.3100
465.2000
436.4400
396.9100
