6.1244
6.1450
6.4077
6.5014
6.6833
6.7435
6.8957
7.0139
7.1071
7.1840
7.0576
7.0140
6.9667
6.9086
6.8578
6.8929
6.8963
6.7205
6.2477
5.9178
5.3914
4.5901
3.9988
3.6038
3.3852
3.5134
3.5549
3.3991
3.2188
3.1246
3.0369
2.9341
2.8007
2.7575
2.7775
2.9057
3.1160
3.3257
3.5177
3.7231
3.9449
4.1916
4.4901
4.8062
5.0719
5.3311
5.7240
6.1643
6.5578
6.9231
7.2066
7.4292
7.6761
7.8397
7.9245
7.9811
8.0695
8.0810
8.1598
8.2857
8.3624
8.4111
8.4966
8.3975
8.3184
8.2168
8.2717
8.2329
8.2884
8.1976
8.1358
8.1344
8.0710
8.1020
8.0763
8.1044
8.1309
8.1535
8.1740
8.2118
8.0794
7.9844
7.9181
7.8888
7.8810
7.8868
8.0388
8.0226
7.9349
7.9473
8.0503
8.2487
8.3154
8.3325
8.3379
8.3475
8.2883
8.3601
8.4977
8.5519
8.5671
8.5715
8.5071
8.4379
8.3933
8.4449
8.4540
8.4402
8.4250
8.4626
8.5083
8.5646
8.5228
8.2856
8.1574
7.6292
6.7594
6.6603
6.7500
6.8824
6.9432
6.9500
6.8772
6.7862
6.6592
6.5061
6.3875
6.3269
6.2671
6.1813
6.0440
5.9075
5.7817
5.6822
5.5725
5.4877
5.4643
5.4579
5.4845
5.5384
5.5603
5.6367
5.6765
5.7555
5.8322
5.9371
6.1132
6.3845
6.7416
7.1126
7.5233
7.9116
8.1770
8.3905
8.5228
8.4372
8.4009
8.4086
8.3155
8.3450
8.2945
8.4016
8.4770
8.5691
8.7897
8.9642
8.9952
8.8918
8.8297
8.8388
8.7785
9.1064
9.2143
9.2378
9.3998
9.4085
9.3463
9.3300
9.2813
9.1629
9.1139
8.9956
8.8806
8.8205
8.8192
8.8586
9.0313
9.1551
9.2086
9.2144
9.2468
9.4104
9.5111
9.5243
9.4492
9.4232
9.4652
9.4995
9.4735
9.4545
9.4241
9.4252
9.4287
9.3443
9.2685
9.2279
9.2542
9.2050
9.0482
8.6944
8.3581
7.9019
7.3495
7.4375
7.5674
7.6241
7.6621
7.5431
7.4289
7.2789
7.1001
6.9117
6.7213
6.5283
6.3606
6.2454
6.1523
6.0612
6.0059
5.9590
5.9458
5.9624
6.0326
6.1069
6.1248
6.0921
6.0564
6.0418
6.0639
6.1701
6.3269
6.4948
6.6851
6.9249
7.1417
7.3643
7.5507
7.6591
7.8719
8.1335
8.1841
8.3246
8.3504
8.2474
8.2263
8.3369
8.4425
8.5709
8.6736
8.8249
9.0740
9.1421
9.2298
9.3143
9.3629
9.4634
9.4368
9.4444
9.4717
9.4849
9.4937
9.5045
9.4690
9.5198
9.5311
9.5826
9.7067
9.6958
9.6273
9.6506
9.6049
9.4383
9.4676
9.3352
9.2228
9.0650
8.9695
9.0168
8.9719
8.8290
8.7168
8.7158
8.7010
8.6827
8.7102
8.7292
8.8524
8.9216
8.8761
8.8501
8.8129
8.6892
8.6901
8.6360
8.3935
7.9349
7.7187
7.1416
6.2680
5.6274
5.7230
5.8609
5.7667
5.5271
5.2286
4.9720
4.8763
4.8134
4.7331
4.5919
4.4821
4.3689
4.2627
4.2311
4.1730
4.0595
3.9425
3.8457
3.7658
3.7383
3.7402
3.7375
3.7306
3.7089
3.6557
3.5613
3.4167
3.2373
3.0617
2.7883
2.7044
2.4803
2.3983
2.4593
2.5744
2.5573
3.2847
3.6987
4.5577
5.3220
6.1599
6.7251
6.0776
6.9400
8.1175
8.1856
8.1968
8.1241
7.8063
8.6739
8.7759
9.1956
9.1470
9.1970
8.9030
9.7151
9.6215
9.2333
9.1040
9.3029
9.3868
9.3509
9.1847
9.2747
9.2422
9.0613
9.3307
