2.1340
2.0687
2.0328
1.9726
1.8798
1.8080
1.7958
1.7678
1.7319
1.6782
1.6152
1.5599
1.4881
1.4148
1.3685
1.3294
1.2968
1.2105
0.8691
0.7618
0.6344
0.6124
0.7775
1.0609
1.4550
1.9518
2.3361
2.6646
2.9976
3.4034
3.7385
3.9434
4.0944
4.2533
4.3691
4.4024
4.3454
4.2707
4.2477
4.2498
4.2115
4.1723
4.1794
4.2809
4.4430
4.5690
4.5291
4.5452
4.6183
4.6794
4.6864
4.6433
4.6274
4.6373
4.6426
4.6176
4.5319
4.4037
4.2339
4.0875
3.9235
3.7676
3.6448
3.3810
3.0827
2.7518
2.3592
1.9402
1.4914
1.0836
0.7389
0.4520
0.2562
0.0860
-0.0768
-0.2176
-0.3214
-0.4115
-0.4902
-0.5540
-0.6233
-0.6976
-0.7851
-0.8649
-0.9234
-0.9730
-1.0159
-1.0721
-1.1193
-1.1608
-1.1993
-1.2415
-1.2804
-1.3014
-1.2990
-1.2897
-1.2805
-1.2644
-1.2492
-1.2439
-1.2369
-1.2326
-1.2344
-1.2415
-1.2483
-1.2519
-1.2644
-1.2767
-1.2881
-1.2969
-1.3062
-1.3327
-1.3764
-1.4390
-1.4826
-1.4641
-1.3703
-1.1690
-0.8609
-0.4872
-0.1189
0.2119
0.5203
0.8399
1.1443
1.4112
1.6588
1.9083
2.1434
2.3799
2.6227
2.8549
3.0738
3.2729
3.4569
3.6279
3.7850
3.9276
4.0656
4.1875
4.2880
4.3715
4.4451
4.4982
4.5245
4.5199
4.4797
4.3863
4.2505
4.0848
3.8882
3.6722
3.4519
3.2185
2.9649
2.7540
2.5435
2.3057
2.0206
1.6964
1.3740
1.0489
0.7095
0.3710
0.0596
-0.2004
-0.4195
-0.6157
-0.7668
-0.9225
-1.0612
-1.1111
-1.1477
-1.2231
-1.2695
-1.3218
-1.3783
-1.4459
-1.5057
-1.5730
-1.6347
-1.7001
-1.7590
-1.8004
-1.8197
-1.8251
-1.8207
-1.8356
-1.8705
-1.8979
-1.9181
-1.9290
-1.9392
-1.9619
-1.9899
-2.0007
-1.9880
-1.9912
-2.0087
-2.0232
-2.0439
-2.0496
-2.0472
-2.0456
-2.0399
-2.0282
-2.0142
-2.0368
-2.0835
-2.1337
-2.0518
-1.9025
-1.6673
-1.3821
-1.0372
-0.6906
-0.3482
-0.0071
0.3349
0.6164
0.8891
1.1868
1.5279
1.8718
2.1716
2.4323
2.6706
2.9001
3.1292
3.3719
3.6072
3.8223
4.0121
4.1780
4.3264
4.4647
4.5978
4.7273
4.8513
4.9576
5.0331
5.0700
5.0655
5.0131
4.9175
4.8045
4.6769
4.5307
4.3419
4.1010
3.8599
3.6254
3.3634
3.0323
2.6787
2.3683
2.0660
1.7349
1.3960
1.0655
0.7510
0.4581
0.1994
-0.0422
-0.2056
-0.3490
-0.4627
-0.5522
-0.6301
-0.6964
-0.7406
-0.7924
-0.8366
-0.8735
-0.8985
-0.9386
-0.9921
-1.0341
-1.0739
-1.1010
-1.1446
-1.1739
-1.1820
-1.1753
-1.1522
-1.1423
-1.1255
-1.1065
-1.1289
-1.1529
-1.1786
-1.1826
-1.1674
-1.1596
-1.1282
-1.0969
-1.0522
-1.0192
-1.0207
-1.0185
-0.9996
-0.9980
-0.9799
-0.9959
-1.0226
-1.0037
-0.8665
-0.8084
-0.6174
-0.3438
0.0276
0.3961
0.7529
1.1268
1.5163
1.9398
2.4608
2.9232
3.2875
3.6259
3.9814
4.3985
4.8057
5.1095
5.3751
5.6659
5.9540
6.2116
6.4544
6.6655
6.8544
7.0417
7.2126
7.3559
7.4729
7.5645
7.6266
7.6497
7.6174
7.5297
7.3927
7.2679
7.1772
7.1768
7.1497
7.1845
7.2894
7.2848
7.1521
6.9392
6.8292
6.9288
6.7968
5.3930
4.5814
4.1944
3.8107
3.5144
3.3474
3.1561
2.8906
2.6955
2.5365
2.5403
2.5323
2.5229
2.3971
2.1385
1.8642
1.7797
1.6928
1.6112
1.5400
1.5121
1.4459
1.3589
1.3753
