-1.7006
-1.7239
-1.6639
-1.6397
-1.6413
-1.4836
-1.3322
-1.2653
-1.3089
-1.2711
-1.2590
-1.1963
-1.2412
-1.2447
-1.2973
-1.3962
-1.3753
-1.3789
-1.3224
-1.2886
-1.2215
-1.1665
-1.0537
-0.9864
-0.9515
-0.8586
-0.8680
-0.9577
-1.0808
-1.1840
-1.2999
-1.4510
-1.6397
-1.8822
-2.1422
-2.4607
-2.8228
-3.1406
-3.3983
-3.6460
-3.8927
-4.1490
-4.4404
-4.7336
-4.9638
-5.1816
-5.5311
-5.9086
-6.2418
-6.5420
-6.7808
-6.9621
-7.1298
-7.1915
-7.1854
-7.1600
-7.1150
-6.9901
-6.9079
-6.8509
-6.7266
-6.5536
-6.3506
-5.9749
-5.6012
-5.1766
-4.9068
-4.6824
-4.5748
-4.4116
-4.2151
-3.9448
-3.7143
-3.5678
-3.4603
-3.3287
-3.2271
-3.1029
-2.8925
-2.7836
-2.5830
-2.5436
-2.5748
-2.5789
-2.6226
-2.6777
-2.8827
-2.9863
-3.0010
-2.9979
-2.9825
-3.0178
-3.0253
-2.9383
-2.8889
-2.8741
-2.7737
-2.7766
-2.8406
-2.9086
-2.9304
-2.9867
-3.0079
-3.0493
-3.0385
-3.1397
-3.2327
-3.2375
-3.2421
-3.2852
-3.2982
-3.3633
-3.4233
-3.3155
-3.0708
-2.7807
-2.4168
-2.2380
-2.1107
-1.9920
-1.8932
-1.8380
-1.8408
-1.8562
-1.7245
-1.6244
-1.6364
-1.6796
-1.7299
-1.7518
-1.7663
-1.7962
-1.8314
-1.8961
-1.9276
-1.9565
-2.0136
-2.0862
-2.1889
-2.3421
-2.4897
-2.6297
-2.7392
-2.8089
-2.8388
-2.8940
-3.0223
-3.2256
-3.5296
-3.8424
-4.1766
-4.5592
-4.8091
-4.9789
-5.0682
-5.0788
-4.9783
-5.0137
-4.8740
-4.8722
-4.8014
-4.8366
-4.7818
-4.8964
-4.9166
-4.9362
-4.7511
-4.4623
-4.3192
-4.2022
-3.9583
-4.0107
-3.9225
-3.8296
-3.7894
-3.7440
-3.6422
-3.5525
-3.5327
-3.3218
-3.2705
-3.1384
-2.9515
-2.8132
-2.8485
-2.8272
-2.8241
-2.7693
-2.6871
-2.6536
-2.6201
-2.6640
-2.6167
-2.5223
-2.4102
-2.4523
-2.5761
-2.5266
-2.4312
-2.4232
-2.4201
-2.4198
-2.4372
-2.3740
-2.3140
-2.2965
-2.3538
-2.3668
-2.2644
-2.1075
-1.8071
-1.6423
-1.4668
-1.3695
-1.2881
-1.2299
-1.2235
-1.1569
-1.0542
-0.9366
-0.9015
-0.8667
-0.7635
-0.6355
-0.5813
-0.6392
-0.7421
-0.8449
-0.9568
-1.0219
-1.0575
-1.0737
-1.1358
-1.2074
-1.2678
-1.2701
-1.2338
-1.1695
-1.1388
-1.2023
-1.3075
-1.3979
-1.5384
-1.7598
-1.9850
-2.2201
-2.3590
-2.4642
-2.5957
-2.8604
-3.0932
-3.1480
-3.1972
-3.4365
-3.6045
-3.6215
-3.6780
-3.8528
-3.8663
-3.8871
-3.9526
-3.9521
-3.5529
-3.5261
-3.4336
-3.3425
-3.1330
-2.9239
-2.6654
-2.5438
-2.4042
-2.2338
-2.1695
-2.1032
-2.0789
-1.9180
-1.8247
-1.8479
-1.7572
-1.6671
-1.4572
-1.2927
-1.2243
-1.1640
-1.2158
-1.1467
-1.1992
-1.2748
-1.1036
-1.0348
-1.0006
-1.0405
-1.0954
-1.0058
-0.9588
-0.8547
-0.7877
-0.8053
-0.7904
-0.6805
-0.5575
-0.4292
-0.3895
-0.3498
-0.2317
-0.0475
0.1907
0.2848
0.5196
0.7993
1.1394
1.3192
1.3432
1.2869
1.2565
1.2665
1.5037
1.8118
1.9628
1.9238
1.8506
1.9428
2.2360
2.4529
2.5080
2.5204
2.5858
2.6440
2.6487
2.7079
2.7745
2.8414
2.9003
2.8997
2.8425
2.6880
2.4094
1.9946
1.4953
1.1516
0.6085
0.2917
-0.0934
-0.0813
-0.1463
0.1700
0.7833
1.3623
1.1407
0.5848
0.5763
0.3545
0.0431
-2.1725
-3.1262
-3.1526
-2.5644
-2.1241
-1.6670
-2.0833
-1.8995
-1.6435
-1.0690
-0.8576
-0.3523
-0.6387
-0.3406
0.2064
0.7745
1.0507
1.1212
1.1925
1.2513
1.2327
1.3161
1.4307
1.2955
