5.8836
5.8982
6.1878
6.2912
6.4786
6.5783
6.7658
6.8989
6.9856
7.0706
6.9444
6.9112
6.8552
6.7955
6.7340
6.7501
6.7578
6.5775
6.1062
5.7758
5.2512
4.4394
3.8575
3.4662
3.2487
3.4069
3.4473
3.2614
3.0319
2.8916
2.7446
2.5502
2.2706
2.0152
1.7679
1.5453
1.3196
1.0939
0.9089
0.7536
0.6396
0.5963
0.6660
0.8323
1.0417
1.2537
1.4735
1.7570
2.0112
2.2652
2.4402
2.5926
2.8440
3.1213
3.3419
3.5260
3.8071
4.0547
4.3430
4.6603
4.9680
5.2723
5.6446
5.9006
6.1500
6.3811
6.6592
6.7717
6.9115
6.9092
6.9587
7.1139
7.1656
7.2741
7.2975
7.3892
7.4631
7.5400
7.6451
7.7257
7.6554
7.5684
7.4877
7.4553
7.4318
7.4184
7.5041
7.4461
7.3456
7.3601
7.4774
7.6769
7.7455
7.7972
7.8214
7.8371
7.8104
7.8855
8.0089
8.0421
8.0503
8.0343
7.9575
7.8676
7.8240
7.8396
7.8115
7.7946
7.7762
7.7988
7.8430
7.8766
7.8050
7.5933
7.5573
7.1044
6.3126
6.2731
6.4115
6.5878
6.6801
6.7026
6.6263
6.5274
6.4321
6.3001
6.1743
6.0999
6.0236
5.9279
5.7801
5.6278
5.4839
5.3565
5.2285
5.1271
5.0798
5.0435
5.0287
5.0188
4.9718
4.9857
4.9718
5.0235
5.0947
5.1840
5.3139
5.5098
5.7438
5.9853
6.2575
6.4658
6.6133
6.7537
6.8521
6.7374
6.7670
6.7503
6.7374
6.7750
6.7635
6.8697
6.9995
7.0324
7.2860
7.4827
7.6381
7.6910
7.7012
7.7759
7.8355
8.1756
8.3378
8.4066
8.6021
8.6315
8.6074
8.6272
8.5828
8.5396
8.5069
8.4304
8.3758
8.3599
8.3465
8.3953
8.5783
8.7263
8.8078
8.8241
8.8679
9.0254
9.1440
9.1842
9.1366
9.0985
9.1079
9.1573
9.1563
9.1387
9.1081
9.1093
9.1082
9.0377
8.9750
8.9376
8.9499
8.8955
8.7602
8.4351
8.1604
7.7293
7.2016
7.3103
7.4569
7.5243
7.5638
7.4538
7.3537
7.2184
7.0427
6.8571
6.6778
6.4973
6.3340
6.2126
6.1074
6.0020
5.9292
5.8707
5.8510
5.8649
5.9248
5.9863
5.9922
5.9582
5.9294
5.9275
5.9560
6.0518
6.1904
6.3426
6.5057
6.6976
6.8603
7.0217
7.1727
7.2519
7.4316
7.6140
7.5771
7.7064
7.7140
7.4973
7.3945
7.5093
7.5992
7.6561
7.7642
7.9227
8.1679
8.2437
8.5186
8.6211
8.7106
8.8535
8.9016
8.9804
9.0889
9.1374
9.1843
9.2382
9.2171
9.2846
9.3016
9.3887
9.5337
9.5180
9.4656
9.5055
9.4937
9.3494
9.3881
9.2624
9.1423
8.9922
8.8890
8.9262
8.9038
8.7681
8.6591
8.6535
8.6317
8.6242
8.6573
8.6872
8.8173
8.8851
8.8408
8.8239
8.7952
8.6786
8.6814
8.6289
8.3904
7.9348
7.7163
7.1359
6.2465
5.5704
5.6085
5.7105
5.6081
5.3752
5.0754
4.8079
4.6386
4.4594
4.3069
4.1695
4.0822
3.9132
3.6292
3.4475
3.3352
3.1823
2.9761
2.7926
2.6769
2.5773
2.5083
2.4281
2.3464
2.3125
2.2988
2.3361
2.4225
2.5498
2.6716
2.5393
2.6351
2.4631
2.3965
2.4580
2.5703
2.5517
3.1899
3.4387
4.4126
5.2898
6.1329
6.7157
6.0774
6.5913
7.4913
7.5541
7.7853
7.8415
7.6263
8.4200
8.5679
9.0475
9.0843
9.1569
8.8960
9.6941
9.6155
9.2310
9.0710
9.2434
9.3196
9.2746
9.0991
9.1924
9.1480
8.9476
9.2404
