3.6400
3.6130
3.6800
3.8200
3.9790
4.2140
4.3590
4.5200
4.6620
4.7390
4.8540
4.9340
5.0310
5.0990
5.2210
5.3080
5.3500
5.3570
5.3640
5.2570
5.2900
5.2870
5.2400
5.1280
5.0460
4.9680
4.9710
4.9820
4.9660
4.9820
5.0130
5.0870
5.1270
5.1560
5.2220
5.2840
5.4000
5.5170
5.5900
5.6400
5.7700
5.9320
6.0800
6.2120
6.3020
6.3620
6.4350
6.5070
6.5210
6.4810
6.4660
6.4360
6.4210
6.4430
6.4160
6.4070
6.4500
6.5030
6.5020
6.5620
6.6310
6.7820
6.8910
6.9250
6.8440
6.6200
6.5940
6.7040
6.7460
6.6100
6.4500
6.3550
6.2810
6.3220
6.4030
6.6360
6.8960
7.0850
7.2210
7.3140
7.3200
7.2570
7.1780
7.1640
7.0630
7.0210
6.9360
6.9340
6.9420
6.9610
6.9890
7.0590
7.2580
7.3810
7.4070
7.3780
7.3430
7.2870
7.3680
7.4660
7.5850
7.7000
7.7330
7.6550
7.6810
7.6850
7.6900
7.7140
7.7600
7.8030
7.7610
7.6070
7.6400
7.5040
7.3330
7.1650
6.5840
6.2690
6.2830
6.1230
5.8610
5.9340
6.0670
6.1430
6.1010
6.1150
5.9710
5.7410
5.5930
5.4230
5.2490
5.0670
4.7380
4.4370
4.0430
3.5750
3.3810
3.0470
3.1200
3.1530
3.8210
4.2300
3.2980
10.3240
11.0170
11.0050
10.7960
11.0010
11.3580
11.3550
11.3030
11.2310
11.0580
10.8820
10.4580
10.1770
9.9140
9.8340
9.5270
8.9330
8.5250
8.0140
7.7890
7.7320
7.6590
7.7000
7.7020
7.5470
7.2880
7.3190
7.1870
6.9740
6.8160
6.6470
6.3700
6.0040
5.6470
5.3680
5.1260
4.9490
4.8050
4.7660
4.6540
4.4320
4.1950
4.0040
3.9220
3.6440
3.4230
3.3400
3.3700
3.4690
3.6460
3.9710
4.6150
5.3060
5.3340
5.6330
5.5650
5.6950
5.9330
5.9260
6.0930
6.2290
6.2470
5.9500
5.6870
5.5160
5.2300
4.9120
4.8150
4.4720
4.0820
3.7600
3.7540
4.0230
4.2010
4.3220
4.4860
4.6550
4.8030
4.9340
5.1020
5.2690
5.3960
5.4670
5.4510
5.4650
5.5090
5.6000
5.6870
5.7350
5.7190
5.6530
5.6530
5.7130
5.7590
5.7530
5.6780
5.5240
5.3240
5.1400
4.9680
4.7690
4.5440
4.3440
4.1660
3.9990
3.8090
3.4750
3.1610
2.9500
2.7650
2.6220
2.5330
2.5280
2.5850
2.5570
2.4880
2.3560
2.2360
2.1780
2.1480
2.1540
2.1710
2.1750
2.2120
2.2630
2.3340
2.4150
2.4880
2.5600
2.6080
2.6500
2.7170
2.8310
2.9080
2.9070
2.8870
2.7930
2.7080
2.6510
2.6180
2.8700
2.9690
2.9080
2.8720
2.8750
2.9100
2.9620
3.0500
3.0960
3.0880
3.1010
3.2770
3.5190
3.5210
3.4180
3.2740
3.1740
3.1260
3.1120
3.1340
3.1690
3.2140
3.2670
3.3230
3.3400
3.3310
3.2380
2.8860
2.4600
2.2120
2.1580
2.1460
2.0040
1.8510
1.6440
1.4210
1.1750
1.0300
1.0630
1.2530
1.5180
1.7840
2.0020
2.1440
2.2330
2.3280
2.4350
2.5800
2.8530
3.2260
3.4890
3.6490
3.7740
3.9150
4.0770
4.2370
4.4120
4.5450
4.6670
4.7760
4.8870
4.9920
5.0940
5.1820
5.2760
5.4130
5.5550
5.6260
5.6090
5.4590
5.3690
5.2790
5.1170
4.9590
4.9240
4.9490
5.0230
5.1040
5.1600
5.1760
5.1740
5.1860
5.2070
5.2440
5.2640
5.2640
5.2690
5.2790
5.2760
5.2630
5.2550
5.2480
5.2080
5.1660
