2039.3000
2033.4000
2059.2000
2056.9000
2020.1000
2038.5000
2010.1000
1991.4000
1994.0000
2001.7000
1977.4000
1974.7000
1980.0000
1960.0000
1963.4000
1985.6000
1980.1000
1972.7000
1972.3000
1972.5000
1959.8000
1973.4000
1979.3000
1963.0000
1962.1000
1962.3000
1955.2000
1953.7000
1950.8000
1942.6000
1931.9000
1925.1000
1914.8000
1898.2000
1896.9000
1885.7000
1875.0000
1867.2000
1855.6000
1831.8000
1802.0000
1783.7000
1761.0000
1749.0000
1735.6000
1715.4000
1689.7000
1672.9000
1659.8000
1653.1000
1642.3000
1637.3000
1622.5000
1609.7000
1597.6000
1588.1000
1577.9000
1567.4000
1556.1000
1542.3000
1529.4000
1516.7000
1501.4000
1494.9000
1489.3000
1487.9000
1481.4000
1478.8000
1480.6000
1481.0000
1479.4000
1474.1000
1471.7000
1467.7000
1463.4000
1458.5000
1452.8000
1451.1000
1440.1000
1432.2000
1430.9000
1433.5000
1437.2000
1431.3000
1446.1000
1441.1000
1442.2000
1406.0000
1378.7000
1369.6000
1360.8000
1367.2000
1355.4000
1336.9000
1308.3000
1290.5000
1279.2000
1263.2000
1249.4000
1239.5000
1210.8000
1189.8000
1167.3000
1161.5000
1149.2000
1130.6000
1111.0000
1093.3000
1079.7000
1066.9000
1056.3000
1071.1000
1075.3000
1078.8000
1072.9000
1039.4000
1040.9000
1046.6000
1049.2000
1046.9000
1032.2000
1021.3000
1017.8000
1016.8000
1011.3000
1008.1000
996.5300
994.9100
981.0400
973.4300
963.3500
961.0700
954.6600
940.7900
928.7500
892.1600
849.5900
812.9900
785.6700
753.4800
721.6300
753.9300
735.0100
956.2500
937.1100
932.5700
968.3200
996.6000
1001.8000
1010.0000
1036.1000
1056.3000
1085.7000
1105.2000
1124.3000
1133.6000
1137.8000
1133.1000
1147.8000
1181.0000
1211.4000
1228.0000
1267.9000
1279.8000
1297.0000
1310.0000
1333.8000
1352.3000
1375.7000
1381.4000
1386.4000
1376.9000
1363.0000
1366.2000
1375.1000
1399.7000
1412.0000
1419.5000
1428.9000
1444.1000
1465.2000
1478.6000
1490.1000
1469.9000
1444.3000
1443.0000
1452.5000
1470.4000
1468.5000
1453.8000
1433.2000
1418.4000
1417.3000
1420.5000
1419.4000
1434.2000
1435.0000
1425.5000
1418.2000
1413.8000
1414.3000
1414.0000
1417.7000
1415.2000
1415.4000
1419.0000
1425.5000
1460.0000
1500.1000
1517.8000
1528.4000
1531.1000
1542.6000
1559.0000
1587.2000
1610.9000
1623.7000
1632.3000
1646.7000
1644.5000
1651.6000
1660.0000
1666.5000
1675.4000
1680.6000
1685.3000
1685.6000
1689.2000
1694.2000
1696.8000
1702.1000
1684.3000
1665.4000
1659.9000
1655.0000
1656.3000
1650.0000
1641.1000
1625.9000
1613.2000
1611.3000
1608.8000
1603.3000
1608.2000
1599.7000
1590.2000
1583.1000
1577.2000
1573.7000
1564.0000
1558.9000
1550.9000
1544.8000
1545.1000
1543.1000
1565.0000
1586.1000
1595.5000
1603.1000
1604.5000
1615.5000
1628.7000
1646.5000
1660.9000
1666.7000
1677.5000
1686.2000
1683.6000
1692.1000
1702.5000
1711.5000
1722.7000
1732.6000
1744.8000
1752.6000
1766.0000
1774.8000
1779.6000
1785.3000
1751.8000
1718.4000
1709.4000
1709.7000
1730.2000
1728.3000
1715.7000
1694.5000
1679.0000
1679.2000
1678.5000
1672.9000
1692.5000
1692.6000
1685.9000
1679.2000
1672.1000
1674.3000
1674.8000
1681.5000
1680.4000
1675.6000
1676.0000
1676.3000
1709.0000
1741.1000
1755.8000
1763.0000
1757.7000
1764.6000
1782.4000
1807.5000
1823.6000
1824.5000
1826.1000
1831.6000
1817.9000
1817.2000
1822.5000
1823.1000
1825.2000
1822.7000
1822.6000
1816.9000
1819.0000
1823.0000
1821.2000
1821.9000
1796.8000
1771.2000
1758.1000
1749.2000
1752.5000
1745.3000
1732.9000
1713.5000
1695.5000
1689.3000
1682.7000
1673.0000
1677.6000
1673.8000
1664.0000
1657.0000
1651.6000
1648.7000
1643.8000
1641.9000
1633.6000
1625.8000
1622.9000
1619.0000
1633.5000
1652.5000
1662.8000
1671.5000
1678.9000
1689.7000
1702.4000
1720.8000
1734.7000
1740.6000
1745.4000
1753.9000
1743.8000
1745.3000
1751.9000
1758.0000
1766.9000
1771.7000
1777.7000
1778.4000
1782.8000
1790.8000
1796.0000
1802.4000
1771.4000
1739.5000
