4.9754
4.9322
5.0393
5.2611
5.5133
5.8868
6.1174
6.3724
6.5973
6.7198
6.9026
7.0298
7.1833
7.2914
7.4837
7.6226
7.6895
7.7006
7.7120
7.5422
7.5945
7.5892
7.5140
7.3361
7.2067
7.0833
7.0879
7.1048
7.0797
7.1056
7.1542
7.2721
7.3350
7.3817
7.4856
7.5842
7.7689
7.9547
8.0704
8.1490
8.3551
8.6127
8.8471
9.0571
9.2003
9.2950
9.4106
9.5258
9.5470
9.4836
9.4597
9.4129
9.3880
9.4233
9.3809
9.3657
9.4354
9.5191
9.5178
9.6123
9.7213
9.9611
10.1350
10.1889
10.0597
9.7048
9.6634
9.8382
9.9037
9.6889
9.4348
9.2834
9.1672
9.2321
9.3605
9.7303
10.1421
10.4430
10.6585
10.8057
10.8150
10.7150
10.5899
10.5676
10.4080
10.3405
10.2065
10.2032
10.2161
10.2451
10.2894
10.4014
10.7173
10.9123
10.9537
10.9077
10.8514
10.7635
10.8906
11.0466
11.2353
11.4181
11.4709
11.3474
11.3872
11.3948
11.4027
11.4401
11.5131
11.5808
11.5143
11.2699
11.3227
11.1067
10.8350
10.5694
9.6467
9.1479
9.1690
8.9150
8.5005
8.6157
8.8273
8.9471
8.8804
8.9030
8.6747
8.3091
8.0755
7.8057
7.5287
7.2394
6.7187
6.2398
5.6146
4.8723
4.5655
4.0354
4.1499
4.2028
5.2624
5.9118
4.4332
15.5811
16.6813
16.6628
16.3315
16.6566
17.2229
17.2177
17.1357
17.0204
16.7460
16.4681
15.7940
15.3483
14.9309
14.8036
14.3177
13.3743
12.7269
11.9170
11.5590
11.4690
11.3523
11.4187
11.4220
11.1746
10.7636
10.8137
10.6036
10.2654
10.0148
9.7474
9.3074
8.7268
8.1601
7.7173
7.3332
7.0531
6.8241
6.7622
6.5855
6.2317
5.8562
5.5540
5.4236
4.9815
4.6307
4.5000
4.5469
4.7049
4.9854
5.5010
6.5227
7.6191
7.6642
8.1384
8.0298
8.2361
8.6147
8.6028
8.8680
9.0833
9.1128
8.6420
8.2246
7.9525
7.4992
6.9949
6.8405
6.2957
5.6769
5.1658
5.1567
5.5827
5.8664
6.0576
6.3184
6.5866
6.8207
7.0297
7.2956
7.5608
7.7621
7.8743
7.8500
7.8722
7.9413
8.0858
8.2233
8.2993
8.2747
8.1698
8.1705
8.2655
8.3382
8.3286
8.2099
7.9656
7.6482
7.3564
7.0823
6.7672
6.4102
6.0924
5.8108
5.5455
5.2431
4.7137
4.2164
3.8812
3.5873
3.3610
3.2198
3.2117
3.3012
3.2573
3.1481
2.9383
2.7475
2.6561
2.6079
2.6173
2.6453
2.6512
2.7096
2.7910
2.9041
3.0313
3.1479
3.2621
3.3375
3.4049
3.5115
3.6922
3.8142
3.8128
3.7813
3.6316
3.4967
3.4063
3.3534
3.7531
3.9106
3.8148
3.7577
3.7611
3.8171
3.8994
4.0393
4.1122
4.0996
4.1204
4.3996
4.7835
4.7874
4.6228
4.3954
4.2357
4.1595
4.1378
4.1725
4.2289
4.2994
4.3843
4.4720
4.4993
4.4851
4.3384
3.7789
3.1036
2.7104
2.6242
2.6058
2.3795
2.1371
1.8087
1.4545
1.0635
0.8347
0.8866
1.1886
1.6079
2.0306
2.3758
2.6014
2.7434
2.8936
3.0639
3.2945
3.7264
4.3186
4.7355
4.9895
5.1885
5.4118
5.6689
5.9231
6.2004
6.4121
6.6049
6.7780
6.9543
7.1213
7.2828
7.4225
7.5715
7.7887
8.0151
8.1276
8.0998
7.8615
7.7186
7.5762
7.3196
7.0695
7.0137
7.0534
7.1698
7.2981
7.3872
7.4131
7.4103
7.4283
7.4616
7.5214
7.5534
7.5532
7.5603
7.5763
7.5717
7.5512
7.5390
7.5267
7.4635
7.3970
