-13.4866
-13.3704
-13.1605
-12.9422
-12.7974
-12.6775
-12.5815
-12.5113
-12.4554
-12.4076
-12.3681
-12.3330
-12.2982
-12.2689
-12.2472
-12.2246
-12.1960
-12.1551
-12.0873
-12.0188
-11.9453
-11.8553
-11.7417
-11.5890
-11.3939
-11.1580
-10.8707
-10.5389
-10.1678
-9.7469
-9.3122
-8.8989
-8.5301
-8.1889
-7.8495
-7.5476
-7.2542
-6.9578
-6.6892
-6.4625
-6.2497
-6.0579
-5.8982
-5.7753
-5.6786
-5.6008
-5.5378
-5.5014
-5.4894
-5.4941
-5.5179
-5.5632
-5.6283
-5.7274
-5.8468
-5.9544
-6.0703
-6.2175
-6.3941
-6.6043
-6.8833
-7.1644
-7.4371
-7.7297
-8.0679
-8.4174
-8.7345
-9.0487
-9.3176
-9.5166
-9.6861
-9.8315
-9.9450
-10.0483
-10.1167
-10.1555
-10.1806
-10.1958
-10.1946
-10.1932
-10.2140
-10.2349
-10.2451
-10.2460
-10.2482
-10.2451
-10.2392
-10.2177
-10.1747
-10.1193
-10.0628
-9.9915
-9.8870
-9.7881
-9.7319
-9.7217
-9.7242
-9.6965
-9.6473
-9.5890
-9.5201
-9.4645
-9.4211
-9.3990
-9.3840
-9.3498
-9.3345
-9.3244
-9.2976
-9.2701
-9.2429
-9.1490
-8.8664
-8.4640
-8.2543
-8.0840
-7.9207
-7.6817
-7.2796
-6.8481
-6.4688
-6.0410
-5.5795
-5.1190
-4.6685
-4.2510
-3.9164
-3.6274
-3.3499
-3.0238
-2.7384
-2.5918
-2.4353
-2.3915
-2.4241
-2.2763
-1.9536
-1.6322
-1.4839
-1.2651
-1.0200
-1.7169
-3.3315
-8.9155
-9.3612
-9.4380
-9.6018
-9.9587
-10.3235
-10.6084
-10.8683
-11.0999
-11.2567
-11.3819
-11.4386
-11.5038
-11.5589
-11.5819
-11.6507
-11.7720
-11.8806
-11.9641
-12.1191
-12.1897
-12.2674
-12.2880
-12.3549
-12.4433
-12.5428
-12.6470
-12.7789
-12.8834
-12.9358
-12.9453
-12.9524
-12.9680
-12.9857
-13.0031
-13.0178
-13.0336
-13.0392
-13.0248
-12.9709
-12.9179
-12.8691
-12.8518
-12.8926
-12.9600
-13.0045
-13.0373
-13.1198
-13.2586
-13.4967
-13.6010
-13.7498
-13.8476
-13.6907
-13.7814
-13.8691
-13.6936
-13.9092
-14.0647
-14.3645
-14.5222
-14.4978
-14.4469
-14.4736
-14.5195
-14.6946
-14.7814
-14.5637
-14.1837
-13.7982
-13.3310
-12.7690
-12.2040
-11.7132
-11.2210
-10.7253
-10.3342
-10.0665
-9.8464
-9.6433
-9.4557
-9.2947
-9.1441
-8.9742
-8.7818
-8.5788
-8.3856
-8.2286
-8.0955
-7.9810
-7.8639
-7.7460
-7.6462
-7.5810
-7.5473
-7.5400
-7.5286
-7.5015
-7.4701
-7.4407
-7.4186
-7.4209
-7.4950
-7.6425
-7.8079
-8.0296
-8.3439
-8.6778
-8.9575
-9.1555
-9.3072
-9.4456
-9.5498
-9.5761
-9.6188
-9.6749
-9.7556
-9.8282
-9.8903
-9.9428
-9.9856
-10.0316
-10.0837
-10.1379
-10.1894
-10.2318
-10.2701
-10.3182
-10.4187
-10.5480
-10.6416
-10.7746
-11.0383
-11.0530
-10.9993
-11.0585
-11.0439
-10.9536
-10.8240
-10.8880
-11.5824
-11.5542
-11.1949
-10.8557
-10.7296
-10.8913
-11.1187
-11.1918
-11.0943
-11.0749
-11.1719
-11.1292
-10.9513
-10.9326
-10.9329
-10.9755
-11.1189
-11.2603
-11.3471
-11.4254
-11.4930
-11.5272
-11.5391
-11.5194
-11.4765
-11.4035
-11.4242
-11.7542
-11.7385
-11.3486
-10.7834
-10.2594
-9.7592
-9.2838
-8.8478
-8.5072
-8.1787
-7.9673
-7.7694
-7.5683
-7.4148
-7.3415
-7.3439
-7.3635
-7.3693
-7.3368
-7.2798
-7.2440
-7.3618
-7.6925
-7.9915
-8.1607
-8.2954
-8.4282
-8.5147
-8.5339
-8.5412
-8.6089
-8.6944
-8.7422
-8.7789
-8.8321
-8.8696
-8.9059
-8.9995
-9.0688
-9.0741
-9.1119
-9.2138
-9.4490
-9.6541
-9.8215
-10.0758
-10.3472
-10.5512
-10.7201
-10.8427
-10.9284
-11.0226
-11.1229
-11.2091
-11.2976
-11.3779
-11.4376
-11.4929
-11.5489
-11.6011
-11.6497
-11.6936
-11.7361
-11.7606
-11.7467
-11.7345
-11.7213
