-4.7398
-4.7111
-4.8380
-5.0073
-5.2077
-5.5482
-5.7656
-5.9622
-6.1659
-6.2517
-6.4082
-6.5133
-6.6572
-6.7251
-6.8719
-6.9993
-7.0082
-6.9828
-6.9328
-6.7174
-6.7288
-6.6371
-6.5199
-6.3477
-6.1860
-6.0260
-5.9889
-5.9453
-5.8517
-5.7434
-5.6803
-5.6367
-5.5529
-5.4162
-5.2835
-5.1619
-5.0447
-4.9061
-4.8156
-4.7244
-4.6998
-4.7182
-4.8048
-4.8652
-4.8762
-4.8093
-4.8255
-4.9195
-4.9277
-4.8647
-4.8857
-4.8913
-4.9661
-5.0843
-5.1439
-5.1419
-5.1589
-5.2184
-5.2790
-5.4591
-5.7579
-6.1237
-6.2620
-6.2274
-6.0571
-5.7925
-5.8067
-5.7975
-5.7404
-5.6421
-5.5147
-5.4534
-5.4545
-5.5866
-5.6737
-5.8980
-6.1281
-6.1667
-6.2180
-6.2070
-6.0410
-5.8352
-5.5734
-5.4209
-4.9289
-4.7565
-4.4754
-4.2266
-3.9522
-3.6793
-3.5374
-3.2592
-3.1208
-2.9838
-2.7597
-2.5189
-2.3998
-2.4574
-2.4828
-2.5296
-2.6362
-2.6888
-2.7241
-2.5142
-2.3797
-2.3870
-2.2596
-1.9444
-1.6792
-1.5816
-1.3741
-1.1262
-0.9477
-0.1294
0.1205
-0.2908
0.2350
0.6401
0.7769
0.9837
1.0462
1.3129
1.6915
2.4585
2.6449
2.9613
3.4922
3.6250
3.8894
4.2583
4.6490
4.7477
4.5704
4.4795
4.0333
3.1340
2.7764
1.9697
1.5319
0.7901
1.1352
2.4379
4.2364
9.4117
7.0922
5.0225
5.2635
5.0917
4.7008
4.2671
4.0184
3.5093
3.1352
2.7548
2.8259
2.9570
2.7696
2.3812
2.1158
1.6590
1.6180
1.4880
1.5087
1.0002
0.6967
0.3084
0.2211
0.0468
-0.0668
-0.3864
-0.6785
-0.9946
-1.3304
-1.5114
-1.5484
-1.5788
-1.8860
-2.0104
-1.8186
-1.3616
-0.9623
-0.6428
-0.4056
-0.0391
0.2771
0.6862
1.1902
1.4041
1.6187
1.8984
2.1679
2.5014
3.0957
3.9200
4.9148
5.4991
5.3117
5.5082
5.4204
5.3342
5.6307
5.8398
6.1326
6.4390
6.7794
5.9906
5.2180
4.7869
4.3691
3.9375
3.5741
3.2148
2.9105
2.7071
2.6835
2.5522
2.1811
2.0792
1.8868
1.6879
1.5871
1.5027
1.4705
1.4057
1.2841
1.1095
1.0122
1.0258
1.0586
1.1620
1.2596
1.2714
1.2158
1.1436
1.1261
1.1223
1.1229
1.1545
1.0433
0.8616
0.6950
0.5227
0.3509
0.1301
-0.1341
-0.5303
-0.9626
-1.2856
-1.5990
-1.8989
-2.1144
-2.1866
-2.1980
-2.2042
-2.2173
-2.2307
-2.3669
-2.5154
-2.5563
-2.4924
-2.4584
-2.4892
-2.5239
-2.5851
-2.6371
-2.6512
-2.6961
-2.7366
-2.7947
-2.8480
-2.8678
-2.8520
-2.7787
-2.7002
-2.5112
-2.0534
-1.8142
-1.7518
-1.5727
-1.3793
-1.2159
-1.0209
-0.3656
1.3134
1.8741
1.8177
1.8423
1.8534
1.8280
1.7827
1.8053
1.9096
2.0526
2.1626
2.3956
2.7906
3.0231
3.1125
3.1144
3.1684
3.2218
3.2297
3.2843
3.3560
3.3986
3.4438
3.5166
3.5453
3.5853
3.5338
3.1333
2.5912
2.2706
2.2074
2.2137
2.0059
1.7687
1.4253
1.0139
0.4704
-0.0571
-0.5356
-1.0177
-1.5097
-1.9641
-2.3281
-2.5729
-2.7339
-2.8930
-3.0620
-3.2880
-3.7204
-4.3169
-4.7355
-4.9886
-5.1852
-5.4040
-5.6554
-5.9037
-6.1735
-6.3746
-6.5525
-6.7038
-6.8510
-6.9855
-7.1018
-7.1748
-7.2494
-7.3677
-7.4623
-7.4380
-7.2433
-6.8689
-6.6136
-6.4192
-6.1955
-5.9646
-5.8495
-5.8125
-5.8321
-5.8696
-5.8842
-5.8674
-5.8215
-5.7637
-5.7225
-5.6828
-5.6212
-5.5599
-5.5130
-5.4981
-5.4754
-5.4210
-5.3552
-5.3189
-5.2535
-5.1724
