1.5127
1.4604
1.4102
1.6144
1.8100
1.9676
2.0448
2.2494
2.3465
2.4642
2.5652
2.6449
2.6985
2.8173
2.9637
3.0188
3.1646
3.2465
3.3781
3.4294
3.5213
3.6803
3.7350
3.6776
3.6973
3.7229
3.7910
3.8899
3.9848
4.1838
4.3493
4.5947
4.7924
5.0155
5.3027
5.5565
5.9082
6.2616
6.4762
6.6398
6.9079
7.2054
7.4287
7.6395
7.8018
7.9542
8.0792
8.1571
8.1770
8.1409
8.1003
8.0423
7.9669
7.9339
7.8449
7.8279
7.9001
7.9612
7.9197
7.9116
7.8327
7.8565
7.9691
8.0643
8.0318
7.7866
7.7242
7.9485
8.0704
7.8767
7.6553
7.5128
7.3679
7.3499
7.4450
7.7390
8.0813
8.4279
8.6567
8.8451
8.9705
8.9867
9.0046
9.0712
9.1669
9.1816
9.1729
9.2866
9.4207
9.5616
9.6622
9.8776
10.2528
10.4964
10.6003
10.6129
10.5827
10.4792
10.6038
10.7530
10.9217
11.0970
11.1427
11.0653
11.1358
11.1420
11.1765
11.2736
11.3899
11.4723
11.4320
11.2135
11.2830
11.1060
10.8343
10.5654
9.6438
9.1255
9.1361
8.8606
8.4359
8.5151
8.6637
8.6027
8.4774
8.3961
7.9407
7.4767
7.0771
6.5419
5.9219
5.4652
4.9247
4.3439
3.9060
3.7305
3.6243
3.5220
3.8568
4.1279
5.1385
5.3858
-1.3062
-12.4174
-15.0985
-15.8878
-15.4601
-15.8593
-16.5689
-16.6805
-16.6579
-16.6547
-16.4499
-16.2360
-15.5391
-15.0608
-14.6718
-14.6108
-14.1605
-13.2710
-12.6236
-11.8237
-11.4601
-11.4253
-11.3309
-11.4145
-11.4199
-11.1745
-10.7634
-10.8068
-10.5819
-10.2171
-9.9260
-9.6295
-9.1777
-8.5828
-7.9392
-7.4508
-7.1041
-6.9204
-6.7559
-6.7316
-6.5730
-6.2316
-5.8496
-5.5115
-5.2914
-4.7796
-4.3385
-4.0799
-3.9968
-3.9849
-3.9079
-3.8593
-4.2885
-5.2735
-5.5250
-5.9910
-5.9242
-6.2753
-6.5199
-6.3170
-6.4057
-6.4067
-6.0895
-6.2287
-6.3574
-6.3505
-6.0950
-5.7814
-5.8325
-5.4131
-4.8741
-4.3997
-4.4034
-4.9651
-5.4458
-5.6896
-6.0301
-6.3667
-6.6335
-6.8672
-7.1459
-7.4289
-7.6552
-7.7958
-7.7844
-7.8051
-7.8704
-8.0019
-8.1262
-8.2013
-8.1849
-8.0893
-8.0925
-8.1889
-8.2623
-8.2482
-8.1433
-7.9189
-7.6165
-7.3378
-7.0736
-6.7659
-6.4088
-6.0693
-5.7305
-5.3944
-4.9933
-4.3143
-3.6480
-3.2067
-2.8351
-2.5372
-2.3347
-2.3106
-2.3012
-2.0695
-1.8373
-1.5562
-1.2268
-0.9269
-0.6565
-0.4091
-0.2073
0.0071
0.2701
0.5481
0.7893
1.0382
1.2980
1.5835
1.8486
2.0742
2.4544
3.0685
3.3551
3.3865
3.4388
3.3595
3.2784
3.2497
3.3334
3.5158
3.4323
3.3539
3.2751
3.2727
3.3510
3.4680
3.6134
3.6419
3.5487
3.5072
3.6902
3.8852
3.7122
3.4180
3.1016
2.8111
2.6308
2.5865
2.5737
2.5731
2.6334
2.7133
2.7627
2.7703
2.6948
2.5168
2.1124
1.7083
1.4802
1.4191
1.3748
1.2799
1.1994
1.1135
1.0428
0.9538
0.8328
0.7066
0.6140
0.5533
0.5152
0.4737
0.3838
0.2287
0.0575
-0.1065
-0.2069
-0.2113
-0.1184
-0.0099
0.0920
0.1866
0.2912
0.3916
0.4790
0.5769
0.6926
0.8305
1.0000
1.1940
1.3842
1.6139
1.9014
2.1847
2.5259
2.9248
3.2763
3.6250
3.8238
3.9796
4.0240
3.8979
3.7949
3.8699
3.9957
4.1704
4.3371
4.4662
4.5307
4.5850
4.6861
4.7884
4.9272
5.0453
5.1126
5.1736
5.2126
5.2299
5.2568
5.3064
5.3255
5.3014
5.2879
