2.4300
2.4920
2.3540
2.2080
2.2590
2.2330
2.0970
1.9710
2.0420
2.0950
2.1430
2.3190
2.4180
2.5350
2.6760
2.7880
2.7540
2.6900
2.7040
2.6200
2.4400
2.2660
2.1460
1.9920
1.7510
1.5740
1.4620
1.4500
1.4860
1.5420
1.5640
1.6610
1.8240
1.9990
2.1030
2.2110
2.3310
2.4510
2.5960
2.7480
2.9070
3.0660
3.1890
3.3230
3.4680
3.6020
3.7370
3.8680
3.9620
4.0350
4.1030
4.2270
4.3670
4.4690
4.5730
4.6350
4.7330
4.8130
4.9380
5.0180
5.0690
5.1420
5.1940
5.2330
5.2530
5.1880
5.0940
5.0180
4.9900
5.1230
5.2620
5.2880
5.2540
5.2180
5.2390
5.2800
5.3010
5.3100
5.2740
5.2240
5.1950
5.1840
5.1280
5.1040
5.0540
5.0350
5.0390
4.9870
5.0300
5.1160
5.0920
4.9080
4.7220
4.6190
4.6280
4.6810
4.7550
4.8310
4.8680
4.8290
4.7250
4.5050
4.2150
3.9610
3.6960
3.5040
3.4980
3.5290
3.6170
3.8070
4.0440
4.2640
4.3660
4.4310
4.3840
4.1960
3.9030
3.6670
3.4470
3.0900
2.6390
2.3950
2.2590
2.3680
2.5360
2.6510
2.6890
2.6610
2.6520
2.6730
2.7040
2.7450
2.7930
2.8720
2.9760
3.0430
3.1460
3.2510
3.3580
3.4840
3.6390
3.8520
4.0630
4.2590
4.4760
4.6960
4.9380
5.2340
5.5710
5.8790
6.0890
6.2170
6.2840
6.3170
6.3010
6.3020
6.3250
6.3330
6.3280
6.3110
6.0770
5.9180
5.8310
5.8240
5.8230
5.8190
5.7770
5.7630
5.7490
5.7330
5.6660
5.6680
5.7240
5.7280
5.6650
5.5380
5.3560
5.1810
5.1360
5.1660
5.1970
5.1230
5.0110
4.8910
4.8750
4.9330
4.9810
5.0320
5.0370
4.9980
4.9140
4.8780
4.8530
4.8270
4.8570
4.8840
4.9000
4.8920
4.9430
4.8960
4.7330
4.6420
4.4680
4.4070
4.1550
4.0870
3.8770
3.8230
4.0040
4.0390
4.0870
3.9000
3.7270
3.5920
3.8280
4.1780
4.2480
4.0040
3.2280
3.4670
3.4570
3.7930
4.3340
4.4910
4.1210
3.6060
3.3120
3.0020
3.0130
3.6020
4.3790
4.5240
4.5930
4.5410
4.9620
5.0040
5.1890
4.8920
4.7660
4.7260
4.6570
4.5300
4.5360
4.5810
4.7070
4.7720
4.8240
4.8290
4.7880
4.7560
4.7560
4.7510
4.7340
4.7400
4.7550
4.7670
4.8670
4.8620
4.7820
4.7960
4.8550
4.9260
4.9300
4.9110
4.9190
4.9290
4.9040
4.8340
4.7760
4.7590
4.7880
4.7660
4.6790
4.5880
4.5000
4.4000
4.3100
4.2540
4.2890
4.3800
4.4050
4.4260
4.4620
4.4980
4.5330
4.5530
4.6140
4.7070
4.8190
4.9020
4.9640
5.0250
5.0620
5.0970
5.1540
5.2150
5.2650
5.3320
5.4000
5.4620
5.5250
5.6540
5.8710
5.9200
5.8870
5.8370
5.7770
5.7080
5.6290
5.5270
5.4790
5.4170
5.3910
5.3740
5.3460
5.3090
5.2670
5.2240
5.1700
5.1190
5.0620
4.9960
4.9360
4.8780
4.8260
4.7730
4.7270
4.6730
4.6500
4.6360
4.6490
4.6900
4.7470
4.7840
4.8110
4.8550
4.9040
4.9570
5.0080
5.0580
5.0900
5.0980
5.0910
5.0490
4.9470
4.8860
4.8190
4.7580
4.6840
4.6370
4.5710
4.4750
4.5110
4.5430
4.5220
4.5160
4.5500
4.6580
4.7820
4.8710
4.9210
4.9660
5.0210
5.0930
5.2140
5.4530
5.8520
6.0330
6.0240
6.0910
6.1310
6.1250
6.1870
6.2360
6.3030
6.3990
6.4920
