1645.5000
1587.9000
1630.5000
1645.3000
1629.1000
1650.9000
1635.6000
1628.4000
1631.2000
1617.5000
1635.7000
1616.7000
1611.0000
1616.2000
1618.6000
1663.2000
1673.9000
1665.2000
1678.8000
1669.6000
1674.1000
1685.1000
1692.3000
1695.4000
1694.4000
1697.7000
1708.1000
1714.3000
1727.2000
1723.0000
1726.9000
1730.8000
1732.6000
1732.9000
1735.8000
1744.2000
1745.9000
1748.6000
1754.3000
1734.5000
1722.2000
1717.5000
1712.4000
1714.7000
1704.5000
1689.7000
1669.1000
1651.5000
1644.5000
1638.2000
1627.8000
1631.1000
1626.6000
1612.9000
1605.3000
1597.2000
1593.7000
1586.0000
1582.9000
1578.2000
1571.1000
1568.5000
1566.2000
1574.6000
1591.6000
1601.8000
1609.0000
1611.8000
1617.4000
1626.6000
1637.7000
1645.4000
1652.2000
1654.6000
1657.4000
1654.0000
1655.4000
1661.9000
1670.8000
1680.7000
1684.6000
1691.5000
1691.3000
1692.4000
1700.5000
1709.5000
1718.3000
1698.9000
1679.0000
1675.0000
1672.2000
1674.3000
1669.9000
1660.6000
1646.9000
1638.2000
1641.1000
1642.8000
1640.3000
1636.1000
1621.9000
1610.9000
1603.8000
1595.6000
1587.6000
1580.5000
1574.6000
1568.1000
1569.3000
1569.7000
1565.0000
1586.6000
1606.3000
1609.0000
1607.3000
1593.0000
1591.9000
1599.0000
1613.2000
1622.9000
1621.3000
1616.4000
1613.0000
1605.2000
1607.9000
1613.8000
1614.8000
1611.7000
1607.8000
1604.0000
1597.9000
1594.6000
1589.6000
1579.5000
1571.8000
1548.1000
1521.6000
1509.1000
1498.8000
1495.5000
1486.1000
1471.9000
1453.4000
1436.1000
1429.4000
1423.6000
1413.7000
1403.3000
1385.1000
1367.5000
1360.1000
1354.0000
1346.9000
1333.4000
1323.2000
1310.5000
1299.7000
1294.3000
1289.6000
1314.1000
1337.1000
1350.1000
1351.8000
1345.0000
1351.8000
1372.2000
1399.8000
1420.2000
1427.9000
1438.8000
1444.0000
1434.9000
1434.7000
1436.1000
1442.8000
1452.2000
1454.0000
1461.1000
1463.7000
1467.3000
1469.7000
1463.7000
1456.5000
1418.3000
1382.3000
1368.2000
1360.4000
1368.5000
1359.7000
1339.4000
1302.3000
1270.8000
1258.7000
1246.2000
1227.7000
1228.8000
1219.2000
1208.7000
1205.5000
1206.7000
1210.9000
1211.2000
1225.9000
1218.8000
1220.2000
1227.7000
1238.6000
1274.2000
1302.9000
1311.3000
1319.0000
1319.3000
1339.6000
1381.6000
1374.4000
1346.2000
1356.2000
1384.8000
1418.7000
1411.1000
1419.8000
1419.8000
1392.3000
1377.1000
1390.6000
1405.6000
1410.4000
1433.9000
1449.8000
1453.0000
1450.5000
1453.0000
1432.2000
1435.9000
1396.8000
1408.9000
1403.1000
1422.8000
1416.4000
1409.7000
1421.8000
1436.3000
1438.6000
1453.2000
1455.9000
1447.1000
1445.4000
1454.1000
1467.1000
1477.6000
1500.0000
1513.2000
1527.6000
1541.9000
1556.1000
1583.6000
1614.3000
1634.6000
1649.9000
1658.4000
1673.0000
1691.9000
1716.4000
1740.3000
1755.1000
1769.9000
1789.0000
1777.9000
1778.7000
1795.8000
1812.6000
1832.7000
1838.7000
1846.9000
1851.8000
1858.8000
1872.8000
1883.5000
1896.0000
1883.1000
1859.2000
1855.2000
1863.8000
1886.1000
1889.1000
1883.3000
1871.2000
1858.4000
1856.7000
1858.1000
1858.9000
1885.6000
1896.7000
1890.6000
1884.4000
1879.1000
1883.3000
1885.3000
1894.2000
1897.8000
1896.2000
1900.5000
1907.4000
1926.6000
1953.0000
1962.7000
1968.3000
1969.1000
1977.0000
1987.8000
2003.9000
2017.9000
2024.5000
2028.5000
2036.2000
2025.6000
2024.4000
2027.2000
2028.3000
2030.7000
2026.7000
2024.5000
2020.1000
2018.3000
2021.9000
2023.7000
2025.3000
1994.6000
1959.4000
1944.8000
1935.2000
1936.9000
1927.0000
1906.5000
1875.5000
1850.2000
1840.2000
1832.5000
1819.9000
1833.5000
1831.3000
1818.5000
1805.8000
1789.9000
1782.4000
1776.2000
1771.2000
1763.6000
1749.8000
1743.5000
1737.5000
1746.8000
1760.8000
1764.9000
1767.7000
1766.8000
1773.1000
1782.0000
1794.4000
1806.7000
1809.1000
1807.5000
1804.8000
1779.2000
1767.7000
1763.9000
1760.3000
1763.3000
1759.4000
1759.6000
1751.8000
1746.2000
1744.9000
1738.2000
1732.4000
1698.0000
1660.5000
