3.0554
3.1542
2.9344
2.7032
2.7840
2.7428
2.5271
2.3278
2.4397
2.5248
2.6002
2.8795
3.0359
3.2217
3.4467
3.6240
3.5706
3.4684
3.4904
3.3572
3.0710
2.7960
2.6056
2.3610
1.9778
1.6973
1.5197
1.5003
1.5571
1.6469
1.6817
1.8348
2.0943
2.3710
2.5362
2.7088
2.8992
3.0896
3.3195
3.5603
3.8133
4.0643
4.2602
4.4725
4.7024
4.9149
5.1294
5.3376
5.4872
5.6023
5.7106
5.9078
6.1286
6.2918
6.4565
6.5553
6.7103
6.8363
7.0353
7.1623
7.2429
7.3597
7.4410
7.5033
7.5355
7.4327
7.2831
7.1627
7.1174
7.3291
7.5489
7.5909
7.5370
7.4798
7.5135
7.5781
7.6117
7.6258
7.5679
7.4898
7.4429
7.4254
7.3373
7.2990
7.2187
7.1888
7.1949
7.1139
7.1820
7.3186
7.2797
6.9876
6.6934
6.5299
6.5434
6.6282
6.7453
6.8653
6.9237
6.8623
6.6967
6.3479
5.8887
5.4846
5.0646
4.7600
4.7509
4.7992
4.9388
5.2404
5.6170
5.9653
6.1276
6.2310
6.1567
5.8573
5.3934
5.0190
4.6700
4.1034
3.3867
3.0003
2.7844
2.9581
3.2238
3.4071
3.4665
3.4225
3.4085
3.4411
3.4906
3.5562
3.6314
3.7566
3.9228
4.0279
4.1926
4.3590
4.5285
4.7288
4.9747
5.3127
5.6477
5.9583
6.3028
6.6508
7.0351
7.5050
8.0391
8.5282
8.8616
9.0652
9.1711
9.2241
9.1983
9.1995
9.2368
9.2494
9.2414
9.2147
8.8432
8.5902
8.4524
8.4406
8.4399
8.4326
8.3662
8.3439
8.3219
8.2968
8.1898
8.1930
8.2829
8.2882
8.1882
7.9868
7.6979
7.4213
7.3493
7.3979
7.4471
7.3287
7.1519
6.9608
6.9361
7.0271
7.1031
7.1841
7.1924
7.1313
6.9977
6.9396
6.8999
6.8599
6.9074
6.9493
6.9750
6.9625
7.0426
6.9693
6.7104
6.5652
6.2889
6.1924
5.7930
5.6846
5.3524
5.2665
5.5527
5.6085
5.6854
5.3884
5.1132
4.8996
5.2737
5.8289
5.9398
5.5541
4.3220
4.7011
4.6853
5.2189
6.0772
6.3253
5.7388
4.9221
4.4550
3.9639
3.9811
4.9154
6.1478
6.3791
6.4886
6.4047
7.0728
7.1409
7.4329
6.9621
6.7619
6.6988
6.5896
6.3878
6.3975
6.4696
6.6693
6.7713
6.8537
6.8629
6.7970
6.7458
6.7466
6.7385
6.7119
6.7207
6.7448
6.7637
6.9229
6.9150
6.7878
6.8108
6.9031
7.0169
7.0228
6.9918
7.0046
7.0206
6.9815
6.8704
6.7783
6.7521
6.7979
6.7622
6.6240
6.4796
6.3396
6.1821
6.0389
5.9494
6.0061
6.1496
6.1899
6.2231
6.2806
6.3379
6.3930
6.4241
6.5214
6.6682
6.8466
6.9785
7.0764
7.1741
7.2326
7.2883
7.3788
7.4746
7.5547
7.6604
7.7692
7.8666
7.9669
8.1715
8.5166
8.5938
8.5407
8.4627
8.3672
8.2565
8.1316
7.9695
7.8932
7.7960
7.7548
7.7265
7.6831
7.6239
7.5569
7.4894
7.4042
7.3220
7.2328
7.1281
7.0317
6.9398
6.8576
6.7737
6.7006
6.6153
6.5790
6.5555
6.5762
6.6421
6.7320
6.7911
6.8345
6.9035
6.9821
7.0650
7.1459
7.2265
7.2769
7.2894
7.2788
7.2113
7.0490
6.9531
6.8458
6.7499
6.6326
6.5570
6.4530
6.3013
6.3576
6.4082
6.3753
6.3656
6.4196
6.5907
6.7876
6.9283
7.0090
7.0804
7.1672
7.2813
7.4739
7.8529
8.4858
8.7727
8.7588
8.8651
8.9280
8.9190
9.0179
9.0947
9.2015
9.3538
9.5019
