-13.7935
-13.8159
-13.8404
-13.8584
-13.8931
-13.9118
-13.9114
-13.9265
-13.9731
-14.0210
-14.0456
-14.0443
-14.0174
-13.9993
-14.0194
-14.0615
-14.0772
-14.0716
-14.0597
-14.0285
-13.9667
-13.9181
-13.8732
-13.8564
-13.9272
-13.7762
-13.5016
-13.1989
-12.9122
-12.6091
-12.3417
-12.1295
-11.9530
-11.8069
-11.6876
-11.5764
-11.4563
-11.3350
-11.2483
-11.2530
-11.3666
-11.5311
-11.6878
-11.7951
-11.8411
-11.8162
-11.7581
-11.7104
-11.6695
-11.6528
-11.6469
-11.6791
-11.7150
-11.7179
-11.7178
-11.6868
-11.6641
-11.6193
-11.5449
-11.5241
-11.5489
-11.5684
-11.5567
-11.5965
-11.8267
-12.0698
-12.2172
-12.3393
-12.5310
-12.7300
-12.8438
-12.9875
-13.1746
-13.3488
-13.4717
-13.5692
-13.6377
-13.7405
-13.8603
-13.8843
-13.8479
-13.8454
-13.8386
-13.8636
-13.9155
-13.9903
-14.0147
-13.9266
-13.8814
-13.9200
-13.9661
-13.9764
-13.9410
-13.9696
-14.0033
-14.0725
-14.2419
-14.3923
-14.4695
-14.4793
-14.4723
-14.4169
-14.3902
-14.4165
-14.4537
-14.5368
-14.6906
-14.7582
-14.7860
-14.8080
-14.7959
-14.7817
-14.8249
-14.8842
-14.9036
-14.8187
-14.7107
-14.6456
-14.5899
-14.7894
-14.9027
-14.6606
-14.2804
-13.8234
-13.4315
-13.0139
-12.6209
-12.3320
-12.0517
-11.7928
-11.5615
-11.3847
-11.2880
-11.3364
-11.4689
-11.4527
-11.3603
-11.2697
-11.1754
-11.0498
-10.8793
-10.7820
-10.7363
-10.8093
-10.8823
-10.8925
-10.8671
-10.7806
-10.5927
-10.3693
-10.2840
-10.3083
-10.3856
-10.5166
-10.7182
-10.9805
-11.2841
-11.6106
-11.9340
-12.1799
-12.5118
-12.7537
-12.9382
-13.1848
-13.4757
-13.7557
-13.9560
-14.1774
-14.3234
-14.4375
-14.4866
-14.6391
-14.7751
-14.9099
-15.0768
-15.1876
-15.1846
-15.1911
-15.1867
-15.1618
-15.1131
-14.9998
-14.8763
-14.8153
-14.9214
-15.0383
-15.0304
-15.0014
-15.0097
-14.9962
-14.8947
-14.8245
-14.7852
-14.7290
-14.7257
-14.7397
-14.7655
-14.8989
-15.0922
-15.1176
-15.0404
-15.0035
-15.0384
-15.0121
-14.8642
-14.8685
-14.9964
-15.1662
-15.2815
-15.2987
-15.1940
-15.0819
-15.1300
-15.1493
-14.9804
-14.7322
-14.6731
-14.6259
-14.5544
-14.4692
-14.2774
-13.8607
-13.5486
-13.2164
-13.0052
-12.6366
-12.5269
-12.6310
-12.6649
-13.0228
-13.5274
-13.6787
-13.5763
-13.3261
-12.9637
-12.7408
-12.5626
-12.7457
-12.8666
-12.8990
-12.9883
-13.0035
-13.0639
-13.2670
-13.5268
-13.6061
-13.6628
-13.8408
-14.0290
-14.1861
-14.3830
-14.5041
-14.6282
-14.7605
-14.8896
-15.0244
-15.0937
-15.2117
-15.3422
-15.4065
-15.4735
-15.5521
-15.6427
-15.7243
-15.8061
-15.8697
-15.9239
-15.9677
-16.0040
-16.0446
-16.0603
-16.0635
-16.0466
-16.0229
-16.0218
-16.0550
-16.1052
-16.1603
-16.2462
-16.3497
-16.4454
-16.5080
-16.5642
-16.6004
-16.6348
-16.6873
-16.7377
-16.7757
-16.7987
-16.8119
-16.8221
-16.8432
-16.8772
-16.9122
-16.9295
-16.9288
-16.9198
-16.9051
-16.9020
-16.9115
-16.9407
-17.0044
-17.0465
-17.0334
-17.0028
-16.9730
-16.9501
-16.9358
-16.9132
-16.8839
-16.8456
-16.8138
-16.7775
-16.7384
-16.7010
-16.6692
-16.6288
-16.5860
-16.5395
-16.4900
-16.4451
-16.4090
-16.3716
-16.3376
-16.3121
-16.2924
-16.2809
-16.2688
-16.2523
-16.2321
-16.2106
-16.1985
-16.1933
-16.1945
-16.2017
-16.2135
-16.2265
-16.2408
-16.2574
-16.2771
-16.3009
-16.3211
-16.3336
-16.3441
-16.3154
-16.3150
-16.3423
-16.3673
-16.3926
-16.4212
-16.4678
-16.5194
-16.5648
-16.5531
-16.5679
-16.5727
-16.5710
-16.5717
-16.5633
-16.5560
-16.5461
-16.5356
-16.5198
-16.4930
-16.4429
-16.3813
-16.2654
-16.2242
-16.2018
-16.1542
-16.0977
-16.0496
-16.0083
-15.9712
-15.9294
-15.8873
-15.8444
