-0.3682
-0.3633
-0.2603
-0.3158
-0.2394
-0.4200
-0.4653
-0.4803
-0.5786
-0.6284
-0.7984
-0.9613
-1.0498
-1.1648
-1.3105
-1.3480
-1.2881
-1.2366
-1.2863
-1.2582
-1.1593
-1.1275
-1.1155
-1.0906
-1.0099
-0.9764
-0.9941
-1.0880
-1.2171
-1.3200
-1.3964
-1.5935
-1.8367
-2.0683
-2.2877
-2.5449
-2.7975
-3.0285
-3.2828
-3.5435
-3.8095
-4.0643
-4.2585
-4.4684
-4.6984
-4.9118
-5.1262
-5.3354
-5.4871
-5.6007
-5.7028
-5.8860
-6.0944
-6.2495
-6.3962
-6.4697
-6.5883
-6.6781
-6.8067
-6.8424
-6.8216
-6.7828
-6.6640
-6.4930
-6.2800
-5.9303
-5.5343
-5.2404
-5.0832
-5.0956
-5.1031
-4.9842
-4.7853
-4.5897
-4.4847
-4.3763
-4.2842
-4.1633
-3.9564
-3.7866
-3.6866
-3.5678
-3.3987
-3.2421
-3.0271
-2.7448
-2.4939
-2.4432
-2.3216
-2.1814
-2.0582
-1.9291
-1.8386
-1.6555
-1.5182
-1.3124
-0.9141
-0.6092
-0.4770
-0.3568
-0.1584
-0.1067
-0.1375
-0.3110
-0.6154
-0.7580
-0.7104
-0.8106
-0.7419
-0.6764
-0.6833
-0.6888
-0.6723
-0.7125
-0.7189
-0.8069
-0.8688
-0.9365
-0.8940
-0.7395
-0.5347
-0.4903
-0.5469
-0.6652
-0.7913
-0.9342
-1.0959
-1.2449
-1.4461
-1.6962
-2.0032
-2.3759
-2.7362
-3.1111
-3.4922
-3.7354
-3.9196
-4.0884
-4.2699
-4.5011
-4.7808
-5.1453
-5.4855
-5.8024
-6.1276
-6.4407
-6.7833
-7.1773
-7.6055
-7.9756
-8.2131
-8.3311
-8.3438
-8.3003
-8.1859
-8.0979
-8.0071
-7.9302
-7.8362
-7.6820
-7.3224
-7.0354
-6.9473
-6.9949
-6.9818
-6.7790
-6.4936
-6.2472
-5.9934
-5.6980
-5.6647
-5.6167
-5.7157
-5.7959
-5.4922
-5.0979
-4.8558
-4.6071
-4.3811
-4.2983
-4.3808
-4.5984
-4.8328
-4.9326
-4.8073
-4.7424
-4.8194
-4.8501
-4.8446
-4.9103
-5.1531
-5.4202
-5.6242
-5.8056
-5.9308
-6.0226
-6.0262
-5.8019
-5.5329
-5.3194
-5.2688
-5.3363
-5.0066
-5.0510
-4.9639
-4.9192
-4.8082
-4.6021
-4.5190
-4.5222
-4.6608
-4.6221
-4.4765
-4.0516
-4.8462
-5.5872
-5.5847
-4.7939
-3.9751
-4.0035
-3.6180
-3.9793
-4.5534
-4.7046
-4.5666
-3.9990
-4.2452
-3.9031
-3.4255
-3.7445
-4.6542
-4.6745
-5.3072
-5.5026
-6.8767
-7.1054
-7.4308
-6.9598
-6.7591
-6.6984
-6.5884
-6.3784
-6.3642
-6.3782
-6.4994
-6.5268
-6.5531
-6.4392
-6.2947
-6.1876
-6.0802
-6.0614
-6.0430
-6.0658
-6.1199
-6.1863
-6.4070
-6.4379
-6.2568
-6.2369
-6.2663
-6.2599
-6.1782
-6.1073
-6.1088
-6.1311
-6.1310
-6.0447
-5.8863
-5.8068
-5.8486
-5.8136
-5.6881
-5.5736
-5.4806
-5.3303
-5.1594
-4.9774
-4.8871
-4.8721
-4.7756
-4.7593
-4.8310
-4.8898
-4.9069
-4.8820
-4.9606
-5.0568
-5.1238
-5.1941
-5.3017
-5.4146
-5.4682
-5.4804
-5.5550
-5.6936
-5.7884
-5.8506
-5.9357
-6.0545
-6.1937
-6.4632
-6.9394
-7.1407
-7.1059
-7.0853
-7.0730
-7.0545
-7.0148
-6.9136
-6.8711
-6.8016
-6.7991
-6.8074
-6.7961
-6.7667
-6.7198
-6.6922
-6.6643
-6.6330
-6.5937
-6.5408
-6.5050
-6.4732
-6.4401
-6.4075
-6.3859
-6.3419
-6.3369
-6.3251
-6.3397
-6.4018
-6.4941
-6.5514
-6.5858
-6.6518
-6.7285
-6.8132
-6.9038
-6.9938
-7.0575
-7.0911
-7.0953
-7.0472
-6.9140
-6.8365
-6.7447
-6.6674
-6.5751
-6.5205
-6.4318
-6.2900
-6.3518
-6.4073
-6.3753
-6.3633
-6.4110
-6.5680
-6.7396
-6.8467
-6.8865
-6.9068
-6.9473
-7.0098
-7.1311
-7.4539
-7.9966
-8.2023
-8.1574
-8.2353
-8.2612
-8.2367
-8.3058
-8.3583
-8.4386
-8.5551
-8.6908
