3.0331
3.1332
2.9229
2.6847
2.7737
2.7104
2.4839
2.2777
2.3701
2.4454
2.4746
2.7143
2.8486
3.0037
3.1878
3.3640
3.3302
3.2405
3.2447
3.1125
2.8437
2.5586
2.3548
2.0940
1.7005
1.3883
1.1495
1.0330
0.9712
0.9849
0.9371
0.9095
1.0064
1.1593
1.0949
0.9279
0.7613
0.6114
0.4922
0.3446
0.1693
-0.0116
-0.1217
-0.1904
-0.1947
-0.1764
-0.1821
-0.1511
-0.0453
0.1323
0.2984
0.5065
0.6473
0.7288
0.8808
1.0564
1.2740
1.4622
1.7786
2.1166
2.4340
2.8563
3.3105
3.7605
4.1648
4.4807
4.7345
4.8829
4.9819
5.2680
5.5627
5.7253
5.8229
5.9061
6.0283
6.1868
6.2915
6.3890
6.4514
6.4621
6.4658
6.5121
6.5026
6.5394
6.5533
6.6441
6.7489
6.6812
6.7964
6.9860
6.9827
6.7160
6.4360
6.3166
6.3648
6.4970
6.6831
6.8382
6.9072
6.8531
6.6948
6.3471
5.8871
5.4758
5.0271
4.6992
4.6975
4.7302
4.8827
5.1966
5.5753
5.9254
6.0906
6.1902
6.1146
5.8014
5.3230
4.9309
4.5836
4.0362
3.3442
2.9599
2.7302
2.8823
3.1252
3.2765
3.2887
3.1881
3.0865
2.9940
2.8585
2.6461
2.3875
2.1056
1.7869
1.5069
1.4882
1.5119
1.5082
1.4498
1.3754
1.3230
1.3440
1.3539
1.4756
1.6585
1.8654
2.1934
2.6045
3.0200
3.3276
3.5735
3.8067
4.0236
4.1953
4.3653
4.6048
4.7606
4.8988
5.0889
4.9583
4.9291
4.8144
4.7240
4.7419
5.0154
5.2750
5.5311
5.7735
6.0307
5.9147
5.9647
5.9948
5.9247
6.0731
6.1481
5.9732
5.8181
5.9007
6.0211
6.0223
5.7065
5.2719
4.9114
5.0000
5.1856
5.2180
5.2998
5.3160
5.1716
4.7343
4.3335
3.9970
3.6542
3.5410
3.4672
3.5121
3.8491
4.3572
4.5028
4.1555
3.8244
3.8059
3.5823
2.9863
2.8490
2.3515
2.5605
3.2266
3.3174
3.2559
2.7697
2.4710
2.7551
2.0799
1.6613
2.0230
2.8048
1.6966
2.4642
2.9770
3.3766
4.0249
4.2280
3.4757
2.8696
1.3512
-0.6912
-2.0286
-3.1843
-4.0167
-4.3407
-3.7329
-3.2774
-1.6540
-0.7116
0.1773
0.1786
0.1952
0.0708
-0.1230
-0.3454
-0.6522
-1.0839
-1.4956
-1.8034
-2.0077
-2.3742
-2.5642
-2.6869
-2.9236
-2.9440
-2.9210
-2.8937
-2.8354
-2.7345
-2.6222
-2.5238
-2.6319
-2.7365
-2.8959
-3.1702
-3.3390
-3.4040
-3.4275
-3.4204
-3.3396
-3.2657
-3.3611
-3.4456
-3.4650
-3.4539
-3.3945
-3.3046
-3.1864
-3.1315
-3.1382
-3.2589
-3.4915
-3.7523
-3.9381
-4.0095
-4.0134
-4.0322
-4.0978
-4.1756
-4.2334
-4.3467
-4.5412
-4.6606
-4.6870
-4.7064
-4.7337
-4.8047
-4.8568
-4.8428
-4.8547
-4.9449
-5.0127
-5.0225
-5.0110
-5.0000
-4.9373
-4.7816
-4.7381
-4.6278
-4.4703
-4.2899
-4.1128
-3.9644
-3.8846
-3.8100
-3.7295
-3.6547
-3.5838
-3.5121
-3.4570
-3.3624
-3.2263
-3.1009
-2.9728
-2.8333
-2.6702
-2.5017
-2.3560
-2.1971
-2.0291
-1.8824
-1.7683
-1.7226
-1.7479
-1.7704
-1.7738
-1.7883
-1.8266
-1.8472
-1.8649
-1.8692
-1.8444
-1.8191
-1.7734
-1.6883
-1.6243
-1.5297
-1.3730
-1.2685
-1.1723
-1.0524
-0.8721
-0.6912
-0.5226
-0.3782
-0.2703
-0.1054
0.0238
0.1692
0.3321
0.5455
0.8054
1.0601
1.3050
1.5582
1.7620
1.9699
2.2375
2.4712
2.8394
3.1117
3.1895
3.2817
3.3854
3.4212
3.5123
3.5850
3.6685
3.7822
3.8412
