4.1500
4.2120
4.3280
4.5820
4.7620
4.9030
5.0440
5.3280
5.4830
5.5400
5.6650
5.6450
5.6240
5.6040
5.6410
5.6210
5.5620
5.2020
4.9320
4.5580
4.0890
3.7580
3.6580
3.7590
3.7070
3.5370
3.3960
3.2890
3.2470
3.2400
3.1840
3.1300
3.0710
3.0420
3.0110
2.9730
2.8960
2.8150
2.7310
2.6670
2.6100
2.5710
2.5150
2.3990
2.2500
2.0510
1.8880
1.7950
1.8660
2.0430
2.2210
2.4720
2.6600
2.8180
2.9090
2.9330
2.9220
2.8350
2.9520
3.0270
3.1090
3.4980
3.9160
5.3960
5.5650
5.9670
6.0080
6.1950
6.3610
6.2210
6.3090
6.2370
6.2890
6.2550
6.2940
6.4370
6.6210
6.3690
6.5490
6.5250
6.4090
6.4720
6.6390
6.4400
6.4440
6.6300
6.4670
6.2740
6.3870
6.3380
6.4210
6.5010
6.4190
6.4850
6.3920
6.3430
6.4310
6.5250
6.5320
6.3870
6.2650
6.1530
6.0800
6.0210
6.0040
6.0460
6.1650
6.2130
6.2410
6.2940
6.3440
6.2330
6.0870
5.7480
5.4370
5.1600
4.4120
4.0780
3.7270
3.6470
3.8210
3.9400
3.9350
3.7610
3.6420
3.5670
3.6470
3.6850
3.7080
3.6410
3.6350
3.6400
3.7440
3.8700
4.0010
4.1280
4.1830
4.1770
4.1780
4.1670
4.1540
4.2080
4.1660
4.0570
3.9260
3.8590
4.1420
3.6940
3.9370
4.0810
3.7660
3.7170
3.5110
3.1530
2.9650
2.9170
3.0530
2.8570
2.6190
2.5250
0.8440
2.5210
2.6570
1.8660
1.2630
1.1280
1.3580
1.8340
2.1690
2.3270
3.2950
4.3060
4.8290
5.2330
5.7840
5.9840
6.0240
6.1530
6.1100
6.1080
6.1200
6.2980
6.1900
6.1530
6.1660
6.3390
6.1860
6.1820
6.1910
6.2170
6.2700
6.3230
6.2680
6.1520
6.1190
6.1010
6.1170
6.0960
6.0500
6.0870
6.1060
6.0930
6.0410
5.9930
5.9600
5.8380
5.7490
5.6480
5.5170
5.2080
4.7520
4.5730
4.2070
3.6540
3.3040
3.1060
2.9520
2.9770
3.1180
3.0530
3.0290
3.2120
3.2950
3.3610
3.3930
3.3580
3.3190
3.2950
3.3170
3.3720
3.4490
3.4780
3.4790
3.4830
3.4160
3.3250
3.2840
3.2930
3.3380
3.4190
3.3580
3.2740
3.1220
2.9030
2.6450
2.1440
1.9680
2.0900
2.0450
2.1880
2.2810
2.8490
3.1820
2.9560
3.2450
3.3960
3.5750
3.4600
3.7550
4.8070
5.7360
5.8790
5.7880
5.8070
5.8410
5.9560
6.0980
6.2140
6.0160
6.1300
6.1150
6.1730
6.2140
6.0930
6.2250
6.1900
6.2460
6.3400
6.3490
6.3230
6.2120
6.2290
6.1740
6.1770
6.2540
6.2540
6.2280
6.2460
6.2480
6.2350
6.2050
6.1700
6.0850
5.9700
5.8420
5.7530
5.6340
5.5490
5.4890
5.3510
5.3100
5.3130
5.2550
5.2190
5.1410
4.8690
4.4080
4.1840
3.8120
3.2350
2.7610
2.5310
2.4850
2.5390
2.4170
2.2130
2.1340
2.0930
1.9060
1.8740
1.8230
1.7140
1.7550
1.8200
1.9550
2.1220
2.3460
2.6150
2.9450
3.1360
3.2700
3.4260
3.5430
3.9450
4.3920
4.2420
4.4200
4.6490
4.5800
5.0490
5.3930
5.3740
5.5750
5.0090
5.0450
5.1390
5.5340
5.6550
5.6200
5.3500
5.1130
5.0890
5.0260
4.8860
4.9520
4.9630
5.0460
5.1210
5.1530
5.0940
5.1710
5.3760
5.4970
5.5290
5.5920
5.6290
5.6300
5.6760
5.7130
5.6400
5.6110
5.5800
5.5580
5.4830
5.4950
5.4560
5.4350
