605.9800
642.7300
651.5200
625.9100
632.0500
631.4200
622.4200
632.7100
620.9800
625.8800
600.5900
611.8300
625.7600
621.1600
629.5700
637.7100
641.1400
652.0200
640.5400
640.9900
630.2600
622.3900
627.7900
616.5400
614.2500
606.3300
599.1100
600.6200
604.2300
598.6900
593.8500
583.0000
578.5000
576.9700
573.5300
571.6900
563.6100
556.1900
549.3600
532.5400
514.4900
503.9600
494.2400
484.8500
473.2700
458.8200
441.4300
432.0100
425.8100
411.7500
400.2600
397.1000
387.9200
379.4700
372.1500
362.8100
362.1900
360.2100
349.5600
343.6700
343.4700
337.5900
343.9900
328.0800
375.2100
358.0900
389.8500
385.8100
407.5000
429.3600
446.9900
457.6200
458.6000
473.9700
476.9700
481.6100
495.8100
521.8200
510.3600
515.1100
538.5200
549.6600
547.7800
566.9100
571.8100
563.3100
577.1600
549.3900
515.6000
508.7800
513.6700
515.9600
516.7100
498.6000
479.0800
474.0900
469.1600
460.6000
456.9900
460.6400
449.1800
451.9300
447.5700
451.0100
449.6400
444.9800
437.9900
424.7500
418.0500
410.7400
405.9100
441.0700
461.6500
468.5600
464.2200
458.3100
465.0800
469.5300
492.8500
497.8200
495.2000
497.8700
491.0300
491.0600
497.7600
498.4500
494.5000
490.2600
490.3900
488.9400
488.1400
491.8000
490.9300
483.4500
482.7300
464.5900
448.4600
439.7100
431.6800
429.4000
416.2300
403.4300
387.9100
376.2600
361.5400
351.4600
354.2100
328.3300
318.3000
314.1800
297.6400
318.1600
311.2800
300.6600
297.2100
258.1600
260.3800
283.3000
281.8800
294.3100
317.5500
345.3100
347.1300
347.7900
372.0600
377.9100
397.4400
412.8400
416.6400
449.6600
431.8100
449.4800
457.3100
478.2700
490.6700
491.3200
494.2100
504.3800
520.3700
526.6300
520.5700
530.5400
542.5200
517.9000
496.0500
488.6200
496.8100
505.6100
506.4300
499.6900
481.1100
476.5100
480.7500
480.1500
481.8900
492.9800
477.4400
472.4100
482.7700
480.5300
480.1800
480.0900
479.4100
473.0300
472.7700
475.7900
478.1500
512.9700
548.1900
558.6900
564.5800
558.7800
565.5700
580.4600
606.4700
608.0800
607.9500
607.4700
605.8100
602.7300
608.2800
610.2700
614.1400
612.6800
614.4400
614.9400
616.8300
624.2400
619.0600
618.0300
618.3800
590.6900
571.5800
556.6100
555.5800
552.8500
537.9500
524.8800
502.4000
489.3700
488.2800
477.1900
466.7700
467.7800
449.4200
434.5700
432.1400
421.5000
417.3300
404.7700
401.9900
390.6900
396.1400
412.0400
403.3300
445.7000
435.7500
474.6200
470.6200
498.2400
516.8700
546.2000
580.2500
596.8300
617.8500
637.5600
637.6600
628.9900
649.5600
649.8900
658.0800
661.8900
665.7800
677.1900
679.6000
692.4400
688.5700
686.6900
686.9400
663.1600
639.0800
632.3100
633.7400
643.9800
635.2600
626.9800
608.4200
602.1800
606.6000
605.3800
604.7300
617.6200
617.5300
616.6100
620.3400
620.7400
626.1000
627.0600
628.7400
628.7500
631.4200
634.2300
637.2700
672.8500
702.1800
714.2300
721.0400
715.9700
722.0400
731.0900
760.1500
769.4700
765.9200
769.6500
766.9900
769.9100
771.1200
768.1400
778.9000
770.8400
769.9100
776.0700
770.8700
778.9500
781.0500
784.1800
787.6600
765.5600
741.1600
731.5600
722.8200
724.2500
707.5300
691.7300
675.3300
648.3100
636.4000
628.8400
620.1700
630.1500
619.9500
607.0700
605.0700
608.7800
602.7800
592.7900
586.8700
594.2100
585.7200
607.2700
609.8500
622.8800
658.1700
662.2100
679.7900
690.9300
707.4900
728.3100
755.0600
771.5400
775.6300
786.5800
798.8700
794.4800
800.4400
809.4900
813.9700
822.7700
826.9200
830.3600
827.4400
830.9700
835.4000
848.6600
852.6900
819.1200
786.4600
