5.7856
5.8837
6.0673
6.4701
6.7558
6.9805
7.2028
7.6543
7.9009
7.9913
8.1895
8.1568
8.1240
8.0928
8.1514
8.1198
8.0260
7.4538
7.0260
6.4331
5.6881
5.1631
5.0038
5.1647
5.0824
4.8119
4.5879
4.4184
4.3526
4.3415
4.2523
4.1661
4.0731
4.0265
3.9774
3.9168
3.7944
3.6662
3.5327
3.4317
3.3417
3.2800
3.1913
3.0069
2.7693
2.4541
2.1953
2.0484
2.1611
2.4410
2.7239
3.1219
3.4212
3.6719
3.8152
3.8537
3.8370
3.6977
3.8835
4.0037
4.1329
4.7501
5.4130
7.7629
8.0297
8.6678
8.7340
9.0297
9.2940
9.0705
9.2109
9.0972
9.1799
9.1257
9.1867
9.4144
9.7067
9.3060
9.5923
9.5544
9.3698
9.4691
9.7347
9.4184
9.4245
9.7205
9.4612
9.1554
9.3354
9.2572
9.3884
9.5150
9.3850
9.4903
9.3424
9.2656
9.4037
9.5535
9.5655
9.3350
9.1414
8.9626
8.8473
8.7540
8.7274
8.7936
8.9827
9.0582
9.1026
9.1871
9.2657
9.0904
8.8590
8.3212
7.8270
7.3874
6.2009
5.6704
5.1142
4.9874
5.2631
5.4518
5.4443
5.1673
4.9790
4.8598
4.9874
5.0468
5.0840
4.9766
4.9677
4.9751
5.1404
5.3414
5.5488
5.7507
5.8369
5.8278
5.8289
5.8126
5.7919
5.8773
5.8102
5.6380
5.4288
5.3228
5.7723
5.0607
5.4468
5.6755
5.1753
5.0985
4.7713
4.2036
3.9039
3.8281
4.0443
3.7329
3.3550
3.2063
0.5386
3.2003
3.4160
2.1606
1.2037
0.9904
1.3550
2.1098
2.6408
2.8918
4.4284
6.0333
6.8626
7.5028
8.3772
8.6946
8.7588
8.9630
8.8954
8.8926
8.9102
9.1936
9.0226
8.9634
8.9837
9.2591
9.0151
9.0098
9.0239
9.0655
9.1488
9.2335
9.1466
8.9610
8.9101
8.8811
8.9062
8.8728
8.7999
8.8584
8.8891
8.8677
8.7859
8.7097
8.6570
8.4640
8.3223
8.1625
7.9535
7.4643
6.7405
6.4562
5.8751
4.9980
4.4432
4.1283
3.8846
3.9243
4.1482
4.0444
4.0067
4.2960
4.4276
4.5332
4.5844
4.5290
4.4671
4.4277
4.4628
4.5498
4.6729
4.7185
4.7208
4.7269
4.6199
4.4763
4.4103
4.4246
4.4961
4.6256
4.5282
4.3947
4.1536
3.8063
3.3974
2.6011
2.3228
2.5159
2.4443
2.6710
2.8193
3.7210
4.2493
3.8904
4.3488
4.5892
4.8727
4.6903
5.1583
6.8277
8.3021
8.5293
8.3845
8.4139
8.4678
8.6508
8.8760
9.0595
8.7463
8.9263
8.9032
8.9945
9.0608
8.8679
9.0780
9.0219
9.1102
9.2606
9.2737
9.2337
9.0565
9.0832
8.9967
9.0014
9.1239
9.1232
9.0820
9.1110
9.1135
9.0932
9.0461
8.9898
8.8561
8.6728
8.4697
8.3282
8.1393
8.0047
7.9103
7.6906
7.6251
7.6309
7.5390
7.4817
7.3580
6.9261
6.1937
5.8396
5.2487
4.3334
3.5806
3.2165
3.1428
3.2285
3.0354
2.7107
2.5858
2.5208
2.2235
2.1731
2.0928
1.9198
1.9841
2.0882
2.3016
2.5677
2.9221
3.3489
3.8725
4.1761
4.3892
4.6368
4.8223
5.4599
6.1697
5.9303
6.2136
6.5766
6.4675
7.2118
7.7566
7.7270
8.0464
7.1479
7.2048
7.3546
7.9811
8.1737
8.1177
7.6884
7.3137
7.2742
7.1758
6.9521
7.0571
7.0744
7.2063
7.3253
7.3766
7.2826
7.4046
7.7307
7.9228
7.9730
8.0739
8.1311
8.1341
8.2061
8.2655
8.1497
8.1026
8.0541
8.0192
7.9003
7.9195
7.8579
7.8236
