-0.6552
-0.7091
-0.7216
-0.7525
-0.7922
-0.8205
-0.8245
-0.8003
-0.7922
-0.8227
-0.8451
-0.8920
-0.9469
-0.9809
-1.0032
-1.0308
-1.0893
-1.2172
-1.2095
-1.0896
-0.8416
-0.5068
-0.0974
0.3707
0.7998
1.2064
1.6276
2.0978
2.6437
3.1131
3.4839
3.8431
4.2920
4.7340
5.0756
5.3740
5.6761
5.9807
6.2623
6.5072
6.7340
6.9329
7.0868
7.2024
7.2666
7.2660
7.1994
7.0924
6.9243
6.7735
6.6852
6.6772
6.7744
6.9220
6.9831
7.0153
7.0506
7.0519
7.0668
7.1078
7.1766
7.2252
7.1470
5.9123
5.1539
4.6789
4.2253
3.8147
3.4901
3.1957
3.0400
2.8493
2.6496
2.5167
2.3606
2.2166
2.0526
1.8218
1.6578
1.4786
1.2965
1.1997
1.1377
1.0212
0.9624
0.8857
0.7088
0.6015
0.5451
0.4936
0.4519
0.4197
0.3809
0.3775
0.3577
0.3735
0.4283
0.3860
0.3297
0.2597
0.2192
0.2292
0.2095
0.1631
0.1528
0.1643
0.2146
0.2424
0.2227
0.1739
0.1476
0.1376
0.0597
-0.0761
-0.0290
-0.0111
0.0976
0.3701
0.6944
1.0944
1.6075
2.0715
2.4664
2.8514
3.2632
3.7542
4.3089
4.7475
5.0974
5.5098
5.9410
6.2859
6.6192
6.8751
7.0822
7.2244
7.3365
7.4343
7.5156
7.5927
7.6783
7.7731
7.8637
7.9341
7.9911
8.0459
8.0990
8.1251
8.1534
7.9788
7.8995
7.9581
7.9774
7.9739
7.9516
7.9189
7.7411
7.5400
7.4031
7.2475
6.4090
5.2746
5.3442
5.4874
5.7295
5.6644
5.6368
5.5138
5.1363
4.7964
4.3540
3.8912
3.5540
3.2281
3.0319
2.7926
2.5369
2.3928
2.2042
2.1251
2.1180
2.0157
1.8349
1.7359
1.6973
1.6676
1.5124
1.3878
1.2573
1.3140
1.3801
1.4232
1.4245
1.4625
1.5691
1.6717
1.8655
2.0494
2.2325
2.3617
2.4538
2.5763
2.7298
2.7668
2.6788
2.3578
2.0394
1.9166
1.7846
1.6034
1.3042
1.3799
1.3868
1.4677
1.7295
2.0948
2.5433
3.1179
3.6579
4.0410
4.4571
4.9168
5.2482
5.5608
5.7906
6.0149
6.2138
6.4054
6.5857
6.7420
6.8722
6.9882
7.0997
7.2038
7.3000
7.3817
7.4470
7.5059
7.5680
7.6353
7.7084
7.7861
7.8558
7.8937
7.8648
7.4907
6.8913
6.9198
7.0406
7.0952
7.1213
7.0419
6.8276
6.7508
6.8446
7.0439
7.0702
6.8175
6.4713
5.4277
4.5410
4.0776
3.7908
3.7135
3.5317
3.3845
3.1994
2.8956
2.6509
2.6059
2.5651
2.4869
2.3718
2.1980
2.0114
1.7638
1.6181
1.5868
1.5865
1.5218
1.4270
1.3126
1.3151
1.3988
1.4352
1.3754
1.2519
1.1441
1.1907
1.2525
1.2874
1.3760
1.4493
1.4746
1.4392
1.4519
1.5280
1.7309
1.9642
2.0182
1.9884
1.9174
1.7953
1.6622
1.5079
1.3479
1.0631
1.1058
1.0433
0.9757
1.1386
1.4507
1.9147
2.3878
2.7728
3.1300
3.5659
4.0286
4.3603
4.6970
4.9865
5.2006
5.3368
5.3724
5.3734
5.3538
5.2803
5.1180
4.9823
4.9987
5.0365
4.9682
4.9355
4.7136
4.4725
4.7811
4.9155
4.9567
5.2081
5.0712
5.0674
4.9356
4.6694
4.7866
4.9785
4.9771
4.8841
4.8025
4.6925
4.5742
4.3902
4.1370
3.8665
3.5993
3.2588
2.9056
2.5889
2.2098
1.9383
1.6820
1.4899
1.4086
1.3354
1.2115
1.1692
1.0458
0.9017
0.7992
0.7350
0.6312
0.5858
0.5573
0.4897
0.3993
0.3653
0.3481
0.2997
