-1.3682
-1.5218
-1.4543
-1.6180
-1.8027
-1.7789
-1.8533
-1.9939
-1.9675
-1.9155
-2.0396
-2.0339
-1.9505
-1.7997
-1.6300
-1.4566
-1.3327
-1.1299
-0.8216
-0.5188
-0.2949
-0.1854
-0.0783
0.2090
0.4803
0.6579
0.7059
0.7732
0.9459
1.2028
1.4071
1.4804
1.5864
1.7492
1.9288
2.0234
2.0246
2.0354
2.0472
1.9791
1.9210
1.9041
1.8133
1.6086
1.2670
0.8350
0.2682
-0.2745
-0.8710
-1.4913
-1.9690
-2.4311
-2.7222
-2.9227
-3.0250
-3.0174
-2.8834
-2.5758
-2.3639
-2.0164
-1.3518
-0.8859
-0.7674
-2.8329
-2.9382
-3.3559
-3.1421
-3.1617
-2.7269
-2.5097
-2.2136
-1.9177
-1.6953
-1.4344
-1.4801
-1.6006
-1.4594
-0.8807
-0.9564
-0.6506
0.0032
0.0070
-0.0983
0.0426
-0.0480
-0.2172
0.0044
0.0959
0.0025
0.0745
0.3098
0.3851
0.5636
0.5994
0.7204
0.8932
0.9044
0.9349
1.0109
1.1262
1.2321
1.4316
1.5799
1.5994
1.5937
1.5411
1.4625
1.4817
1.5475
1.6477
1.7200
1.7422
1.7554
1.7620
1.9293
2.0236
1.9022
1.7565
1.7879
1.7949
2.2165
2.5824
2.6556
2.6793
2.6604
2.7222
3.0389
3.3276
3.5066
3.6083
3.8508
4.0681
4.4350
4.7247
5.0012
5.1881
5.2323
5.1727
5.1201
5.0642
4.9791
5.0684
5.1504
5.0974
4.9562
4.9329
5.4825
4.6608
5.0847
5.6029
5.0354
4.9666
4.6571
4.0886
3.7686
3.1545
2.8500
2.6749
2.6635
2.3342
0.5274
-1.2751
-1.6133
-1.4110
-1.1158
-0.9638
-0.5227
-0.0768
-0.2987
-0.2317
-0.5219
-0.0434
0.0322
0.4533
1.1221
1.4007
1.4827
1.7583
2.0160
2.1766
2.1101
2.1527
2.2669
2.3714
2.4722
2.5504
2.5804
2.7689
2.9397
3.0765
3.2017
3.3922
3.5233
3.6184
3.7459
3.9060
3.9533
4.1077
4.4835
4.6689
4.8190
4.9600
4.9973
5.0739
5.1035
5.1853
5.4168
5.4808
5.5258
5.2352
4.7576
4.6788
4.4456
3.8719
3.5423
3.2950
3.2065
3.3125
3.6488
3.5680
3.4856
3.8413
4.0810
4.2660
4.3713
4.3252
4.2653
4.1945
4.1434
4.1748
4.2572
4.2593
4.2803
4.2866
4.2309
4.0758
3.8565
3.6420
3.4313
3.2824
3.1391
3.0346
2.9413
2.7948
2.2399
0.7229
-0.8523
-1.3933
-1.5160
-1.7773
-1.9646
-2.2447
-1.9057
-1.2151
-0.5377
0.4702
0.6299
0.6391
0.2456
-1.7090
-2.5942
-2.2684
-1.8106
-1.9051
-2.0717
-2.1834
-2.4190
-2.1558
-1.7659
-1.5950
-1.4652
-1.3398
-1.0714
-0.7067
-0.6086
-0.3856
-0.4666
-0.4211
-0.2168
0.1190
0.2670
0.4729
0.7900
0.9666
1.0298
1.2325
1.4705
1.7740
2.0518
2.2758
2.3614
2.4018
2.3978
2.5128
2.6684
2.6890
2.6729
2.6413
2.5476
2.4927
2.5055
2.5301
2.6296
2.6433
2.6343
2.5191
2.1152
1.9062
1.7082
1.4922
1.4002
1.2969
1.2846
1.3055
1.2099
0.9502
0.7488
0.6395
0.4341
0.1920
-0.1079
-0.5297
-0.9591
-1.4680
-1.8703
-2.2947
-2.7271
-3.2057
-3.7630
-4.0637
-4.2588
-4.5246
-4.7377
-5.2653
-5.5514
-5.5097
-5.8262
-5.9511
-5.8715
-6.3707
-6.6508
-6.5389
-6.2118
-5.8221
-6.1090
-6.4006
-6.9285
-6.7130
-6.1087
-5.0159
-4.4492
-4.3449
-3.9340
-3.8423
-3.5475
-3.3555
-3.4484
-3.3820
-3.2556
-3.3080
-3.3836
-3.5058
-3.5432
-3.5023
-3.4702
-3.3553
-3.1306
-2.7814
-2.5525
-2.4412
-2.3763
-2.3092
-2.2871
-2.1587
-2.1002
-2.2023
-2.3739
