5.6215
5.6835
5.8904
6.2645
6.5108
6.7501
6.9603
7.3900
7.6520
7.7583
7.9315
7.8992
7.8864
7.8902
7.9868
7.9881
7.9146
7.3677
6.9778
6.4121
5.6804
5.1598
5.0031
5.1605
5.0597
4.7667
4.5333
4.3502
4.2486
4.1716
4.0127
3.8942
3.7515
3.6267
3.4784
3.3537
3.2090
3.0493
2.8791
2.8035
2.7343
2.6707
2.6261
2.5404
2.4625
2.3077
2.1788
2.0299
1.9778
1.9325
1.8823
1.9585
2.0722
2.2227
2.3248
2.3971
2.5315
2.6530
3.0812
3.4588
3.9056
4.6668
5.3583
7.2275
7.4728
7.9918
8.1493
8.4581
8.8849
8.7164
8.9410
8.8928
9.0220
9.0123
9.0667
9.2773
9.5964
9.2642
9.5446
9.5322
9.3698
9.4691
9.7342
9.4183
9.4244
9.7181
9.4612
9.1549
9.3354
9.2569
9.3833
9.5072
9.3681
9.4713
9.3146
9.2225
9.3601
9.5077
9.5119
9.2668
9.0580
8.8475
8.7051
8.6067
8.5807
8.6575
8.8628
8.9362
8.9701
9.0381
9.1047
8.9219
8.6833
8.1325
7.5855
7.1048
5.9020
5.3915
4.7915
4.6533
4.7736
4.8014
4.7527
4.4185
4.2087
4.0258
3.9546
3.7944
3.6811
3.4274
3.1383
2.8640
2.5990
2.4915
2.4034
2.4807
2.5871
2.6845
2.7858
2.8532
2.9588
2.9755
2.6892
2.4091
2.2154
1.9997
1.8059
1.9717
1.9527
0.9049
1.1951
1.1524
1.0378
0.9764
1.0188
2.1688
2.8695
2.6038
2.0401
2.1982
0.1094
-2.9353
-3.0111
-1.6362
-0.4516
0.2281
1.2502
2.1084
2.6239
2.8825
4.3975
6.0332
6.8625
7.4891
8.3017
8.5810
8.6324
8.7888
8.6639
8.6221
8.6568
8.9380
8.7331
8.6440
8.6368
8.9009
8.6379
8.5738
8.5316
8.5276
8.5703
8.5878
8.4408
8.1980
8.0844
7.9760
7.9807
7.8647
7.5721
7.5281
7.4695
7.3508
7.2264
7.0792
6.9927
6.6897
6.3181
6.0488
5.7204
5.3206
4.7749
4.4487
3.8410
3.1605
2.6823
2.4871
2.1928
2.1042
1.9732
1.9043
1.9758
1.9235
1.7173
1.5335
1.3815
1.3434
1.3274
1.4180
1.6580
1.8088
1.9266
2.0304
1.9912
1.9923
1.8556
1.8506
2.1397
2.5127
2.9055
3.2591
3.2636
3.1788
2.9328
2.5839
2.5545
2.4987
2.1608
2.0948
1.9173
1.9938
2.0220
2.9677
3.7981
3.6958
4.3154
4.5650
4.8318
4.6465
5.1524
6.6104
7.8864
8.2221
8.1867
8.1953
8.2104
8.3707
8.5400
8.7993
8.5662
8.7826
8.7818
8.8942
8.9972
8.8397
9.0576
9.0137
9.0983
9.2511
9.2711
9.2329
9.0526
9.0709
8.9619
8.9493
9.0656
9.0396
8.9622
8.9366
8.8795
8.8038
8.7325
8.6630
8.5253
8.3008
8.0384
7.8822
7.6879
7.5564
7.4889
7.2755
7.2017
7.1992
7.0655
6.9992
6.8703
6.4518
5.8213
5.5197
4.9630
4.0684
3.2954
2.9435
2.8683
2.9528
2.7838
2.5387
2.4750
2.4383
2.1807
2.1646
2.0900
1.8453
1.7368
1.4852
1.3414
1.1522
1.0494
0.9686
0.9147
0.9623
1.0620
1.0139
0.8994
1.4449
2.6921
2.1935
2.1597
2.7992
2.7117
3.3800
3.9916
4.1171
5.1145
4.1468
3.8196
3.6226
3.9616
4.6631
5.3461
5.8269
5.8048
5.8340
6.0013
5.7938
6.1007
6.2280
6.3276
6.4979
6.6194
6.4880
6.5863
6.8901
7.0864
7.1626
7.2901
7.4065
7.5075
7.7204
7.8615
7.7755
7.7463
7.7159
7.6861
7.5996
7.6360
7.5430
7.4548
