-0.0000
-0.0050
-0.0035
-0.0027
-0.0033
-0.0033
-0.0042
-0.0037
-0.0046
-0.0038
-0.0013
0.0000
-0.0004
-0.0015
-0.0012
-0.0016
-0.0020
-0.0022
-0.0010
-0.0026
-0.0018
-0.0014
0.0010
0.0050
0.0070
0.0055
0.0072
0.0101
0.0158
0.0195
0.0186
0.0183
0.0234
0.0299
0.0311
0.0302
0.0313
0.0337
0.0369
0.0399
0.0488
0.0602
0.0761
0.0979
0.1253
0.1446
0.1451
0.1308
0.1072
0.0769
0.0512
0.0346
0.0204
0.0159
0.0225
0.0255
0.0315
0.0403
0.0474
0.0515
0.0542
0.0568
0.0655
0.0642
0.0136
0.0016
-0.0016
-0.0014
-0.0092
-0.0110
-0.0103
-0.0096
-0.0066
-0.0146
-0.0069
-0.0135
-0.0073
-0.0044
-0.0110
-0.0062
-0.0103
-0.0173
-0.0145
-0.0146
-0.0120
-0.0061
-0.0019
-0.0052
-0.0075
-0.0041
-0.0071
-0.0075
-0.0090
-0.0125
-0.0099
-0.0106
-0.0127
-0.0132
-0.0098
-0.0064
-0.0079
-0.0068
-0.0090
-0.0106
-0.0106
-0.0143
-0.0124
-0.0098
-0.0107
-0.0113
-0.0113
-0.0096
-0.0087
-0.0077
-0.0071
-0.0076
-0.0055
-0.0077
-0.0047
-0.0066
0.0019
0.0046
0.0033
0.0045
0.0046
0.0040
0.0075
0.0107
0.0093
0.0109
0.0160
0.0169
0.0174
0.0110
0.0070
0.0020
0.0004
0.0014
-0.0005
-0.0028
-0.0021
0.0095
0.0311
0.0450
0.0462
0.0423
0.0145
-0.0060
0.0060
0.0335
-0.0158
-0.0204
-0.0134
0.0241
0.0400
0.0406
0.0520
0.0380
0.0433
0.0637
0.1474
0.0340
-0.0109
-0.0112
-0.0066
0.0072
-0.0004
0.0174
0.0368
0.0140
0.0022
-0.0109
-0.0043
0.0048
0.0009
-0.0001
0.0032
-0.0025
-0.0026
-0.0013
-0.0130
-0.0081
-0.0055
-0.0087
-0.0147
-0.0091
-0.0021
-0.0051
-0.0087
-0.0095
-0.0107
-0.0089
-0.0114
-0.0131
-0.0128
-0.0119
-0.0124
-0.0100
-0.0116
-0.0114
-0.0108
-0.0109
-0.0106
-0.0103
-0.0092
-0.0025
-0.0060
-0.0089
-0.0099
-0.0108
-0.0108
-0.0115
-0.0115
-0.0075
-0.0081
-0.0090
-0.0073
-0.0000
0.0066
0.0023
0.0046
0.0123
0.0108
0.0125
0.0075
0.0051
0.0046
0.0065
0.0083
0.0078
0.0047
-0.0000
-0.0002
-0.0026
-0.0009
0.0077
0.0217
0.0334
0.0331
0.0147
-0.0084
-0.0160
-0.0065
0.0099
0.0555
0.1429
0.1211
0.0710
0.0538
0.0440
0.0378
0.0412
0.0585
0.0580
0.0493
0.0311
0.0235
0.0284
0.0316
0.0447
0.0019
0.0008
-0.0100
-0.0020
-0.0059
-0.0104
-0.0103
-0.0048
-0.0057
-0.0104
-0.0101
-0.0077
-0.0057
-0.0054
-0.0058
-0.0062
-0.0103
-0.0124
-0.0104
-0.0096
-0.0103
-0.0084
-0.0046
-0.0092
-0.0099
-0.0100
-0.0092
-0.0105
-0.0112
-0.0118
-0.0123
-0.0122
-0.0101
-0.0073
-0.0086
-0.0111
-0.0121
-0.0129
-0.0127
-0.0100
-0.0079
-0.0061
-0.0040
-0.0029
-0.0041
-0.0075
-0.0066
-0.0052
-0.0019
0.0020
0.0016
-0.0002
0.0023
0.0074
0.0105
0.0124
0.0156
0.0261
0.0331
0.0399
0.0475
0.0485
0.0376
0.0157
-0.0103
-0.0244
-0.0263
-0.0187
-0.0055
0.0067
0.0103
0.0090
0.0049
0.0333
0.0079
-0.0180
0.0162
-0.0003
0.0039
0.0202
0.0009
-0.0050
-0.0369
-0.0489
-0.0180
-0.0080
0.0073
0.0346
0.0444
0.0234
0.0080
0.0066
-0.0026
-0.0110
-0.0045
-0.0084
-0.0129
-0.0100
-0.0104
-0.0085
-0.0031
-0.0034
0.0027
0.0015
-0.0008
-0.0011
-0.0002
0.0002
0.0007
-0.0003
-0.0046
-0.0060
-0.0031
-0.0046
-0.0083
-0.0082
-0.0073
