4.8330
5.3170
5.7960
6.2640
6.4950
6.6680
6.6940
6.6710
6.5150
6.4270
6.5530
6.5330
6.6860
6.7650
7.0350
7.7220
8.4090
8.6480
9.1670
9.3010
9.4120
9.3220
9.3150
8.5210
8.3710
8.3280
8.4410
8.3150
8.3850
8.4260
8.1110
7.5130
7.5320
7.9840
7.9630
8.0590
7.9490
7.7880
7.8300
7.6560
7.1260
6.8730
6.8290
6.7270
6.9140
6.1130
6.5160
6.4090
6.2380
6.3120
6.2070
6.1060
5.9440
5.8710
6.0070
5.9300
6.1030
5.9270
6.0360
5.9330
5.9900
5.8340
5.7720
5.2390
5.3670
5.0810
5.3030
5.1470
4.8860
5.3140
5.6030
5.5930
6.0100
5.8870
5.8100
5.6340
5.4810
5.2000
5.0490
4.7120
4.6940
4.6780
4.6750
4.5330
4.4980
4.3690
4.1350
4.1410
4.3880
4.3810
4.5580
4.5000
4.5410
4.4640
4.2270
4.1300
4.1140
4.0480
3.9120
3.9100
3.8240
3.8730
3.8970
3.8960
3.9660
3.9650
4.0180
4.0120
4.0030
4.0010
3.9770
4.0000
4.0180
4.0040
3.9640
3.8620
3.7910
3.7560
3.7470
3.7750
3.7880
3.7820
3.7390
3.7100
3.7040
3.7080
3.7320
3.7680
3.8370
3.9060
3.9730
4.0370
4.1000
4.1840
4.2680
4.3360
4.4060
4.4860
4.5470
4.5960
4.6330
4.6690
4.7220
4.8030
4.9420
5.0740
5.2700
5.4030
5.5920
5.7620
5.6890
5.6750
5.5960
5.3260
5.2530
5.3490
5.2300
5.0400
5.1230
5.2400
5.2480
5.1440
5.1320
5.2020
5.1180
5.1980
5.4120
5.4530
5.3270
5.2960
5.2430
4.9890
4.9160
5.1590
5.3090
5.4190
5.4050
5.3810
5.3870
5.2970
5.3830
5.5010
5.5500
5.5800
5.5910
5.5170
5.5270
5.6400
5.7900
5.9140
5.9470
5.8260
5.7610
5.8440
5.9610
5.9700
5.9770
6.0080
6.0110
6.0280
6.1240
6.2310
6.2080
6.1360
6.0070
5.9570
6.0000
6.0820
6.1510
6.1470
6.1870
6.1130
6.1110
6.0560
5.9570
5.9800
6.2410
6.4340
6.4000
6.6030
6.6990
6.5300
6.4290
6.4250
6.2560
6.2590
6.2960
6.5130
6.4570
6.4490
6.3270
6.4650
6.5300
6.5550
6.4300
6.5080
6.5300
6.5360
6.4700
6.3200
6.5740
6.6760
6.6600
6.5840
6.6080
6.7110
6.7240
6.7960
6.2600
6.3790
6.2090
5.9990
5.8160
5.6890
5.6300
5.6200
5.5490
5.7450
5.9240
6.2260
6.3370
6.4620
6.4950
6.6630
6.7070
6.7390
6.8820
7.0480
7.3630
7.4260
7.4860
7.6470
7.5630
7.2110
7.3820
7.4450
7.3230
7.0750
7.0560
6.9120
6.5920
6.4250
6.4110
6.3990
6.1860
6.0570
6.1720
6.1810
6.4350
6.5190
6.2280
6.0550
6.6660
8.0210
8.3930
8.0590
7.8290
7.5740
7.3080
7.1590
7.2240
7.4470
7.2340
6.9040
6.4520
6.1640
6.0620
6.2030
6.1090
6.0960
6.1090
6.2150
6.4130
6.4030
6.2980
6.2250
6.2370
6.3280
6.4090
6.2240
5.7270
5.4500
5.3030
5.2070
5.2170
5.2610
5.3520
5.3900
5.2390
5.0550
4.9830
5.0440
5.1020
5.0840
5.0430
5.0350
5.0360
5.0140
4.9560
4.9420
5.0190
5.1250
5.2110
5.2560
5.2810
5.2550
5.1990
5.1730
5.1730
5.1590
5.1230
5.0630
4.9450
4.7790
4.6870
4.6030
4.4160
4.2550
4.1950
4.1750
4.1180
4.0520
3.9740
3.9290
3.9320
3.9720
3.9640
3.8630
3.6420
3.5090
3.4310
3.3800
3.3650
3.3650
3.3670
3.3650
3.3600
