380.5500
400.6100
429.4700
427.4800
474.8100
449.8000
461.8800
449.1600
455.6000
462.6900
459.2900
463.2900
440.3600
438.2800
456.7300
483.9800
509.4900
512.4700
509.6700
537.3200
559.5400
572.2900
557.0800
609.3200
613.1100
639.5500
626.0400
639.4500
641.1800
662.1600
668.2000
693.7800
698.2700
687.5100
689.3000
691.4700
698.5000
696.7300
685.7600
673.0700
668.4200
653.5400
652.3500
677.7100
659.2100
705.5800
667.9400
640.1400
660.9600
657.8300
664.9800
675.6900
701.6900
687.8100
662.8100
652.6900
645.1500
654.2900
666.3900
691.2000
696.0000
709.7300
699.3700
739.4700
734.7000
753.5700
736.6600
763.6600
798.3500
788.3600
759.2400
756.8700
727.0900
757.1400
773.2900
794.4200
811.8800
833.1800
848.2300
876.1800
886.6700
899.5500
908.6400
934.3800
944.3100
958.4100
986.9800
966.1900
923.6900
917.6600
905.2500
925.7700
916.6400
908.3000
903.8000
899.7000
907.4400
918.0000
927.8600
933.1600
930.3600
916.5600
911.5200
910.1200
907.4100
906.8800
896.9800
889.4400
886.3400
887.4400
889.7700
922.4400
949.9400
956.7300
959.2500
953.4100
962.5900
977.2800
999.2500
1012.6000
1014.9000
1021.6000
1028.9000
1037.5000
1054.5000
1067.6000
1070.3000
1073.9000
1076.6000
1082.0000
1087.6000
1095.6000
1099.4000
1099.7000
1104.4000
1090.4000
1076.9000
1072.4000
1068.6000
1071.0000
1068.2000
1054.2000
1039.5000
1027.4000
1019.4000
1010.1000
996.4600
991.6100
966.7300
952.0800
961.1600
955.2700
955.6700
975.7200
971.4000
956.6400
962.8700
969.7600
961.7600
968.7500
979.5200
993.7800
998.4000
982.8700
999.5100
997.8500
998.5500
1005.8000
1025.2000
1033.8000
1043.1000
1048.5000
1062.5000
1064.0000
1069.5000
1075.9000
1087.8000
1095.9000
1098.4000
1101.5000
1104.0000
1105.4000
1104.7000
1061.7000
1023.9000
1020.3000
1010.6000
1010.5000
999.3300
979.2500
952.4200
941.6800
943.6600
937.3400
930.4400
942.6600
938.7700
924.3900
914.4300
905.8400
897.4500
889.7300
890.9800
889.3600
888.5000
891.0500
884.7900
907.5200
927.7000
932.3800
929.4300
920.3300
924.5800
937.4300
955.7300
966.4700
952.7500
938.2400
938.7000
919.4100
916.8400
931.8400
934.9600
930.8900
929.7100
923.9000
920.0800
908.3400
910.3200
902.3800
901.9900
866.6600
832.5500
820.7600
810.0900
807.0500
797.8000
781.7300
759.5100
749.9100
726.8300
713.9600
702.4200
702.4000
683.1500
656.2100
635.1700
618.0200
637.3500
614.1800
608.9700
619.9500
612.1100
624.8000
620.3800
642.6900
681.8200
678.2600
685.4600
668.7700
678.9700
696.7100
721.2200
735.5000
736.8800
740.9900
742.1000
724.2900
724.7900
729.5700
731.2900
733.3000
739.4700
749.8900
746.3900
749.7900
759.1000
758.7500
757.2200
728.5600
699.8900
688.7400
675.1600
681.0900
676.2400
666.8700
631.4400
618.4700
611.1700
601.9600
604.0000
623.5400
619.2800
623.2700
640.0800
645.5300
656.8300
672.0200
681.6200
682.9700
686.7300
697.4900
704.5300
732.5300
767.2100
776.7700
784.4200
786.1000
797.6600
813.2700
835.0700
851.5600
855.2200
866.0900
885.8400
889.3300
899.8800
914.6400
929.5900
944.3000
956.1800
968.9500
978.2000
993.7700
1010.4000
1025.4000
1037.8000
1028.8000
1019.7000
1021.9000
1027.5000
1039.6000
1042.4000
1041.5000
1034.2000
1030.7000
1033.9000
1036.4000
1039.5000
1053.9000
1059.0000
1060.6000
1066.5000
1070.7000
1077.5000
1081.2000
1090.3000
1091.2000
1092.4000
1097.8000
1101.2000
1118.7000
1134.2000
1145.2000
1150.1000
1148.5000
1160.1000
1170.6000
1184.5000
1199.5000
1215.8000
1233.6000
1246.9000
1252.0000
1260.9000
1275.9000
1285.6000
1298.6000
1307.5000
1317.6000
1318.6000
1332.6000
1345.3000
1357.6000
1368.9000
1343.5000
1320.8000
