6.8686
7.6362
8.3972
9.1391
9.5064
9.7812
9.8218
9.7853
9.5376
9.3978
9.5977
9.5661
9.8092
9.9344
10.3622
11.4525
12.5439
12.9230
13.7464
13.9586
14.1343
13.9918
13.9815
12.7201
12.4827
12.4153
12.5947
12.3946
12.5057
12.5700
12.0700
11.1214
11.1515
11.8693
11.8361
11.9877
11.8130
11.5570
11.6247
11.3477
10.5074
10.1056
10.0353
9.8742
10.1704
8.9000
9.5394
9.3698
9.0978
9.2156
9.0483
8.8895
8.6313
8.5164
8.7323
8.6090
8.8840
8.6050
8.7770
8.6143
8.7047
8.4564
8.3582
7.5138
7.7156
7.2618
7.6151
7.3668
6.9525
7.6320
8.0910
8.0746
8.7368
8.5416
8.4186
8.1402
7.8964
7.4508
7.2114
6.6775
6.6488
6.6226
6.6182
6.3927
6.3374
6.1324
5.7618
5.7711
6.1621
6.1518
6.4317
6.3403
6.4050
6.2839
5.9067
5.7538
5.7276
5.6224
5.4075
5.4044
5.2679
5.3448
5.3831
5.3826
5.4933
5.4909
5.5749
5.5655
5.5524
5.5482
5.5104
5.5476
5.5757
5.5526
5.4905
5.3278
5.2155
5.1602
5.1448
5.1896
5.2107
5.2012
5.1328
5.0870
5.0779
5.0834
5.1223
5.1796
5.2878
5.3981
5.5046
5.6058
5.7051
5.8390
5.9718
6.0802
6.1912
6.3179
6.4148
6.4927
6.5508
6.6078
6.6928
6.8211
7.0415
7.2516
7.5621
7.7739
8.0739
8.3437
8.2276
8.2047
8.0798
7.6512
7.5354
7.6871
7.4983
7.1965
7.3295
7.5139
7.5265
7.3616
7.3436
7.4547
7.3211
7.4485
7.7878
7.8529
7.6530
7.6032
7.5191
7.1166
7.0001
7.3867
7.6243
7.7984
7.7763
7.7378
7.7472
7.6054
7.7417
7.9286
8.0060
8.0537
8.0716
7.9541
7.9693
8.1496
8.3868
8.5842
8.6369
8.4448
8.3421
8.4723
8.6592
8.6734
8.6836
8.7326
8.7388
8.7648
8.9179
9.0871
9.0508
8.9362
8.7322
8.6529
8.7207
8.8507
8.9595
8.9542
9.0169
8.9001
8.8963
8.8098
8.6530
8.6895
9.1026
9.4092
9.3552
9.6772
9.8292
9.5617
9.4012
9.3950
9.1267
9.1308
9.1901
9.5345
9.4464
9.4334
9.2393
9.4577
9.5617
9.6016
9.4024
9.5266
9.5608
9.5703
9.4668
9.2290
9.6307
9.7925
9.7671
9.6467
9.6861
9.8492
9.8700
9.9843
9.1337
9.3212
9.0527
8.7197
8.4290
8.2263
8.1338
8.1174
8.0046
8.3156
8.5995
9.0787
9.2558
9.4531
9.5062
9.7720
9.8419
9.8925
10.1206
10.3837
10.8837
10.9832
11.0792
11.3338
11.2007
10.6425
10.9136
11.0127
10.8194
10.4259
10.3960
10.1675
9.6599
9.3957
9.3727
9.3532
9.0161
8.8103
8.9934
9.0082
9.4116
9.5442
9.0831
8.8073
9.7780
11.9281
12.5172
11.9875
11.6236
11.2181
10.7967
10.5602
10.6624
11.0161
10.6793
10.1551
9.4375
8.9814
8.8188
9.0421
8.8941
8.8729
8.8931
9.0613
9.3754
9.3601
9.1934
9.0772
9.0966
9.2409
9.3696
9.0765
8.2874
7.8476
7.6151
7.4622
7.4781
7.5485
7.6930
7.7525
7.5126
7.2207
7.1063
7.2033
7.2954
7.2677
7.2014
7.1891
7.1902
7.1567
7.0641
7.0413
7.1634
7.3316
7.4683
7.5396
7.5790
7.5382
7.4499
7.4078
7.4080
7.3854
7.3282
7.2333
7.0457
6.7832
6.6366
6.5040
6.2069
5.9520
5.8565
5.8251
5.7345
5.6295
5.5065
5.4346
5.4396
5.5022
5.4895
5.3293
4.9795
4.7673
4.6434
4.5625
4.5387
4.5397
4.5433
4.5390
4.5318
