-6.3913
-6.6395
-6.8352
-6.9531
-7.0500
-7.1714
-7.3280
-7.4202
-7.5098
-7.6063
-7.7177
-7.8071
-7.8738
-7.9234
-7.9794
-8.0731
-8.2063
-8.4724
-8.7436
-9.0332
-9.2927
-9.4996
-9.5723
-9.5990
-9.6069
-9.6222
-9.6670
-9.6480
-9.5666
-9.5170
-9.4730
-9.3991
-9.3417
-9.2859
-9.1881
-9.0749
-8.9352
-8.8413
-8.7356
-8.6144
-8.4857
-8.3964
-8.3567
-8.3485
-8.3546
-8.3421
-8.3369
-8.3090
-8.2867
-8.3119
-8.3201
-8.3180
-8.3206
-8.3272
-8.3281
-8.3258
-8.3368
-8.3392
-8.3416
-8.3588
-8.3707
-8.3871
-8.4001
-8.4140
-8.4250
-8.4376
-8.4354
-8.4086
-8.3719
-8.3422
-8.3378
-8.3518
-8.3976
-8.4621
-8.5313
-8.5881
-8.6242
-8.6532
-8.6639
-8.6690
-8.6706
-8.6789
-8.6785
-8.6655
-8.6449
-8.6233
-8.5971
-8.5748
-8.5469
-8.5109
-8.4742
-8.4441
-8.4183
-8.3989
-8.3878
-8.3833
-8.3857
-8.3904
-8.3933
-8.3945
-8.3946
-8.3953
-8.3984
-8.4039
-8.4123
-8.4215
-8.4283
-8.4306
-8.4301
-8.4289
-8.4265
-8.4227
-8.4184
-8.4161
-8.4172
-8.3848
-8.3412
-8.3066
-8.2624
-8.1996
-8.1377
-8.0862
-8.0299
-7.9734
-7.9202
-7.8661
-7.8134
-7.7689
-7.7473
-7.7249
-7.6894
-7.6427
-7.6025
-7.5838
-7.5751
-7.5614
-7.5485
-7.5432
-7.5385
-7.5339
-7.5238
-7.5173
-7.5122
-7.5093
-7.5198
-7.5173
-7.5133
-7.5050
-7.5366
-7.5906
-7.6367
-7.6750
-7.7076
-7.7343
-7.7515
-7.7814
-7.8262
-7.8816
-7.9329
-7.9772
-7.9913
-8.0769
-8.1096
-8.1376
-8.1588
-8.1921
-8.2333
-8.2489
-8.2541
-8.2594
-8.2694
-8.2800
-8.2897
-8.2963
-8.3041
-8.3126
-8.3243
-8.3384
-8.3538
-8.3662
-8.3757
-8.3867
-8.3932
-8.3943
-8.3912
-8.3992
-8.4099
-8.4091
-8.4094
-8.4068
-8.4064
-8.4105
-8.4102
-8.3982
-8.3893
-8.3861
-8.3983
-8.4079
-8.4013
-8.3881
-8.3727
-8.3492
-8.3232
-8.3035
-8.2886
-8.2896
-8.3023
-8.3263
-8.3567
-8.3859
-8.3928
-8.3726
-8.3309
-8.2860
-8.2296
-8.1976
-8.1452
-8.0961
-8.0530
-8.0293
-7.9932
-7.9437
-7.8909
-7.8579
-7.8139
-7.7566
-7.7131
-7.6856
-7.6533
-7.6319
-7.6042
-7.5912
-7.5910
-7.5855
-7.5434
-7.4678
-7.3449
-7.2131
-7.1335
-7.1279
-7.1354
-7.1643
-7.1511
-7.1359
-7.1022
-7.0838
-7.1005
-7.1197
-7.1375
-7.1442
-7.1969
-7.2564
-7.3178
-7.3793
-7.4555
-7.5349
-7.6134
-7.6592
-7.6833
-7.6885
-7.6730
-7.6651
-7.6750
-7.6614
-7.6554
-7.6397
-7.6171
-7.6128
-7.6329
-7.6342
-7.6476
-7.6380
-7.6836
-7.7203
-7.6766
-7.6398
-7.6205
-7.6051
-7.6112
-7.6246
-7.6426
-7.6411
-7.6237
-7.5857
-7.5717
-7.6107
-7.5998
-7.7093
-7.7623
-7.7590
-7.7549
-7.7827
-7.8071
-7.8819
-8.3171
-8.7900
-9.0361
-8.9736
-8.8621
-8.7569
-8.7182
-8.8923
-9.0568
-9.2076
-9.3771
-9.4012
-9.2783
-9.1737
-9.0789
-8.9198
-8.7787
-8.6789
-8.6278
-8.5721
-8.5202
-8.4510
-8.3649
-8.2945
-8.2196
-8.1255
-8.1049
-8.1205
-8.1564
-8.1960
-8.2724
-8.3649
-8.4685
-8.5450
-8.5575
-8.5055
-8.4749
-8.4825
-8.4864
-8.4877
-8.4894
-8.4804
-8.4745
-8.4632
-8.4416
-8.4159
-8.4018
-8.3915
-8.3825
-8.3872
-8.4205
-8.4610
-8.4896
-8.5160
-8.5476
-8.5809
-8.6143
-8.6420
-8.6595
-8.6670
-8.6641
-8.6506
-8.6442
-8.6539
-8.6593
-8.6573
-8.6481
-8.6425
-8.6477
-8.6650
-8.6841
-8.6972
-8.7012
-8.7074
-8.7386
-8.7663
-8.7621
-8.7387
-8.7147
-8.6880
-8.6617
-8.6372
-8.6135
