-6.8573
-7.5933
-8.3447
-9.0494
-9.4274
-9.6920
-9.6896
-9.6051
-9.3358
-9.0754
-9.2146
-8.9521
-9.2439
-9.3756
-9.6672
-10.1637
-10.7837
-11.1292
-12.3003
-12.4466
-12.9087
-12.8780
-13.4590
-12.1955
-12.1501
-11.7918
-12.0557
-12.1334
-12.1922
-12.2211
-11.8190
-10.9292
-10.9501
-11.7469
-11.7851
-11.9632
-11.8128
-11.5338
-11.6029
-11.3084
-10.4810
-10.1042
-9.9900
-9.7383
-9.9945
-8.4855
-9.2183
-8.8190
-8.1891
-8.2138
-8.0208
-7.6566
-7.5175
-7.3282
-7.0587
-6.8936
-7.0970
-6.8032
-6.9230
-6.9541
-6.9887
-6.8166
-6.8361
-6.0685
-6.1000
-5.7975
-5.7815
-5.5098
-5.5413
-5.7357
-5.6852
-5.5373
-5.8516
-5.7021
-5.4502
-5.2619
-5.0963
-4.9187
-4.8740
-4.7190
-4.6966
-4.7572
-4.8400
-4.7985
-4.8164
-4.7991
-4.6363
-4.5590
-4.6611
-4.5608
-4.6502
-4.6147
-4.7244
-4.7420
-4.6803
-4.8004
-4.9154
-4.9305
-4.8533
-4.8625
-4.8220
-4.8264
-4.8204
-4.7956
-4.8495
-4.8615
-4.9085
-4.9122
-4.9474
-4.9869
-4.9927
-5.0501
-5.0949
-5.0940
-5.0544
-4.9410
-4.8926
-4.8766
-4.8919
-4.9716
-5.0200
-5.0577
-5.0299
-5.0182
-5.0286
-5.0420
-5.0725
-5.1274
-5.2392
-5.3528
-5.4643
-5.5663
-5.6662
-5.7957
-5.9286
-6.0322
-6.1463
-6.2818
-6.3858
-6.4700
-6.5368
-6.5965
-6.6862
-6.8188
-7.0410
-7.2511
-7.5621
-7.7705
-8.0708
-8.3340
-8.1934
-8.1582
-8.0046
-7.5269
-7.4117
-7.5533
-7.3283
-7.0220
-7.1263
-7.3054
-7.2674
-7.0935
-7.0720
-7.1626
-6.9934
-7.1217
-7.4661
-7.6007
-7.4427
-7.4061
-7.3157
-6.9427
-6.8331
-7.1998
-7.4184
-7.5657
-7.5048
-7.4138
-7.4049
-7.2665
-7.3805
-7.5649
-7.6828
-7.7718
-7.7785
-7.5693
-7.6185
-7.8430
-8.0677
-8.2854
-8.3402
-8.0660
-7.8843
-7.9536
-8.0735
-8.0364
-8.0343
-8.1109
-8.1772
-8.2578
-8.4440
-8.6619
-8.6344
-8.4873
-8.2469
-8.0591
-8.0499
-8.1143
-8.1950
-8.1908
-8.2957
-8.2444
-8.2721
-8.1935
-8.0288
-8.0860
-8.5253
-8.8320
-8.8552
-9.2647
-9.3390
-9.0591
-8.9637
-9.0193
-8.7536
-8.7447
-8.8367
-9.2416
-9.1672
-9.1711
-8.9711
-9.2341
-9.3537
-9.3895
-9.1588
-9.2561
-9.2856
-9.2873
-9.2054
-8.9467
-9.3458
-9.4847
-9.4801
-9.3551
-9.3898
-9.5800
-9.6531
-9.8153
-8.9411
-9.1715
-8.9620
-8.6436
-8.3939
-8.2036
-8.1334
-8.1021
-7.9598
-8.2225
-8.5111
-8.9779
-9.2035
-9.4302
-9.4991
-9.7604
-9.8187
-9.8535
-10.0566
-10.2829
-10.7551
-10.8846
-11.0222
-11.2849
-11.1964
-10.6336
-10.8560
-10.9156
-10.6767
-10.2844
-10.2737
-10.1008
-9.6181
-9.3808
-9.3711
-9.3518
-8.9953
-8.6723
-8.7216
-8.6817
-9.1890
-9.4183
-8.9245
-8.5256
-9.3120
-11.6798
-12.4828
-11.9780
-11.6054
-11.1656
-10.7174
-10.5062
-10.6302
-10.9732
-10.5802
-9.9343
-9.0132
-8.4675
-8.2129
-8.3381
-7.9621
-7.8150
-7.8449
-8.2065
-8.6794
-8.6305
-8.1759
-7.9141
-7.7692
-7.8600
-8.3621
-8.7760
-8.0810
-7.6504
-7.3695
-7.1507
-7.1223
-7.1628
-7.2333
-7.1735
-6.8115
-6.3509
-6.1412
-6.2314
-6.4357
-6.5095
-6.4557
-6.4042
-6.3606
-6.2690
-6.0787
-5.9407
-5.9448
-6.0538
-6.2027
-6.2936
-6.2969
-6.2757
-6.2917
-6.3516
-6.4295
-6.4381
-6.3906
-6.3301
-6.1835
-5.9334
-5.8099
-5.7235
-5.4646
-5.1942
-5.1177
-5.0953
-4.9710
-4.8343
-4.7127
-4.5007
-4.3924
-4.4244
-4.4972
-4.3869
-4.1016
-3.8819
-3.8325
-3.7513
-3.7324
-3.7426
-3.7566
-3.7720
-3.7518
