-0.3941
-0.8081
-0.9372
-1.2777
-1.2231
-1.3184
-1.6065
-1.8692
-1.9512
-2.4403
-2.6842
-3.3720
-3.2819
-3.2847
-3.7309
-5.2783
-6.4080
-6.5685
-6.1372
-6.3187
-5.7572
-5.4707
-3.7863
-3.6151
-2.8623
-3.8849
-3.6448
-2.5313
-2.7825
-2.9411
-2.4489
-2.0583
-2.1099
-1.7001
-1.0972
-0.7670
-0.0715
0.7322
0.7112
0.9430
0.7454
0.1679
-0.9520
-1.6324
-1.8832
-2.6846
-2.4544
-3.1651
-3.9634
-4.1785
-4.1879
-4.5166
-4.2410
-4.3389
-5.1407
-5.1568
-5.3441
-5.2690
-5.3951
-5.0841
-5.1894
-5.0045
-4.8091
-4.4306
-4.7244
-4.3730
-4.9562
-4.8901
-4.1991
-5.0348
-5.7570
-5.8768
-6.4878
-6.3596
-6.4162
-6.2108
-6.0316
-5.5965
-5.3150
-4.7244
-4.7062
-4.6073
-4.5138
-4.2239
-4.1187
-3.8178
-3.4209
-3.5385
-4.0306
-4.1284
-4.4432
-4.3479
-4.3249
-4.1233
-3.6033
-3.1721
-2.9401
-2.7022
-2.3847
-2.3588
-2.1211
-2.2962
-2.3961
-2.4443
-2.5805
-2.5525
-2.6430
-2.6163
-2.5203
-2.4316
-2.3318
-2.2961
-2.2652
-2.2097
-2.1443
-1.9928
-1.8066
-1.6871
-1.5934
-1.4883
-1.3966
-1.2130
-1.0222
-0.8339
-0.7057
-0.6477
-0.7124
-0.7334
-0.7156
-0.6975
-0.6647
-0.6636
-0.6658
-0.7100
-0.7168
-0.7626
-0.7442
-0.6738
-0.6097
-0.5423
-0.4279
-0.3873
-0.2974
-0.1763
-0.0838
-0.0787
-0.0174
0.2310
0.2270
0.4018
0.7492
0.8723
1.0999
1.3735
1.3595
1.4280
1.5875
1.5750
1.7139
1.7578
1.9576
1.9685
1.9786
2.0663
2.1659
2.1818
2.2152
1.9743
1.7817
1.7198
1.7369
1.5637
1.5199
1.6512
1.7600
1.8909
2.0371
2.2156
2.2774
2.2451
2.3372
2.3738
2.2517
2.1119
2.1556
2.4438
2.3387
2.2145
2.2913
2.2451
2.2445
2.5009
2.7254
2.9189
3.1304
3.2626
3.2947
3.2358
3.0822
2.9379
2.8685
2.7473
2.7139
2.7967
2.8707
3.1500
3.3540
3.5345
3.6215
3.6180
3.5334
3.3527
3.2737
3.2372
3.2268
3.1818
3.1902
3.2450
3.0177
2.7953
3.0653
3.0591
2.8345
2.6305
2.5828
2.6271
2.5238
2.3449
2.2799
2.2088
2.2097
2.0443
1.9835
2.0073
2.1263
2.2539
2.2771
2.3101
2.2096
2.2650
2.3251
2.4359
2.3505
2.3539
2.3772
2.2868
2.0577
1.8291
1.8655
1.6641
1.2787
1.1496
0.7688
0.6103
0.0854
-0.4976
-0.8461
-1.2405
-1.2298
-1.3486
-0.9827
-0.6581
-0.3670
-0.4760
-0.6754
-0.8776
-1.1363
-1.4438
-1.6681
-1.4686
-1.1221
-1.0517
-0.3075
0.4347
1.1202
1.4593
1.7513
1.7123
1.5900
1.1622
0.8981
0.5283
0.1749
-0.1660
-0.6126
-1.5530
-2.1943
-2.4035
-2.0347
-1.5450
-1.6900
-2.2095
-2.9827
-2.4213
-0.9264
-0.4765
-0.6493
-1.0835
-1.3064
-1.0668
-0.8274
-0.9712
-1.4517
-2.1065
-2.7977
-2.9946
-3.2124
-3.4980
-3.9635
-4.2017
-4.1886
-3.8421
-3.5448
-3.6231
-4.2039
-4.4454
-4.7315
-4.8594
-4.2268
-2.3159
-1.8380
-1.7484
-1.9181
-2.1335
-2.2791
-2.3822
-2.6194
-2.9396
-3.1690
-3.4358
-3.5757
-3.6135
-3.4357
-3.2320
-3.1911
-3.2664
-3.3528
-3.4523
-3.5987
-3.7801
-3.9966
-4.1357
-4.1595
-4.1517
-4.2180
-4.1762
-3.9894
-3.8122
-3.6796
-3.6187
-3.5865
-3.5001
-3.3773
-3.2873
-3.2077
-3.0892
-2.9434
-2.9063
-2.8475
-2.8231
-2.8590
-2.8846
-2.8481
-3.0461
-3.2087
-3.2710
-3.1481
-3.0259
-2.8235
-2.7673
-2.6217
-2.5969
-2.5825
-2.5694
-2.5553
-2.5248
-2.5420
