3.6730
3.8110
4.0110
4.0260
4.0980
4.2130
4.2840
4.4200
4.5120
4.5330
4.6230
4.5940
4.5980
4.6800
4.8110
4.8700
4.9100
4.9040
4.7340
4.6080
4.6310
4.6900
4.7030
4.7170
4.7020
4.7070
4.7400
4.8130
4.8500
4.8790
4.9090
4.9330
5.0170
5.0780
5.1070
5.1360
5.1670
5.1940
5.2030
5.2030
5.2090
5.2200
5.2530
5.2870
5.2970
5.2880
5.2500
5.2370
5.1830
5.1070
5.0310
4.9860
4.9410
4.8980
4.8640
4.8410
4.8290
4.8130
4.7880
4.7630
4.7150
4.6700
4.6310
4.5480
4.4760
4.3690
4.3670
4.4670
4.4190
4.3190
4.3140
4.3000
4.2600
4.2530
4.2280
4.2670
4.2840
4.2870
4.2640
4.2940
4.3380
4.3860
4.3820
4.3970
4.4330
4.4320
4.4300
4.4110
4.4160
4.4270
4.4200
4.3960
4.3670
4.3230
4.3140
4.3630
4.4750
4.6340
4.7910
4.9520
5.1130
5.2070
5.2110
5.1920
5.2070
5.2200
5.2480
5.2980
5.3260
5.3500
5.3870
5.4250
5.4170
5.4060
5.3190
5.3110
5.3140
5.3290
5.3510
5.3680
5.3690
5.3220
5.2530
5.1990
5.1640
5.1350
5.1230
5.1230
5.1210
5.1220
5.1360
5.1400
5.1140
5.1050
5.1090
5.1270
5.1520
5.1660
5.1770
5.2080
5.2470
5.2700
5.2860
5.2980
5.2920
5.2870
5.3000
5.3650
5.3770
5.3890
5.4270
5.4650
5.5290
5.5380
5.5370
5.5410
5.5280
5.4460
5.4470
5.4910
5.4700
5.4140
5.3960
5.3300
5.3140
5.2830
5.2020
5.1180
5.1180
5.1800
5.1390
5.1740
5.2430
5.3070
5.4120
5.4950
5.4940
5.5130
5.4890
5.4540
5.3950
5.3530
5.3060
5.2980
5.2950
5.2470
5.1800
5.1340
5.1400
5.1430
5.1360
5.1110
5.0840
5.0610
5.0640
5.0640
5.0550
5.0410
5.0720
5.0850
5.0940
5.0760
5.0050
4.9240
4.8430
4.7630
4.7080
4.6750
4.6010
4.3970
4.1750
4.3090
4.5160
4.7280
4.7840
4.6790
4.6140
4.7260
4.8570
5.0200
5.1610
5.2680
5.3370
5.3070
5.2800
5.2900
5.3550
5.4550
5.5960
5.6900
5.7510
5.7650
5.7340
5.6720
5.5610
5.4140
5.4170
5.4380
5.4750
5.5110
5.4870
5.3990
5.3260
5.2990
5.2630
5.2740
5.3250
5.3550
5.3270
5.3000
5.3190
5.2400
5.1110
5.1050
5.0710
5.1710
4.9770
4.9450
5.0120
5.2910
5.1610
5.1480
5.1520
5.1000
5.0900
5.0880
5.1340
5.2320
5.2700
5.3370
5.3250
5.4150
5.4690
5.4820
5.5980
5.5920
5.6100
5.5040
5.3360
5.3660
5.4750
5.5100
5.4960
5.4160
5.3230
5.2090
5.2770
5.4150
5.4780
5.6210
5.6780
5.6950
5.6890
5.7500
5.8050
5.8800
5.8670
5.8830
5.8790
5.8610
5.8720
5.9460
6.0390
6.0360
6.0470
6.0100
5.9230
5.9850
6.2730
6.5190
6.8130
6.7140
6.0890
5.9210
5.3090
5.4200
5.9330
6.3620
6.5480
6.5800
6.6290
6.6210
6.6430
6.7380
6.7190
6.5920
6.5100
6.4370
6.2770
6.1690
6.0910
6.0350
6.0630
6.2290
6.3400
6.3910
6.5560
6.5680
6.6710
6.8170
6.8840
6.8070
6.9090
6.9310
6.8320
6.9090
6.9030
7.0250
6.9530
6.9150
6.8230
6.6830
6.5990
6.5680
6.6770
6.8330
6.6220
6.8110
6.7390
6.3560
5.9630
6.4030
6.3610
5.9940
5.6230
5.4110
5.6590
5.8010
5.8640
5.9920
6.2790
6.6810
7.0900
7.6440
7.9550
8.1870
8.4240
