758.4000
799.6600
773.2800
719.5200
794.8600
766.8800
775.0500
776.9600
751.5400
764.8500
755.3000
774.4500
765.3500
779.1000
777.5900
782.7400
804.9700
813.8000
806.7100
806.8500
792.7400
796.9000
802.0400
812.4200
818.0400
813.1800
815.6300
813.0700
809.3300
818.3500
820.1500
818.6600
810.0300
805.1500
801.1300
804.9700
809.7700
806.8900
806.6800
794.9300
783.5300
781.7500
778.6400
778.0700
769.8500
757.1500
741.1800
725.8800
713.8100
703.4900
692.9400
678.2200
662.1400
649.5000
638.6000
632.4800
627.8600
618.2300
609.0200
603.8100
600.9400
599.3100
596.7000
606.6600
608.2900
609.2400
606.0900
600.3800
598.1500
601.5400
602.0000
599.3900
603.5300
603.2600
605.2200
608.7200
613.3600
612.4900
613.9600
606.6300
599.6500
597.9700
600.8000
602.6200
604.1400
608.3700
615.7800
593.7900
575.0500
569.2600
570.9700
577.7300
574.2200
564.3800
550.6700
545.0700
547.7500
547.8000
547.2200
546.1300
536.2900
529.9100
530.3200
538.1500
544.6400
544.3600
545.6100
542.5300
542.8900
544.4500
542.3000
572.7900
596.5500
602.0400
603.2500
599.7900
607.0200
618.2400
638.9300
647.6600
646.6100
650.4100
649.9100
648.8600
654.0000
658.5400
661.4700
661.8700
662.4400
665.1600
665.8000
673.3800
673.5500
674.7300
680.4600
664.0800
647.9300
641.2900
630.4500
623.4300
612.0300
594.2500
576.9300
565.7300
560.0300
550.1500
545.2000
521.7700
498.2900
485.3300
475.1600
467.6500
453.2700
439.0300
422.5500
413.7300
409.2800
407.8000
401.0300
409.0000
417.4500
423.4300
422.7700
424.4600
432.4200
442.9100
457.7400
469.5600
475.3000
475.3000
486.0400
488.6300
494.2900
497.7900
497.8200
496.8200
503.2700
505.5100
509.6800
514.0800
516.2700
518.6400
525.4600
492.1400
462.3600
454.7000
458.8900
468.7300
462.3700
447.2800
420.9200
409.3200
408.5400
407.0600
404.5400
411.8500
405.4100
400.1300
391.3400
382.0200
376.5500
375.5400
376.6200
368.8600
368.7900
371.0000
368.7200
400.2000
424.6100
437.8000
445.6800
438.9900
443.3300
454.5500
474.7300
488.5800
496.4900
499.5100
499.4100
495.4400
502.7400
501.2100
502.5200
495.2000
499.6500
501.8700
498.1000
497.9000
486.7800
476.9200
466.4700
435.7900
409.6800
393.0600
375.4500
371.9400
358.3900
342.3700
317.1700
302.4200
295.4500
283.2100
265.2000
259.2200
240.8300
222.9600
213.2700
199.9300
197.0500
186.7900
181.9100
181.7800
175.4000
179.8900
177.6000
176.6900
196.8800
201.9300
210.1300
191.6000
204.4800
219.8300
235.3000
252.2600
262.7600
275.8800
284.8000
287.9000
292.5600
297.7000
305.6100
306.5100
313.5700
326.4300
323.0000
332.1300
332.1800
339.1900
351.3200
318.9700
280.9500
273.5600
271.1300
285.3200
285.3000
272.7700
245.5200
235.1800
237.6700
236.0100
237.3100
248.9600
247.8000
239.2900
234.5700
228.6500
232.0800
229.4400
228.9000
222.5600
216.7500
208.4200
202.9400
230.0000
257.2600
261.6300
261.3400
251.2800
246.1200
252.0000
257.1300
263.5800
282.0500
295.1800
297.7300
285.2900
287.4300
282.6200
279.1300
271.2900
259.4000
252.5800
232.4900
222.9600
215.3800
207.9400
201.6600
176.9400
150.8200
131.9600
118.0000
107.1600
83.0920
52.2990
29.8210
16.6060
1.0676
-1.8539
-17.1740
-23.6800
-41.9920
-43.9810
-58.8980
-70.3100
-74.0660
-91.3630
-73.8670
-98.5120
-95.1670
-94.3320
-105.1000
-83.7600
-58.1450
-56.1010
-37.9600
-36.0100
-15.3570
-12.9950
10.9140
29.5590
33.8820
52.8640
63.1850
41.6720
33.0350
12.7800
2.6821
-10.7830
-12.9810
-21.6350
-40.2160
-54.4790
-60.6380
-74.2240
-94.2530
-149.0800
-213.4600
