5.0275
5.2478
5.5646
5.5880
5.7025
5.8849
5.9981
6.2136
6.3592
6.3920
6.5362
6.4899
6.4964
6.6260
6.8341
6.9270
6.9916
6.9812
6.7111
6.5122
6.5483
6.6419
6.6621
6.6843
6.6607
6.6684
6.7207
6.8371
6.8951
6.9415
6.9888
7.0273
7.1613
7.2577
7.3031
7.3492
7.3989
7.4412
7.4563
7.4557
7.4660
7.4825
7.5358
7.5898
7.6057
7.5914
7.5310
7.5104
7.4239
7.3043
7.1825
7.1119
7.0402
6.9718
6.9176
6.8819
6.8631
6.8364
6.7978
6.7581
6.6808
6.6100
6.5485
6.4161
6.3023
6.1323
6.1290
6.2887
6.2115
6.0527
6.0446
6.0235
5.9596
5.9485
5.9085
5.9707
5.9978
6.0021
5.9652
6.0141
6.0837
6.1599
6.1534
6.1767
6.2334
6.2317
6.2287
6.1993
6.2077
6.2244
6.2141
6.1759
6.1289
6.0601
6.0447
6.1232
6.3003
6.5532
6.8015
7.0573
7.3134
7.4624
7.4688
7.4384
7.4630
7.4827
7.5266
7.6066
7.6507
7.6894
7.7486
7.8089
7.7955
7.7785
7.6399
7.6280
7.6324
7.6553
7.6912
7.7181
7.7194
7.6448
7.5345
7.4494
7.3937
7.3481
7.3293
7.3284
7.3265
7.3267
7.3489
7.3554
7.3151
7.3006
7.3061
7.3348
7.3742
7.3973
7.4148
7.4633
7.5251
7.5628
7.5872
7.6069
7.5965
7.5892
7.6105
7.7126
7.7318
7.7518
7.8115
7.8714
7.9736
7.9867
7.9866
7.9923
7.9709
7.8415
7.8423
7.9130
7.8798
7.7910
7.7618
7.6577
7.6315
7.5823
7.4550
7.3213
7.3203
7.4197
7.3543
7.4103
7.5186
7.6210
7.7882
7.9186
7.9178
7.9475
7.9099
7.8538
7.7607
7.6936
7.6193
7.6073
7.6018
7.5261
7.4197
7.3459
7.3565
7.3606
7.3488
7.3102
7.2669
7.2298
7.2349
7.2349
7.2205
7.1987
7.2483
7.2693
7.2826
7.2538
7.1411
7.0128
6.8845
6.7579
6.6704
6.6182
6.5004
6.1767
5.8246
6.0366
6.3658
6.7024
6.7904
6.6247
6.5213
6.6983
6.9073
7.1655
7.3895
7.5591
7.6681
7.6212
7.5782
7.5942
7.6975
7.8561
8.0799
8.2280
8.3262
8.3475
8.2981
8.2002
8.0232
7.7905
7.7959
7.8282
7.8869
7.9440
7.9068
7.7673
7.6518
7.6083
7.5509
7.5678
7.6490
7.6974
7.6525
7.6103
7.6392
7.5143
7.3096
7.2999
7.2460
7.4049
7.0978
7.0457
7.1528
7.5952
7.3895
7.3682
7.3746
7.2929
7.2763
7.2728
7.3464
7.5023
7.5618
7.6687
7.6492
7.7930
7.8774
7.8991
8.0824
8.0729
8.1014
7.9329
7.6677
7.7147
7.8877
7.9424
7.9214
7.7943
7.6469
7.4657
7.5736
7.7915
7.8917
8.1194
8.2090
8.2368
8.2263
8.3231
8.4116
8.5297
8.5092
8.5346
8.5280
8.5000
8.5167
8.6352
8.7823
8.7776
8.7944
8.7365
8.5984
8.6967
9.1538
9.5444
10.0102
9.8528
8.8614
8.5956
7.6242
7.7996
8.6143
9.2957
9.5903
9.6415
9.7179
9.7063
9.7415
9.8913
9.8621
9.6601
9.5298
9.4140
9.1598
8.9880
8.8654
8.7768
8.8198
9.0842
9.2605
9.3404
9.6030
9.6214
9.7855
10.0177
10.1226
10.0005
10.1628
10.1973
10.0413
10.1625
10.1530
10.3477
10.2322
10.1723
10.0265
9.8043
9.6705
9.6214
9.7956
10.0418
9.7080
10.0076
9.8939
9.2859
8.6614
9.3595
9.2934
8.7105
8.1229
7.7859
8.1796
8.4047
8.5042
8.7081
9.1635
9.8011
10.4504
11.3292
11.8233
12.1916
12.5672
