-2.4174
-2.4454
-2.4748
-2.5269
-2.5506
-2.5501
-2.5603
-2.5798
-2.6238
-2.6823
-2.7369
-2.7848
-2.8220
-2.8466
-2.8658
-2.9021
-2.9226
-2.9288
-2.9473
-2.9162
-2.8977
-2.8508
-2.8184
-2.7979
-2.7855
-2.7688
-2.7374
-2.7030
-2.6714
-2.6452
-2.6196
-2.5939
-2.5648
-2.5384
-2.5241
-2.5148
-2.5151
-2.5171
-2.5190
-2.5204
-2.5228
-2.5322
-2.5462
-2.5757
-2.6096
-2.6420
-2.6685
-2.6902
-2.7086
-2.7277
-2.7432
-2.7599
-2.7676
-2.7806
-2.7891
-2.8002
-2.8154
-2.8352
-2.8586
-2.8976
-2.9439
-2.9987
-3.0521
-3.1062
-3.1603
-3.2200
-3.2504
-3.2592
-3.2834
-3.3196
-3.3353
-3.3556
-3.3778
-3.3943
-3.4128
-3.4248
-3.4350
-3.4495
-3.4632
-3.4715
-3.4764
-3.4812
-3.4852
-3.4873
-3.4840
-3.4813
-3.4828
-3.4870
-3.4891
-3.4879
-3.4869
-3.4858
-3.4864
-3.4888
-3.4947
-3.4996
-3.5060
-3.5107
-3.5190
-3.5268
-3.5365
-3.5477
-3.5628
-3.5805
-3.5950
-3.5970
-3.5850
-3.5667
-3.5441
-3.5169
-3.4911
-3.4691
-3.4517
-3.4331
-3.4116
-3.3963
-3.3869
-3.3858
-3.3841
-3.3805
-3.3677
-3.3637
-3.3555
-3.3406
-3.3151
-3.2881
-3.2626
-3.2353
-3.2042
-3.1730
-3.1406
-3.1046
-3.0668
-3.0342
-3.0052
-2.9900
-2.9808
-2.9665
-2.9504
-2.9376
-2.9265
-2.9118
-2.9008
-2.8965
-2.8899
-2.8891
-2.8923
-2.9030
-2.9122
-2.9247
-2.9376
-2.9476
-2.9627
-2.9794
-2.9964
-3.0173
-3.0392
-3.0650
-3.0881
-3.1122
-3.1382
-3.1691
-3.1995
-3.2037
-3.2256
-3.2240
-3.2327
-3.2416
-3.2426
-3.2452
-3.2507
-3.2544
-3.2577
-3.2591
-3.2613
-3.2635
-3.2671
-3.2719
-3.2758
-3.2810
-3.2851
-3.2878
-3.2882
-3.2879
-3.2884
-3.2878
-3.2888
-3.2916
-3.2933
-3.2946
-3.2968
-3.2998
-3.3052
-3.3066
-3.3028
-3.2974
-3.2932
-3.2906
-3.2854
-3.2774
-3.2678
-3.2560
-3.2449
-3.2348
-3.2257
-3.2205
-3.2044
-3.1973
-3.1841
-3.1690
-3.1397
-3.1106
-3.0864
-3.0713
-3.0625
-3.0525
-3.0508
-3.0532
-3.0531
-3.0471
-3.0268
-2.9885
-2.9395
-2.8714
-2.8305
-2.8053
-2.7735
-2.7470
-2.7227
-2.6945
-2.6660
-2.6444
-2.6203
-2.5861
-2.5408
-2.5101
-2.5091
-2.5331
-2.5608
-2.5853
-2.6102
-2.6108
-2.6153
-2.6189
-2.6158
-2.5980
-2.5926
-2.6103
-2.6323
-2.6463
-2.6661
-2.6985
-2.7282
-2.7545
-2.7871
-2.8051
-2.8279
-2.8416
-2.8566
-2.8574
-2.8531
-2.8620
-2.8638
-2.8658
-2.8571
-2.8462
-2.8299
-2.8099
-2.7964
-2.7922
-2.7903
-2.7909
-2.7947
-2.8086
-2.8222
-2.8430
-2.8573
-2.8747
-2.8956
-2.8970
-2.8981
-2.9186
-2.9396
-2.9683
-2.9956
-3.0148
-3.0180
-3.0126
-3.0135
-3.0115
-3.0151
-3.0264
-3.0337
-3.0336
-3.0341
-3.0411
-3.0558
-3.0759
-3.1030
-3.1350
-3.1556
-3.1705
-3.1791
-3.1751
-3.2069
-3.1442
-3.1591
-3.1468
-3.1315
-3.1197
-3.1165
-3.1269
-3.1595
-3.1044
-3.0327
-3.0450
-3.0061
-2.9331
-2.8559
-2.7899
-2.7133
-2.6475
-2.5836
-2.5603
-2.5346
-2.5178
-2.5037
-2.4895
-2.4829
-2.4691
-2.4525
-2.4301
-2.4148
-2.4090
-2.4317
-2.4618
-2.4638
-2.4595
-2.4518
-2.4451
-2.4245
-2.4212
-2.4038
-2.3851
-2.3692
-2.3564
-2.3631
-2.3588
-2.3656
-2.3640
-2.3503
-2.3439
-2.3334
-2.2815
-2.2398
-2.0677
-2.0387
-1.9593
-1.7650
-1.9136
-1.9964
-2.1221
-2.3624
-2.5975
-2.8858
-3.0584
-3.0452
-2.9208
-2.7478
-2.6375
-2.6567
-2.6524
-2.5502
-2.2749
-2.1057
-2.0001
-1.8420
