-4.9568
-5.1901
-5.5109
-5.5636
-5.6874
-5.8721
-5.9823
-6.2011
-6.3511
-6.3899
-6.5355
-6.4887
-6.4949
-6.6229
-6.8302
-6.9188
-6.9880
-6.9770
-6.7073
-6.5112
-6.5479
-6.6339
-6.6466
-6.6553
-6.6276
-6.6352
-6.6826
-6.7989
-6.8581
-6.9013
-6.9523
-6.9976
-7.1394
-7.2406
-7.2922
-7.3411
-7.3923
-7.4364
-7.4526
-7.4544
-7.4657
-7.4825
-7.5358
-7.5897
-7.6048
-7.5896
-7.5276
-7.5058
-7.4175
-7.2944
-7.1688
-7.0939
-7.0175
-6.9456
-6.8882
-6.8546
-6.8410
-6.8177
-6.7864
-6.7504
-6.6757
-6.6064
-6.5463
-6.4151
-6.3018
-6.1308
-6.1265
-6.2874
-6.2107
-6.0504
-6.0404
-6.0204
-5.9519
-5.9341
-5.8760
-5.9184
-5.9338
-5.9387
-5.9134
-5.9866
-6.0783
-6.1589
-6.1525
-6.1765
-6.2334
-6.2315
-6.2247
-6.1842
-6.1797
-6.1858
-6.1694
-6.1247
-6.0693
-5.9745
-5.9010
-5.9077
-6.0296
-6.2552
-6.4907
-6.7503
-7.0438
-7.2142
-7.2032
-7.1385
-7.1441
-7.1661
-7.2241
-7.3279
-7.3961
-7.4603
-7.5415
-7.6429
-7.6687
-7.6696
-7.5430
-7.5503
-7.5615
-7.5832
-7.6234
-7.6544
-7.6590
-7.5849
-7.4709
-7.3955
-7.3490
-7.3163
-7.3072
-7.3151
-7.3176
-7.3213
-7.3421
-7.3453
-7.2956
-7.2721
-7.2654
-7.2671
-7.2891
-7.3023
-7.3058
-7.3397
-7.3917
-7.4117
-7.4228
-7.4374
-7.4428
-7.4244
-7.4639
-7.5901
-7.6188
-7.6478
-7.7128
-7.7921
-7.9079
-7.9361
-7.9531
-7.9738
-7.9617
-7.8331
-7.8394
-7.9128
-7.8798
-7.7900
-7.7612
-7.6577
-7.6310
-7.5811
-7.4516
-7.3163
-7.3166
-7.4176
-7.3542
-7.4103
-7.5185
-7.6210
-7.7882
-7.9159
-7.9120
-7.9387
-7.8998
-7.8451
-7.7589
-7.6935
-7.6184
-7.6067
-7.6007
-7.5250
-7.4189
-7.3457
-7.3565
-7.3606
-7.3487
-7.3091
-7.2637
-7.2288
-7.2348
-7.2344
-7.2199
-7.1986
-7.2481
-7.2688
-7.2808
-7.2472
-7.1260
-6.9863
-6.8500
-6.7317
-6.6573
-6.6059
-6.4827
-6.1690
-5.8231
-6.0243
-6.3399
-6.6701
-6.7010
-6.3951
-6.2171
-6.3381
-6.4664
-6.6357
-6.8409
-7.0822
-7.3435
-7.4055
-7.4396
-7.5222
-7.6636
-7.8390
-8.0640
-8.2192
-8.3161
-8.3296
-8.2761
-8.1704
-7.9962
-7.7711
-7.7777
-7.8168
-7.8820
-7.9439
-7.9068
-7.7652
-7.6429
-7.5986
-7.5230
-7.5355
-7.6252
-7.6756
-7.6415
-7.6021
-7.6382
-7.5085
-7.2866
-7.2713
-7.2372
-7.4047
-7.0978
-7.0456
-7.1527
-7.5871
-7.3777
-7.3616
-7.3746
-7.2926
-7.2754
-7.2721
-7.3463
-7.5021
-7.5589
-7.6533
-7.6135
-7.7056
-7.7719
-7.7914
-7.9761
-7.9714
-8.0022
-7.8412
-7.5634
-7.5904
-7.7249
-7.7333
-7.7215
-7.5775
-7.3827
-7.1829
-7.2339
-7.4551
-7.5660
-7.8038
-7.9128
-7.9035
-7.8548
-7.9332
-8.0180
-8.1316
-8.1087
-8.1143
-8.0736
-8.0325
-8.0332
-8.1282
-8.3203
-8.3670
-8.4295
-8.4388
-8.3267
-8.4457
-8.9225
-9.3420
-9.7801
-9.7134
-8.8572
-8.5730
-7.5724
-7.6867
-8.4246
-9.0969
-9.3929
-9.4660
-9.5940
-9.6268
-9.6800
-9.8533
-9.8422
-9.6496
-9.5293
-9.4140
-9.1586
-8.9778
-8.8366
-8.7045
-8.7087
-8.9659
-9.1796
-9.3100
-9.5960
-9.6202
-9.7855
-10.0175
-10.1191
-9.9904
-10.1464
-10.1765
-10.0161
-10.1286
-10.0906
-10.2976
-10.1775
-10.1031
-9.9439
-9.7105
-9.4983
-9.4198
-9.4115
-9.3669
-9.0294
-9.2105
-9.0059
-8.4795
-7.6929
-8.0048
-8.2025
-7.9873
-7.9609
-7.7081
-7.8225
-7.9021
-7.8559
-7.9161
-8.1402
-8.7142
-9.4324
-10.3183
-10.8022
-11.2150
-11.7147
