0.8402
0.7760
0.7713
0.5213
0.4147
0.3889
0.4347
0.3950
0.3208
0.1611
0.0995
-0.1236
-0.1378
-0.2012
-0.2307
-0.3386
-0.2261
-0.2412
-0.2247
-0.1164
0.0750
0.3263
0.4536
0.6216
0.6634
0.6649
0.7147
0.7218
0.7133
0.7466
0.7131
0.6451
0.5599
0.4970
0.3991
0.3443
0.3112
0.2694
0.2328
0.1424
0.0651
0.0071
-0.0292
-0.0484
-0.1160
-0.1665
-0.2253
-0.2637
-0.3081
-0.3803
-0.4438
-0.5054
-0.5653
-0.6028
-0.6366
-0.6133
-0.5513
-0.5047
-0.3946
-0.3241
-0.2604
-0.2177
-0.1700
-0.1103
-0.0843
-0.1356
-0.1746
-0.1238
-0.1032
-0.1660
-0.2266
-0.1926
-0.3033
-0.4138
-0.6185
-0.7884
-0.8737
-0.8698
-0.7843
-0.5747
-0.2556
-0.1085
-0.1051
-0.0575
-0.0231
-0.0555
-0.2235
-0.4332
-0.5887
-0.6920
-0.7438
-0.7931
-0.8531
-1.0155
-1.3103
-1.6101
-1.8272
-1.9536
-2.0325
-2.0588
-1.9675
-1.9086
-1.9742
-2.0907
-2.1584
-2.1537
-2.1126
-2.0398
-1.9576
-1.8629
-1.7795
-1.6013
-1.4003
-1.2974
-1.2129
-1.0858
-1.0373
-1.0481
-1.0191
-0.9895
-0.9634
-0.9549
-0.9772
-0.8941
-0.8113
-0.6834
-0.5692
-0.4402
-0.3597
-0.2799
-0.3173
-0.3848
-0.5334
-0.6443
-0.7697
-0.9943
-1.1171
-1.1818
-1.2670
-1.3529
-1.4104
-1.5043
-1.5709
-1.5966
-1.5205
-1.5728
-1.4865
-1.3694
-1.3169
-1.2652
-1.2381
-1.1140
-1.0214
-0.8980
-0.7311
-0.5441
-0.3821
-0.3619
-0.2138
-0.0646
0.0205
0.1258
0.0970
0.0090
-0.0823
-0.1329
-0.2256
-0.2692
-0.2330
-0.1791
-0.0158
-0.0120
-0.0498
-0.0136
0.0116
0.2066
0.3040
0.3741
0.3994
0.3710
0.1664
-0.0235
-0.1192
-0.0968
-0.1332
-0.1334
-0.1075
-0.0586
-0.0258
-0.0035
-0.0381
-0.1287
-0.2152
-0.1186
-0.0231
0.0808
0.0921
0.0429
0.0532
0.0853
0.1604
0.3094
0.4629
0.6093
0.6881
0.5942
0.4179
0.4027
0.4790
0.3094
-0.1318
-0.3858
-0.5745
-0.6571
-1.0987
-1.7290
-1.9685
-2.1669
-2.4283
-2.7041
-2.7941
-2.6424
-2.2075
-1.8003
-1.4426
-1.0431
-0.7224
-0.5191
-0.5066
-0.3802
-0.4108
-0.5469
-0.6036
-0.6991
-0.6575
-0.5508
-0.5314
-0.4215
-0.2788
-0.0517
0.0060
-0.1822
-0.3689
-0.3854
-0.6489
-0.6980
-0.6024
-0.5796
-0.4095
-0.3542
-0.1286
0.2949
0.5791
0.6456
0.3581
0.0624
0.0211
-0.0243
0.0242
0.3521
0.4178
0.3119
-0.0228
-0.0605
-0.1140
-0.1044
-0.0351
-0.0571
-0.2092
-0.4860
-0.7381
-1.1639
-1.2850
-1.2996
-1.3068
-1.2760
-1.2638
-1.2027
-1.2606
-1.3793
-1.5941
-1.8103
-1.7684
-1.8254
-1.9929
-2.0354
-2.2426
-2.2645
-2.2438
-2.2417
-2.1852
-2.3197
-2.4443
-2.5179
-2.5431
-2.5754
-2.5797
-2.6451
-2.7467
-2.7800
-2.8288
-2.9155
-2.8111
-2.6533
-2.5068
-2.2612
-2.1442
-2.0742
-2.0448
-1.9552
-2.1339
-1.6515
-0.2758
0.6240
0.8875
1.3220
1.7979
1.9122
1.9360
1.8312
1.5468
1.2396
1.0922
0.8663
0.6256
0.4507
0.0970
-0.0008
-0.1520
-0.4283
-0.7145
-1.1244
-1.3955
-1.4611
-1.2210
-0.7530
-0.3649
-0.1504
0.0119
0.0654
0.2680
0.4513
0.5764
0.6511
0.7119
0.8287
1.1243
1.0162
1.0566
1.1851
1.2842
1.3532
1.8166
1.9592
2.7164
3.6192
3.5660
3.9141
4.0967
3.7850
3.9799
4.8502
4.3689
3.4752
1.6140
-1.0977
-2.3904
-2.8626
-3.2569
-3.6287
-4.2080
-4.4861
-4.4990
-4.6780
-4.8066
-4.7811
-4.5499
