4.6730
4.7460
5.0740
5.3660
5.5030
5.5860
5.5930
5.5760
5.6730
5.7450
5.8260
5.9870
6.1520
6.2500
6.2590
6.2580
6.3150
6.3960
6.4390
6.4690
6.3940
6.4550
6.4520
6.3510
6.3110
6.3340
6.3470
6.4200
6.5430
6.6280
6.6430
6.7470
6.7660
6.8140
6.9920
7.1260
7.0790
6.8850
6.7750
6.7600
6.7470
6.7170
6.7400
6.7610
6.7450
6.7350
6.7700
6.8270
6.8760
6.8690
6.8660
6.8590
6.8540
6.8640
6.8610
6.8050
6.6640
6.4810
6.3630
6.3210
6.2890
6.1580
5.9290
5.7420
5.6770
5.7980
5.9000
5.9380
5.9130
5.8850
5.7960
5.9680
6.1510
6.2460
6.3590
6.4070
6.1720
6.0620
6.1000
6.1160
6.1460
6.1330
6.0000
5.8590
5.7160
5.6000
5.5610
5.5360
5.5190
5.5110
5.5460
5.5260
5.4880
5.5570
5.8460
6.0550
6.1180
6.1760
6.2160
6.3260
6.3980
6.5070
6.5260
6.5050
6.4960
6.4980
6.4480
6.4160
6.4090
6.3520
6.2850
6.2070
6.0630
5.9530
5.9340
5.8530
5.7190
5.5360
5.3000
5.1460
5.0740
5.0900
5.2190
5.3010
5.2200
5.1640
5.1560
5.1800
5.2010
5.2380
5.2000
5.1380
5.0000
4.8730
4.8070
4.7610
4.7410
4.7640
4.7900
4.8150
4.8420
4.8540
4.9050
4.9820
5.0120
5.0370
5.0950
5.0240
4.9920
5.0350
4.9450
4.8910
4.8860
4.9120
5.1000
5.1310
5.1290
5.0560
4.8750
4.6220
4.3680
4.2050
4.2020
4.1930
4.1390
4.1980
4.2750
4.2740
4.2440
4.2590
4.2220
4.1520
4.1010
4.0570
3.9080
3.7950
3.6590
3.5580
3.5140
3.4890
3.4590
3.4080
3.3230
3.2470
3.2130
3.1530
3.0710
3.0520
3.0750
3.0750
3.0970
3.1410
3.2070
3.2490
3.2930
3.3180
3.3070
3.3250
3.3760
3.4520
3.5290
3.6450
3.7450
3.8300
4.0540
4.1190
4.1440
4.1840
4.1820
4.2630
4.4300
4.4480
4.4040
4.4710
4.5620
4.6880
4.7680
4.7340
4.6710
4.5970
4.6000
4.6090
4.6000
4.7280
4.8510
4.9010
4.9390
4.9610
4.9560
4.9950
5.0160
5.1300
5.2020
5.2160
5.2940
5.3520
5.4200
5.4540
5.4610
5.4900
5.4840
5.4900
5.4750
5.5190
5.5360
5.5720
5.5630
5.5190
5.4590
5.4040
5.3210
5.3120
5.3330
5.3320
5.3060
5.2170
5.0540
4.9330
4.9290
4.8910
4.8450
4.8340
4.9030
4.9470
4.9520
5.0310
5.0220
4.8460
4.7490
4.7060
4.5970
4.4920
4.3770
4.3940
4.3630
4.1620
3.9800
3.9120
3.8810
3.8250
3.7530
3.7240
3.8180
3.8030
3.8060
3.8040
3.8480
3.8020
3.7700
3.5820
3.5370
3.8260
3.9790
4.0460
3.7230
3.9910
3.8870
3.7550
4.0480
3.7820
3.9690
4.4990
4.7470
4.7050
4.8210
5.0610
4.5970
4.7770
4.9890
4.8080
4.5560
4.3160
4.2180
4.0300
3.7440
3.6480
3.5880
3.5240
3.5670
3.5630
3.5230
3.5200
3.4800
3.4540
3.4360
3.4550
3.4570
3.4830
3.5110
3.5180
3.5200
3.5440
3.5710
3.5430
3.4930
3.5030
3.5240
3.5400
3.5580
3.5670
3.5520
3.5700
3.5760
3.5800
3.5380
3.4710
3.4340
3.4220
3.4020
3.3910
3.3580
3.2790
3.2000
3.1310
3.1210
3.1250
3.1250
3.1240
3.1320
3.1630
3.2300
3.3270
3.4390
3.4980
3.4960
3.4950
3.5320
3.5690
3.5660
3.5040
3.4190
3.3940
3.4650
3.5620
3.5900
3.6340
3.7130
