1332.9000
1326.1000
1338.3000
1370.2000
1377.3000
1401.9000
1381.7000
1412.8000
1391.4000
1397.5000
1431.7000
1428.6000
1412.2000
1407.7000
1413.8000
1441.1000
1470.1000
1483.3000
1482.6000
1492.7000
1508.4000
1524.9000
1545.3000
1569.3000
1586.7000
1592.4000
1601.6000
1613.3000
1625.4000
1638.0000
1649.3000
1650.1000
1662.6000
1667.5000
1671.8000
1680.3000
1694.1000
1709.1000
1723.7000
1706.7000
1693.0000
1693.0000
1692.0000
1693.1000
1687.5000
1675.8000
1660.2000
1647.2000
1642.0000
1640.5000
1638.6000
1632.1000
1617.6000
1605.1000
1595.2000
1594.3000
1598.6000
1604.4000
1607.7000
1600.4000
1600.2000
1608.7000
1615.0000
1638.4000
1648.9000
1646.7000
1652.8000
1662.0000
1668.1000
1683.7000
1701.1000
1698.8000
1683.8000
1686.8000
1684.9000
1675.0000
1682.4000
1699.1000
1701.0000
1703.4000
1707.4000
1710.1000
1715.2000
1715.3000
1714.9000
1716.9000
1721.7000
1693.0000
1669.1000
1657.4000
1655.2000
1668.1000
1661.2000
1649.9000
1619.0000
1605.8000
1603.2000
1603.6000
1607.4000
1606.4000
1593.6000
1581.2000
1568.2000
1564.3000
1562.5000
1553.7000
1546.9000
1536.7000
1530.9000
1528.5000
1527.6000
1560.4000
1592.4000
1599.3000
1600.4000
1589.9000
1598.7000
1617.2000
1643.2000
1662.4000
1666.9000
1665.9000
1666.0000
1660.8000
1670.7000
1677.9000
1678.9000
1673.4000
1666.4000
1669.2000
1666.6000
1671.5000
1672.1000
1668.7000
1669.4000
1638.5000
1608.0000
1594.1000
1584.0000
1581.1000
1563.5000
1546.2000
1520.1000
1494.9000
1482.9000
1473.6000
1457.1000
1446.5000
1428.7000
1401.2000
1391.8000
1388.0000
1375.5000
1364.4000
1332.9000
1319.8000
1315.0000
1318.2000
1319.7000
1362.1000
1396.7000
1397.7000
1396.0000
1392.1000
1401.2000
1413.7000
1426.3000
1427.5000
1429.5000
1427.1000
1425.4000
1417.6000
1414.6000
1417.5000
1430.5000
1433.3000
1440.2000
1444.9000
1435.8000
1442.3000
1442.9000
1441.2000
1448.4000
1410.4000
1366.3000
1351.8000
1343.1000
1350.6000
1344.4000
1325.8000
1298.9000
1278.9000
1280.8000
1280.5000
1279.5000
1295.6000
1291.9000
1284.2000
1276.8000
1266.5000
1263.2000
1259.6000
1260.3000
1255.1000
1243.9000
1239.6000
1239.5000
1271.6000
1303.8000
1310.3000
1303.3000
1291.4000
1295.5000
1305.1000
1322.0000
1337.4000
1340.6000
1349.2000
1362.5000
1357.6000
1355.4000
1359.7000
1356.3000
1354.4000
1345.4000
1337.0000
1323.5000
1318.9000
1316.6000
1310.1000
1302.2000
1272.7000
1240.9000
1218.8000
1200.3000
1189.8000
1170.4000
1148.9000
1121.4000
1092.7000
1076.1000
1061.7000
1053.1000
1046.6000
1025.9000
1010.0000
990.6700
976.3300
970.6800
954.6900
945.3700
936.0800
926.0600
926.5100
935.8700
958.4600
986.0300
1012.3000
1012.9000
1013.5000
1013.6000
1015.8000
1031.4000
1046.3000
1046.2000
1054.1000
1059.6000
1048.9000
1053.5000
1067.1000
1069.6000
1079.6000
1072.3000
1066.8000
1064.0000
1075.7000
1080.9000
1082.8000
1074.4000
1028.5000
991.0800
977.1400
966.2400
972.7900
961.3100
938.2300
907.5600
887.5900
887.5400
893.8400
883.8100
879.0400
868.8900
851.7700
865.1500
835.4500
847.5800
855.2800
838.4000
870.0300
866.2000
854.1800
854.1400
873.0400
894.4600
883.5800
915.7400
914.8800
901.4100
909.3100
926.6600
947.6700
954.4900
968.1900
993.0200
992.9000
992.3100
1002.6000
1016.5000
1027.8000
1033.0000
1039.7000
1038.9000
1043.2000
1055.0000
1059.1000
1063.8000
1048.4000
1025.8000
1016.0000
1011.6000
1014.0000
1007.6000
993.1000
974.5000
961.4300
956.1000
954.6800
947.4700
958.1700
957.2800
949.1700
947.1100
941.6800
938.9800
939.8900
941.9000
942.0900
939.1100
940.5900
943.0500
961.3400
979.5200
987.0400
998.3800
1004.7000
1014.5000
1026.9000
1041.1000
1053.7000
1061.0000
1065.3000
1075.5000
1074.6000
1085.0000
1100.6000
1117.4000
1134.2000
1143.6000
1148.7000
1145.4000
1146.7000
1152.7000
1155.5000
1157.9000
1131.4000
1106.7000
