6.6155
6.7312
7.2515
7.7143
7.9315
8.0643
8.0744
8.0477
8.2014
8.3154
8.4442
8.6996
8.9617
9.1178
9.1321
9.1307
9.2202
9.3483
9.4175
9.4643
9.3458
9.4426
9.4372
9.2773
9.2134
9.2510
9.2718
9.3866
9.5829
9.7168
9.7403
9.9061
9.9356
10.0118
10.2954
10.5075
10.4325
10.1241
9.9502
9.9262
9.9053
9.8580
9.8944
9.9286
9.9021
9.8874
9.9421
10.0330
10.1100
10.0998
10.0941
10.0832
10.0752
10.0917
10.0874
9.9983
9.7749
9.4832
9.2962
9.2304
9.1796
8.9711
8.6080
8.3119
8.2084
8.4003
8.5614
8.6223
8.5829
8.5376
8.3973
8.6701
8.9601
9.1111
9.2904
9.3662
8.9940
8.8190
8.8788
8.9054
8.9525
8.9316
8.7198
8.4966
8.2707
8.0861
8.0246
7.9835
7.9573
7.9447
7.9999
7.9680
7.9083
8.0170
8.4761
8.8072
8.9075
9.0004
9.0628
9.2374
9.3521
9.5251
9.5545
9.5226
9.5081
9.5100
9.4321
9.3800
9.3703
9.2793
9.1732
9.0490
8.8210
8.6459
8.6165
8.4880
8.2754
7.9835
7.6098
7.3649
7.2511
7.2767
7.4814
7.6115
7.4832
7.3946
7.3818
7.4192
7.4535
7.5120
7.4519
7.3535
7.1335
6.9317
6.8272
6.7543
6.7220
6.7586
6.8006
6.8402
6.8835
6.9026
6.9834
7.1046
7.1528
7.1928
7.2843
7.1714
7.1207
7.1898
7.0471
6.9610
6.9527
6.9949
7.2924
7.3422
7.3388
7.2227
6.9361
6.5336
6.1310
5.8716
5.8672
5.8525
5.7675
5.8609
5.9834
5.9821
5.9345
5.9580
5.8986
5.7884
5.7075
5.6376
5.4004
5.2210
5.0061
4.8463
4.7761
4.7357
4.6887
4.6081
4.4730
4.3520
4.2978
4.2034
4.0725
4.0419
4.0793
4.0796
4.1142
4.1845
4.2889
4.3545
4.4245
4.4640
4.4479
4.4764
4.5564
4.6780
4.8000
4.9842
5.1427
5.2765
5.6325
5.7358
5.7757
5.8384
5.8355
5.9642
6.2292
6.2578
6.1883
6.2950
6.4384
6.6379
6.7658
6.7117
6.6111
6.4944
6.4986
6.5140
6.4988
6.7020
6.8979
6.9763
7.0375
7.0712
7.0645
7.1263
7.1588
7.3402
7.4545
7.4763
7.5996
7.6924
7.8002
7.8546
7.8656
7.9112
7.9025
7.9109
7.8872
7.9568
7.9846
8.0409
8.0272
7.9566
7.8625
7.7756
7.6428
7.6293
7.6615
7.6613
7.6186
7.4788
7.2201
7.0280
7.0205
6.9605
6.8872
6.8705
6.9806
7.0489
7.0581
7.1826
7.1689
6.8888
6.7361
6.6678
6.4939
6.3275
6.1444
6.1720
6.1234
5.8034
5.5155
5.4080
5.3575
5.2690
5.1544
5.1097
5.2586
5.2343
5.2393
5.2352
5.3057
5.2334
5.1815
4.8842
4.8124
5.2708
5.5137
5.6205
5.1071
5.5327
5.3671
5.1586
5.6236
5.2018
5.4984
6.3387
6.7326
6.6649
6.8494
7.2301
6.4940
6.7794
7.1162
6.8287
6.4286
6.0480
5.8931
5.5940
5.1404
4.9884
4.8925
4.7911
4.8595
4.8542
4.7899
4.7854
4.7217
4.6806
4.6513
4.6824
4.6858
4.7262
4.7713
4.7816
4.7858
4.8240
4.8659
4.8225
4.7422
4.7589
4.7913
4.8174
4.8452
4.8596
4.8363
4.8641
4.8745
4.8808
4.8139
4.7077
4.6489
4.6292
4.5987
4.5812
4.5275
4.4031
4.2769
4.1684
4.1516
4.1582
4.1586
4.1570
4.1702
4.2186
4.3248
4.4791
4.6561
4.7497
4.7474
4.7452
4.8038
4.8626
4.8583
4.7598
4.6258
4.5855
4.6977
4.8517
4.8958
4.9657
5.0920
