-10.9758
-10.9684
-10.8348
-10.7942
-10.8071
-10.8383
-10.8784
-10.9163
-10.9478
-10.9689
-10.9729
-10.9652
-10.9485
-10.9208
-10.8789
-10.8947
-10.9339
-10.9302
-10.9139
-10.9074
-10.9066
-10.9134
-10.9304
-10.9581
-10.9917
-11.0299
-11.0644
-11.0968
-11.1236
-11.1447
-11.1627
-11.1770
-11.1892
-11.2018
-11.2131
-11.2170
-11.2164
-11.2169
-11.2169
-11.2183
-11.2210
-11.2235
-11.2229
-11.2233
-11.2299
-11.2334
-11.2389
-11.2373
-11.2309
-11.2226
-11.2126
-11.1955
-11.1810
-11.1761
-11.1685
-11.1625
-11.1684
-11.1764
-11.1802
-11.1902
-11.2071
-11.2184
-11.2401
-11.2591
-11.2749
-11.2941
-11.3144
-11.3345
-11.3530
-11.3702
-11.3747
-11.3760
-11.3681
-11.3452
-11.3020
-11.2222
-11.2334
-11.2830
-11.2771
-11.2656
-11.2660
-11.2716
-11.2901
-11.3305
-11.3776
-11.4090
-11.4258
-11.4395
-11.4843
-11.5804
-11.7420
-12.0080
-12.2967
-12.5303
-12.6458
-12.7595
-12.9483
-13.1138
-13.2131
-13.2693
-13.2822
-13.2878
-13.2710
-13.2274
-13.1726
-13.1142
-13.0783
-13.0560
-13.0667
-13.1024
-13.1502
-13.1991
-13.2464
-13.2716
-13.2547
-13.2158
-13.1728
-13.1350
-13.1065
-13.0747
-13.0486
-13.0244
-12.9901
-12.9462
-12.9048
-12.8673
-12.8249
-12.7843
-12.7462
-12.7063
-12.6621
-12.6175
-12.5726
-12.5241
-12.4763
-12.4245
-12.3746
-12.3309
-12.2902
-12.2433
-12.2034
-12.1663
-12.1339
-12.1085
-12.0856
-12.0687
-12.0610
-12.0533
-12.0516
-12.0574
-12.0665
-12.0738
-12.0794
-12.0860
-12.0941
-12.0945
-12.0865
-12.0841
-12.0851
-12.0867
-12.0875
-12.0875
-12.0807
-12.0608
-12.0339
-11.9992
-11.9566
-11.9170
-11.8914
-11.8816
-11.8742
-11.8506
-11.8170
-11.7807
-11.7449
-11.7098
-11.6777
-11.6486
-11.6224
-11.5987
-11.5799
-11.5644
-11.5529
-11.5497
-11.5444
-11.5350
-11.5312
-11.5200
-11.5026
-11.4906
-11.5007
-11.5273
-11.5513
-11.5794
-11.6159
-11.6488
-11.6517
-11.6375
-11.6222
-11.6118
-11.5980
-11.5686
-11.5451
-11.5344
-11.5301
-11.5246
-11.5137
-11.5269
-11.5434
-11.5534
-11.5384
-11.5172
-11.5216
-11.5318
-11.5176
-11.4895
-11.4683
-11.4510
-11.4402
-11.3869
-11.3285
-11.2805
-11.2160
-11.1843
-11.1660
-11.1134
-11.0328
-10.9529
-10.8811
-10.8344
-10.8019
-10.7816
-10.7639
-10.7275
-10.6930
-10.6517
-10.6182
-10.6004
-10.5854
-10.5709
-10.5668
-10.5716
-10.5848
-10.5980
-10.6090
-10.6108
-10.6163
-10.6279
-10.6350
-10.6480
-10.6614
-10.6810
-10.7015
-10.7174
-10.7379
-10.7647
-10.7877
-10.8149
-10.8258
-10.8421
-10.8616
-10.8823
-10.8975
-10.9058
-10.9038
-10.9113
-10.9292
-10.9397
-10.9452
-10.9663
-10.9852
-10.9974
-11.0088
-11.0108
-11.0191
-11.0222
-11.0065
-10.9762
-10.9334
-10.8789
-10.8256
-10.7841
-10.7521
-10.7305
-10.7124
-10.6993
-10.6895
-10.6772
-10.6689
-10.6637
-10.6675
-10.6614
-10.6291
-10.6049
-10.5976
-10.6017
-10.5848
-10.5737
-10.5856
-10.6156
-10.6635
-10.7007
-10.7366
-10.7630
-10.7779
-10.7674
-10.7395
-10.7257
-10.7073
-10.6837
-10.6573
-10.6338
-10.6199
-10.6078
-10.5782
-10.5422
-10.4748
-10.4118
-10.3719
-10.3511
-10.3220
-10.2921
-10.2569
-10.2048
-10.1619
-10.1436
-10.1308
-10.1055
-10.0866
-10.0796
-10.0780
-10.0767
-10.0896
-10.1039
-10.1126
-10.1206
-10.1358
-10.1580
-10.1736
-10.1902
-10.2029
-10.2197
-10.2469
-10.2854
-10.3263
-10.3697
-10.4169
-10.4714
-10.5348
-10.6047
-10.6668
-10.7112
-10.7561
-10.8011
-10.8329
-10.8387
-10.8405
-10.8414
-10.8411
-10.8410
-10.8406
-10.8419
-10.8460
-10.8560
-10.8685
-10.8847
-10.9062
-10.9299
-10.9494
-10.9648
-10.9749
-10.9875
-11.0175
-11.0805
-11.1798
-11.2793
-11.3369
