-6.0656
-6.2034
-6.6438
-7.1587
-7.3657
-7.4904
-7.5326
-7.6077
-7.7743
-7.8891
-8.0059
-8.2357
-8.4461
-8.5991
-8.6126
-8.5776
-8.6681
-8.7939
-8.8396
-8.9083
-8.8534
-9.0076
-8.9955
-8.8311
-8.7197
-8.6760
-8.6657
-8.6527
-8.6862
-8.6893
-8.6311
-8.7120
-8.7209
-8.7717
-8.9569
-9.1060
-9.1042
-9.0518
-9.0717
-9.1163
-9.1697
-9.1912
-9.2597
-9.3562
-9.3934
-9.3737
-9.4064
-9.4695
-9.5358
-9.5844
-9.6366
-9.6612
-9.6740
-9.6979
-9.7400
-9.7054
-9.5130
-9.2393
-9.0320
-8.9439
-8.8749
-8.6797
-8.3373
-8.0764
-8.0108
-8.2268
-8.4129
-8.5123
-8.4882
-8.4392
-8.3332
-8.6015
-8.9127
-9.1022
-9.2891
-9.3634
-8.9938
-8.7905
-8.8213
-8.8293
-8.8653
-8.8419
-8.6179
-8.3562
-8.1286
-7.9453
-7.8562
-7.8065
-7.6679
-7.5184
-7.3983
-7.2102
-7.0851
-7.0877
-7.6425
-8.0016
-8.1460
-8.3522
-8.5092
-8.8833
-9.1561
-9.4307
-9.5220
-9.5179
-9.5052
-9.4882
-9.3874
-9.3106
-9.2582
-9.1091
-8.9586
-8.7972
-8.5546
-8.3824
-8.3353
-8.2001
-8.0238
-7.7797
-7.4258
-7.1721
-7.0429
-7.0571
-7.2590
-7.4202
-7.3528
-7.3059
-7.3185
-7.3664
-7.4130
-7.4864
-7.4309
-7.3395
-7.1222
-6.9186
-6.8135
-6.7369
-6.6959
-6.7179
-6.7400
-6.7519
-6.7741
-6.7794
-6.8338
-6.9092
-6.9265
-6.9653
-7.0266
-6.8999
-6.8392
-6.8247
-6.6848
-6.6324
-6.6674
-6.7578
-6.9851
-7.0659
-7.1155
-7.0622
-6.8499
-6.5040
-6.1258
-5.8637
-5.8657
-5.8525
-5.7673
-5.8543
-5.9597
-5.9571
-5.9036
-5.9320
-5.8816
-5.7433
-5.6346
-5.5248
-5.2237
-5.0451
-4.8262
-4.6637
-4.5979
-4.4923
-4.4540
-4.3616
-4.1738
-3.9885
-3.9812
-3.9070
-3.8418
-3.8927
-3.9770
-4.0117
-4.0567
-4.1113
-4.1434
-4.1870
-4.2331
-4.3001
-4.3464
-4.4262
-4.5307
-4.6627
-4.7900
-4.9715
-5.1257
-5.2526
-5.5965
-5.6866
-5.7038
-5.7476
-5.7561
-5.9232
-6.1888
-6.2213
-6.1650
-6.2789
-6.4102
-6.5845
-6.6814
-6.5590
-6.3997
-6.2582
-6.2310
-6.2837
-6.3436
-6.6032
-6.8370
-6.9410
-7.0204
-7.0660
-7.0642
-7.1261
-7.1581
-7.3393
-7.4537
-7.4735
-7.5931
-7.6832
-7.7870
-7.8348
-7.8486
-7.8998
-7.8916
-7.8981
-7.8810
-7.9446
-7.9628
-8.0330
-8.0206
-7.9518
-7.8603
-7.7737
-7.6426
-7.6288
-7.6568
-7.6547
-7.6069
-7.4734
-7.2166
-7.0048
-6.9969
-6.9355
-6.8517
-6.8217
-6.8824
-6.8783
-6.8239
-6.8071
-6.6823
-6.3938
-6.1607
-5.9528
-5.7469
-5.4692
-5.3543
-5.4267
-5.3341
-5.0538
-4.8808
-4.8798
-4.9928
-5.0254
-4.9705
-4.9901
-5.1832
-5.1896
-5.2114
-5.2274
-5.3031
-5.2253
-5.1771
-4.8803
-4.8121
-5.2518
-5.4449
-5.4805
-4.8682
-5.2940
-5.0796
-4.6802
-5.3611
-4.4301
-4.9228
-5.6038
-5.9173
-6.2031
-6.5045
-6.8497
-6.2580
-6.6597
-6.8852
-6.4835
-5.9893
-5.7089
-5.6156
-5.3587
-4.8824
-4.7157
-4.5653
-4.3292
-4.3038
-4.2388
-4.0733
-3.9480
-3.7569
-3.6628
-3.6342
-3.6453
-3.6296
-3.6140
-3.6620
-3.7102
-3.7444
-3.7610
-3.8229
-3.8711
-3.8378
-3.8035
-3.8071
-3.8232
-3.8145
-3.8324
-3.8537
-3.8816
-3.9054
-3.9330
-3.9141
-3.9100
-3.9340
-3.9746
-3.9886
-4.0221
-4.0264
-3.9768
-3.9207
-3.8762
-3.9271
-3.9971
-4.0389
-4.0788
-4.1235
-4.1970
-4.3198
-4.4789
-4.6493
-4.7375
-4.7345
-4.7331
-4.7840
-4.8132
-4.7455
-4.5419
-4.2692
-4.0092
-3.7977
-3.5655
-3.3162
-3.1926
-3.1707
