-2.6405
-2.6129
-2.9057
-2.8745
-2.9418
-2.9877
-2.9079
-2.6245
-2.6124
-2.6282
-2.6852
-2.8029
-2.9958
-3.0314
-3.0362
-3.1298
-3.1428
-3.1713
-3.2482
-3.1961
-2.9937
-2.8328
-2.8534
-2.8428
-2.9753
-3.2107
-3.2971
-3.6384
-4.0477
-4.3489
-4.5142
-4.7150
-4.7605
-4.8264
-5.0763
-5.2429
-5.0941
-4.5345
-4.0880
-3.9270
-3.7461
-3.5640
-3.4866
-3.3223
-3.1331
-3.1454
-3.2193
-3.3150
-3.3585
-3.1851
-3.0047
-2.8863
-2.8150
-2.7918
-2.6248
-2.4023
-2.2477
-2.1368
-2.2004
-2.2820
-2.3457
-2.2680
-2.1415
-1.9645
-1.7902
-1.6985
-1.5874
-1.3727
-1.2720
-1.2925
-1.0355
-1.0885
-0.9199
-0.4017
-0.1544
-0.2292
0.0548
0.7079
1.0096
1.1613
1.2461
1.2628
1.3291
1.5380
1.5262
1.5021
1.6356
1.6718
2.1266
2.5675
3.0436
3.3913
3.5132
3.7465
3.6657
3.6799
3.6037
3.3538
3.1189
2.5331
1.9044
1.3379
0.7879
0.3002
-0.2347
-0.6435
-0.9174
-1.1393
-1.4452
-1.7692
-1.9728
-2.1200
-2.1516
-2.1183
-2.1832
-2.1920
-2.0249
-1.7924
-1.6633
-1.6740
-1.7253
-1.7742
-1.8104
-1.6956
-1.3911
-1.1420
-0.9646
-0.8832
-0.7768
-0.6189
-0.5580
-0.4539
-0.4024
-0.4256
-0.4317
-0.4848
-0.5924
-0.7401
-0.9061
-1.0956
-1.2229
-1.2983
-1.4375
-1.6550
-1.7850
-1.7949
-1.9204
-1.9546
-1.9823
-2.2620
-2.2303
-2.1134
-1.9714
-1.8057
-2.0944
-1.9952
-1.7966
-1.5142
-1.0902
-0.6212
-0.2512
-0.3044
-0.1309
-0.0022
0.0518
0.2778
0.5330
0.5465
0.6052
0.5561
0.4475
0.7218
0.9096
1.1222
1.3703
1.3438
1.3298
1.3177
1.2924
1.4988
1.4646
1.4869
1.6084
1.7413
1.6191
1.5506
1.3513
1.0881
0.9079
0.7411
0.6855
0.7791
1.1078
1.1960
1.2874
1.1985
0.9450
0.6688
0.4829
0.3785
0.3084
0.3560
0.4166
0.5010
0.6358
0.7498
0.9082
1.0254
0.9594
0.6977
0.7089
0.6745
0.5358
0.4501
0.6021
0.8406
1.0651
1.4238
1.6584
1.7356
1.8458
1.7166
1.4120
1.1466
0.9150
0.7007
0.4906
0.2713
0.0661
-0.0526
-0.1005
-0.1110
-0.1114
-0.2046
-0.3154
-0.3762
-0.4533
-0.5582
-0.5155
-0.4248
-0.4143
-0.4507
-0.3126
-0.4407
-0.5887
-0.3559
-0.3260
-0.2739
-0.1836
-0.1713
-0.0486
0.0892
0.2678
0.3164
0.4213
0.2830
0.2228
0.5703
0.5757
0.5898
0.6978
0.8174
1.1670
1.5414
1.8030
2.2921
2.5960
2.5640
2.7242
3.0039
3.0238
3.1820
3.0142
2.9401
3.0072
2.8529
2.5687
2.3309
1.9428
1.5837
1.3644
1.0992
0.8873
0.6822
0.5409
0.2869
0.1652
0.2911
0.2114
0.1952
-0.0552
-0.4468
-0.8687
-1.2467
-1.5439
-1.6076
-1.7329
-2.1697
-1.6980
-2.7263
-2.4490
-2.9625
-3.2114
-2.4378
-2.1462
-2.3141
-1.7349
-1.2685
-1.7985
-2.1438
-2.3354
-1.9967
-1.7869
-1.6056
-1.6081
-1.6268
-1.7590
-2.0525
-2.2565
-2.3655
-2.5203
-2.7043
-2.8601
-2.9141
-2.9030
-2.9388
-2.9636
-3.0458
-3.0587
-3.0163
-2.9805
-3.0208
-3.0105
-2.8760
-2.7856
-2.8602
-2.9090
-2.9309
-2.9877
-2.9881
-2.9222
-2.9313
-2.9168
-2.8903
-2.8025
-2.6219
-2.4771
-2.3732
-2.2889
-2.1932
-2.0704
-1.8899
-1.7089
-1.5332
-1.3466
-1.1463
-0.9908
-0.8025
-0.6220
-0.4259
-0.2071
0.0431
0.2503
0.3394
0.3493
0.3387
0.4362
0.6913
1.0410
1.4239
1.7812
2.2255
2.7651
3.2904
3.6016
3.8034
3.9844
