4.8730
4.9290
4.9680
5.0030
5.1240
5.2910
5.4860
5.5520
5.5020
5.5250
5.4980
5.5000
5.4340
5.4170
5.4360
5.4350
5.4380
5.4310
5.4110
5.3320
5.2330
5.1770
5.0720
5.1450
5.2320
5.2220
5.2310
5.1420
4.9300
4.6620
4.4170
4.2200
4.0460
3.8840
3.7620
3.6910
3.6920
3.7300
3.8060
3.8790
3.8990
3.9270
3.9540
3.9630
3.9640
3.9690
3.9140
3.7950
3.6690
3.5600
3.4750
3.4390
3.4240
3.4280
3.4710
3.5450
3.6280
3.6950
3.7040
3.6850
3.6840
3.7080
3.7330
3.7510
3.7550
3.7070
3.6350
3.5630
3.5160
3.5070
3.5140
3.5170
3.5200
3.5130
3.5030
3.4680
3.4110
3.3760
3.3750
3.4010
3.4430
3.5130
3.5650
3.5880
3.6270
3.6700
3.7070
3.7320
3.7010
3.6860
3.6690
3.6570
3.6760
3.6850
3.7020
3.7550
3.8140
3.8650
3.9050
3.9430
4.0030
4.0570
4.0930
4.1040
4.1120
4.1530
4.2220
4.2940
4.3650
4.4150
4.3960
4.3380
4.2650
4.2900
4.3890
4.4930
4.5390
4.5910
4.5310
4.5750
4.7210
4.8470
4.9070
4.8550
4.7330
4.6590
4.6220
4.6080
4.5910
4.6740
4.7790
4.8560
4.8870
4.9400
5.0600
5.1260
5.2060
5.2590
5.2480
5.2240
5.3220
5.3920
5.6030
5.5730
5.4230
5.4490
5.5370
5.7790
5.7960
5.6890
5.6410
5.8940
6.0390
6.0260
6.1840
6.2460
6.1980
6.1790
6.0990
6.0370
5.9760
6.0260
6.2660
6.3170
6.2060
6.2620
6.3400
6.2580
6.0770
5.9600
5.7720
5.7380
5.5780
5.5150
5.4820
5.4220
5.3640
5.3300
5.5390
5.3230
5.6500
5.9660
6.5690
6.9250
6.0530
6.1340
6.0030
6.1160
5.5410
5.0550
5.7940
5.8460
6.1230
6.5640
6.5720
6.4750
7.0110
6.8530
7.3240
7.1970
7.3650
7.2710
7.7050
8.1180
7.7360
8.1990
8.0550
7.6680
9.2260
8.6290
7.8550
7.3650
7.2140
7.6430
9.1160
8.4820
8.5110
7.3470
7.7070
6.8510
6.9190
8.0870
8.3860
8.2770
7.9660
7.9430
8.1850
7.9420
8.0510
8.0660
7.9730
7.5390
7.4230
7.8640
7.9610
7.6910
7.7270
7.7820
7.9100
7.8310
7.8020
7.7290
7.7020
7.6740
7.8140
7.8130
7.5980
7.5540
7.7410
7.4470
7.6040
7.6580
4.5600
7.5100
7.5970
8.4570
8.5100
8.1410
7.5400
7.5830
7.2410
7.0920
5.6700
5.5630
5.1900
5.5430
7.4720
6.6890
6.9780
7.7160
7.0490
6.9340
7.0270
7.9060
4.3840
0.8220
0.9710
3.6930
3.8430
4.3080
2.1240
1.8990
1.9650
2.2770
2.5050
3.2900
4.6200
4.3030
4.4120
4.4990
5.6350
5.5100
6.0300
5.9040
6.0490
6.1280
5.7860
5.8960
6.1130
6.2780
6.0040
5.9860
6.0980
6.3550
6.5040
6.6450
6.8230
6.4670
5.9840
6.1060
6.2670
6.3350
6.3480
6.4910
6.7560
6.7070
6.8120
6.8040
6.8050
6.7840
6.7800
6.7410
6.8030
6.8190
6.6920
6.6090
6.4710
6.1680
5.8580
5.7280
5.6570
5.7780
5.6370
5.4950
5.3940
5.3560
5.4120
5.5660
5.6630
5.6680
5.6650
5.7380
5.9640
6.1100
6.1200
6.1670
6.3170
6.3910
6.3350
6.1780
6.1160
6.0030
5.9230
6.1140
6.1690
5.9740
5.9790
5.9460
5.8360
5.9050
6.0090
6.0210
6.1320
6.2020
6.2940
6.2720
6.2890
6.1710
6.0430
5.8780
5.7930
5.8740
5.9330
5.9800
6.0650
6.0860
5.9740
