1619.2000
1605.6000
1569.8000
1633.6000
1625.0000
1652.9000
1652.0000
1611.3000
1615.8000
1595.7000
1615.1000
1622.3000
1591.6000
1598.0000
1595.0000
1599.9000
1618.4000
1619.1000
1621.1000
1614.1000
1622.3000
1633.5000
1646.2000
1670.1000
1682.8000
1680.1000
1692.9000
1698.5000
1708.9000
1722.8000
1734.6000
1739.2000
1739.1000
1752.4000
1763.9000
1775.1000
1786.9000
1790.7000
1790.9000
1766.9000
1742.2000
1741.4000
1732.9000
1731.4000
1719.5000
1703.0000
1673.6000
1646.6000
1633.9000
1627.9000
1618.9000
1628.6000
1625.9000
1615.2000
1608.2000
1600.3000
1598.9000
1590.7000
1583.7000
1574.9000
1565.7000
1562.5000
1557.6000
1569.7000
1584.4000
1591.9000
1597.5000
1596.9000
1606.8000
1616.4000
1628.9000
1642.3000
1646.0000
1647.8000
1655.3000
1655.2000
1660.8000
1673.1000
1683.0000
1691.6000
1691.9000
1694.5000
1693.2000
1690.8000
1693.0000
1696.1000
1697.7000
1673.7000
1649.9000
1645.2000
1645.5000
1654.2000
1651.4000
1637.8000
1617.9000
1598.7000
1593.5000
1592.7000
1590.1000
1598.8000
1595.0000
1585.7000
1577.8000
1573.1000
1578.5000
1578.7000
1580.1000
1580.6000
1578.5000
1580.4000
1585.9000
1626.5000
1667.6000
1685.6000
1691.1000
1684.5000
1692.9000
1711.2000
1734.5000
1751.2000
1751.6000
1752.1000
1754.9000
1738.4000
1736.4000
1742.4000
1745.0000
1749.8000
1744.7000
1741.1000
1733.2000
1731.6000
1738.4000
1739.2000
1736.4000
1720.0000
1694.9000
1681.1000
1675.0000
1677.3000
1667.9000
1655.0000
1634.7000
1621.3000
1623.8000
1630.0000
1619.1000
1620.9000
1618.8000
1607.7000
1601.3000
1584.7000
1577.6000
1568.7000
1561.1000
1555.5000
1547.7000
1545.9000
1549.3000
1580.2000
1619.0000
1628.2000
1610.3000
1603.4000
1621.7000
1634.2000
1647.2000
1671.1000
1688.6000
1699.0000
1715.4000
1697.5000
1701.6000
1715.1000
1724.4000
1739.3000
1737.2000
1743.7000
1738.0000
1758.6000
1752.1000
1749.6000
1729.4000
1674.1000
1690.3000
1665.6000
1674.7000
1668.9000
1691.5000
1696.3000
1637.8000
1613.4000
1583.0000
1558.6000
1549.9000
1559.9000
1515.9000
1518.6000
1474.5000
1467.6000
1476.3000
1502.4000
1464.9000
1422.5000
1429.7000
1385.4000
1393.2000
1462.9000
1401.1000
1433.7000
1479.2000
1492.0000
1503.8000
1477.5000
1413.6000
1469.3000
1425.5000
1500.8000
1485.1000
1505.7000
1471.9000
1416.4000
1391.8000
1396.5000
1402.0000
1392.5000
1351.5000
1340.5000
1306.3000
1308.3000
1294.9000
1259.7000
1232.1000
1184.9000
1155.5000
1158.2000
1122.4000
1092.6000
1041.6000
1004.0000
977.2000
953.7100
927.6800
912.6500
881.5700
848.8400
842.1600
830.0500
774.4400
768.0600
760.9300
721.9500
911.5500
693.2400
619.4500
638.2600
634.1700
669.8500
678.8900
629.1000
609.0200
628.3200
667.3700
648.1400
672.5500
571.2000
509.0300
585.5100
526.6200
467.8200
441.4500
430.2700
373.9800
346.0600
594.2300
517.7000
513.3300
616.8700
609.2300
568.3600
443.3200
374.3800
335.4600
306.8900
329.9300
363.0100
397.9500
391.3200
406.3100
418.7700
475.0700
464.3800
483.1300
499.1600
520.4800
530.0600
516.4000
547.6300
574.0700
630.1900
657.9200
660.8500
699.5400
761.7300
818.9500
869.7500
892.9200
909.7000
929.6900
961.6000
990.4700
1017.7000
1022.7000
1043.2000
1059.2000
1080.7000
1102.7000
1133.3000
1151.0000
1173.9000
1194.8000
1209.8000
1222.6000
1245.5000
1280.4000
1303.5000
1322.0000
1336.4000
1355.0000
1370.5000
1383.4000
1393.0000
1416.3000
1419.9000
1425.4000
1430.7000
1454.8000
1459.5000
1473.6000
1499.0000
1521.7000
1539.2000
1545.4000
1553.8000
1573.6000
1585.5000
1600.5000
1617.6000
1627.1000
1643.9000
1660.3000
1685.2000
1720.3000
1734.9000
1754.2000
1775.9000
1799.9000
1822.8000
1862.6000
1889.1000
1905.5000
1926.9000
1942.0000
1934.8000
1932.6000
1951.8000
1973.4000
2007.0000
2021.2000
2038.2000
2052.3000
2060.8000
2080.1000
2097.0000
2115.6000
2102.7000
2086.2000
