6.9321
7.0214
7.0825
7.1390
7.3300
7.5958
7.9047
8.0104
7.9305
7.9670
7.9233
7.9270
7.8230
7.7960
7.8249
7.8233
7.8287
7.8174
7.7856
7.6604
7.5038
7.4141
7.2488
7.3633
7.5026
7.4867
7.5011
7.3586
7.0234
6.5979
6.2087
5.8965
5.6196
5.3628
5.1700
5.0573
5.0585
5.1192
5.2387
5.3551
5.3874
5.4308
5.4745
5.4889
5.4891
5.4975
5.4104
5.2218
5.0217
4.8485
4.7132
4.6572
4.6334
4.6399
4.7070
4.8255
4.9573
5.0624
5.0779
5.0478
5.0450
5.0841
5.1234
5.1513
5.1579
5.0813
4.9682
4.8529
4.7787
4.7650
4.7761
4.7802
4.7850
4.7741
4.7587
4.7024
4.6130
4.5571
4.5547
4.5957
4.6630
4.7742
4.8573
4.8925
4.9551
5.0239
5.0823
5.1211
5.0718
5.0486
5.0212
5.0030
5.0331
5.0467
5.0742
5.1578
5.2519
5.3328
5.3968
5.4568
5.5524
5.6382
5.6946
5.7115
5.7252
5.7899
5.8992
6.0128
6.1255
6.2061
6.1747
6.0833
5.9671
6.0071
6.1641
6.3296
6.4015
6.4852
6.3894
6.4589
6.6907
6.8904
6.9867
6.9042
6.7100
6.5921
6.5337
6.5113
6.4842
6.6170
6.7823
6.9055
6.9545
7.0388
7.2296
7.3335
7.4606
7.5442
7.5280
7.4885
7.6446
7.7560
8.0908
8.0431
7.8050
7.8458
7.9853
8.3694
8.3966
8.2278
8.1514
8.5522
8.7829
8.7619
9.0133
9.1112
9.0342
9.0046
8.8776
8.7793
8.6823
8.7620
9.1425
9.2231
9.0477
9.1357
9.2600
9.1306
8.8431
8.6576
8.3588
8.3049
8.0515
7.9503
7.8991
7.8031
7.7116
7.6578
7.9891
7.6464
8.1645
8.6674
9.6242
10.1876
8.8053
8.9339
8.7247
8.9044
7.9916
7.2210
8.3942
8.4764
8.9161
9.6156
9.6279
9.4741
10.3245
10.0741
10.8217
10.6201
10.8866
10.7366
11.4264
12.0821
11.4750
12.2099
11.9810
11.3669
13.8398
12.8917
11.6645
10.8859
10.6470
11.3276
13.6655
12.6595
12.7049
10.8573
11.4292
10.0702
10.1787
12.0315
12.5066
12.3336
11.8397
11.8040
12.1877
11.8014
11.9751
11.9993
11.8519
11.1634
10.9778
11.6777
11.8318
11.4042
11.4612
11.5480
11.7506
11.6267
11.5806
11.4643
11.4219
11.3763
11.5986
11.5972
11.2562
11.1869
11.4834
11.0174
11.2662
11.3514
6.4349
11.1173
11.2549
12.6197
12.7028
12.1185
11.1640
11.2328
10.6904
10.4540
8.1975
8.0271
7.4349
7.9957
11.0562
9.8133
10.2719
11.4430
10.3858
10.2026
10.3506
11.7445
6.1570
0.5042
0.7406
5.0594
5.2975
6.0364
2.5702
2.2137
2.3182
2.8129
3.1749
4.4202
6.5309
6.0276
6.2014
6.3381
8.1413
7.9429
8.7688
8.5689
8.7976
8.9243
8.3814
8.5548
8.9001
9.1612
8.7276
8.6979
8.8753
9.2843
9.5200
9.7440
10.0270
9.4622
8.6944
8.8881
9.1438
9.2518
9.2725
9.4990
9.9209
9.8431
10.0097
9.9968
9.9974
9.9653
9.9576
9.8967
9.9948
10.0208
9.8188
9.6866
9.4673
8.9876
8.4955
8.2894
8.1767
8.3678
8.1442
7.9200
7.7597
7.6980
7.7881
8.0324
8.1866
8.1941
8.1884
8.3051
8.6636
8.8951
8.9109
8.9860
9.2236
9.3412
9.2516
9.0032
8.9041
8.7261
8.5982
8.9020
8.9893
8.6788
8.6875
8.6344
8.4600
8.5701
8.7344
8.7535
8.9294
9.0408
9.1870
9.1527
9.1790
8.9923
8.7881
8.5267
8.3915
8.5214
8.6147
8.6882
8.8238
8.8568
8.6793
