-17.1398
-17.1086
-17.0409
-16.9506
-16.8846
-16.8631
-16.7719
-16.7928
-16.8132
-16.8471
-16.8866
-16.9252
-16.9556
-16.9797
-16.9982
-17.0109
-17.0235
-17.0340
-17.0410
-17.0533
-17.0652
-17.0522
-17.0216
-16.9741
-16.9292
-16.8974
-16.8700
-16.8495
-16.8255
-16.7966
-16.7675
-16.7327
-16.6921
-16.6531
-16.6198
-16.5890
-16.5508
-16.5102
-16.4745
-16.4450
-16.4260
-16.4087
-16.3942
-16.3935
-16.3953
-16.3970
-16.4021
-16.4077
-16.4078
-16.3998
-16.3905
-16.3866
-16.3871
-16.3955
-16.4171
-16.4470
-16.4835
-16.5227
-16.5790
-16.6388
-16.6710
-16.7006
-16.7438
-16.7875
-16.8186
-16.8194
-16.8132
-16.8041
-16.7934
-16.7804
-16.7731
-16.7712
-16.7695
-16.7707
-16.7770
-16.7736
-16.7645
-16.7671
-16.7683
-16.7622
-16.7525
-16.7421
-16.7340
-16.7244
-16.7132
-16.7071
-16.7089
-16.7109
-16.7087
-16.7030
-16.6842
-16.6583
-16.6406
-16.6307
-16.6210
-16.6147
-16.6125
-16.6110
-16.6123
-16.6112
-16.6021
-16.5820
-16.5520
-16.5175
-16.4951
-16.4792
-16.4619
-16.4439
-16.4177
-16.3833
-16.3608
-16.3542
-16.3590
-16.3593
-16.3492
-16.3438
-16.3399
-16.3182
-16.3274
-16.2970
-16.2119
-16.0840
-15.9714
-15.8233
-15.6509
-15.4792
-15.2815
-15.0962
-14.9580
-14.8663
-14.8143
-14.7854
-14.7766
-14.7884
-14.8121
-14.8528
-14.8945
-14.9199
-14.9201
-14.9095
-14.8563
-14.7882
-14.7645
-14.7498
-14.7647
-14.8825
-14.7596
-14.8089
-14.9778
-14.9000
-15.0334
-15.1947
-15.2628
-15.3304
-15.4767
-15.5424
-15.5923
-15.6739
-15.7472
-15.8657
-15.8806
-15.9198
-15.9244
-15.9311
-15.9475
-15.9463
-15.9564
-15.9694
-15.9885
-16.0058
-16.0170
-16.0185
-16.0207
-16.0075
-16.0014
-16.0133
-16.0426
-16.0563
-16.0495
-16.0650
-16.0295
-15.9814
-15.9151
-15.8545
-15.8975
-15.8713
-15.9178
-16.1420
-16.3716
-16.4412
-16.5990
-16.7701
-16.8431
-16.9607
-17.0051
-16.9875
-17.0556
-17.0369
-17.0235
-17.0242
-16.9586
-16.8787
-16.8063
-16.7360
-16.6913
-16.6264
-16.6016
-16.5700
-16.5123
-16.4951
-16.4313
-16.3747
-16.2469
-16.2160
-16.1684
-16.1369
-16.0858
-16.0542
-15.9614
-15.8469
-15.7703
-15.6963
-15.6610
-15.5797
-15.4530
-15.2411
-15.0573
-14.7299
-14.5857
-14.2837
-14.0649
-13.9373
-13.8896
-13.7962
-13.6194
-13.6236
-13.6001
-13.6446
-13.6522
-13.6524
-13.6522
-13.6396
-13.5585
-13.4872
-13.4617
-13.4494
-13.3784
-13.2915
-13.1317
-13.1386
-13.2626
-13.2880
-13.5333
-12.7756
-12.2515
-12.3767
-12.4043
-12.5571
-12.5494
-12.1993
-11.7622
-11.4800
-11.2961
-11.0355
-11.2442
-10.2344
-10.0923
-10.1571
-8.8589
-9.6472
-9.7292
-10.3630
-9.8698
-9.2800
-10.9005
-9.5433
-9.6552
-9.7497
-9.3473
-8.6547
-7.6725
-7.0884
-6.5380
-6.1206
-6.2336
-6.8328
-7.1455
-7.7024
-8.1026
-8.3435
-8.7324
-9.7061
-12.4658
-13.4866
-13.9719
-13.5958
-13.1242
-13.5417
-13.8329
-14.1237
-14.3310
-14.4872
-14.6688
-14.8533
-15.0279
-15.1682
-15.2685
-15.3407
-15.2953
-15.1407
-14.9943
-14.7571
-14.3866
-14.1583
-13.9838
-13.8783
-13.7724
-13.7044
-13.6255
-13.5557
-13.4900
-13.4274
-13.3825
-13.3626
-13.3637
-13.3805
-13.4122
-13.4418
-13.4468
-13.4261
-13.3927
-13.3945
-13.4571
-13.5731
-13.7437
-13.8510
-13.9001
-13.9117
-13.9685
-14.0156
-14.0801
-14.1560
-14.2560
-14.3894
-14.5545
-14.7526
-14.9894
-15.2681
-15.5380
-15.7671
-15.9665
-16.1559
-16.3556
-16.5384
-16.7236
-16.7425
-16.7554
-16.7991
-16.8363
-16.8584
-16.8609
-16.8558
-16.8437
-16.8508
-16.8427
-16.8302
-16.7971
-16.7065
-16.6634
-16.6606
-16.6423
-16.6473
-16.6397
-16.6379
-16.6630
-16.7220
-16.7625
