-1.4355
-1.3009
-1.2894
-1.2162
-1.1140
-1.4193
-1.8359
-2.0376
-2.1202
-2.2822
-2.3534
-2.3890
-2.5695
-2.7233
-2.9560
-3.2156
-3.3699
-3.5367
-3.6002
-3.6613
-3.6103
-3.5722
-3.5022
-3.6213
-3.6965
-3.8232
-3.9892
-4.2725
-4.4798
-4.5592
-4.5241
-4.5108
-4.4571
-4.3409
-4.2604
-4.1527
-4.0326
-3.9286
-3.9013
-3.9606
-4.0175
-3.9934
-4.0285
-4.1467
-4.1918
-4.2042
-4.2532
-4.3134
-4.3500
-4.3003
-4.2246
-4.1917
-4.1886
-4.2085
-4.2635
-4.2899
-4.3075
-4.3465
-4.3874
-4.4072
-4.4671
-4.5783
-4.6983
-4.7956
-4.8950
-4.9073
-4.8540
-4.7848
-4.7511
-4.7533
-4.7730
-4.7802
-4.7839
-4.7711
-4.7507
-4.6882
-4.6015
-4.5478
-4.5467
-4.5912
-4.6597
-4.7680
-4.8466
-4.8754
-4.9262
-4.9799
-5.0093
-5.0155
-4.9641
-4.9352
-4.9098
-4.8916
-4.9128
-4.9274
-4.9726
-5.0754
-5.1863
-5.2778
-5.3497
-5.4108
-5.4942
-5.5663
-5.6270
-5.6565
-5.6895
-5.7670
-5.8789
-5.9905
-6.0976
-6.1710
-6.1360
-6.0475
-5.9454
-5.9846
-6.0941
-6.1862
-6.2321
-6.2646
-6.0619
-5.9846
-6.0641
-6.1466
-6.1851
-6.0811
-5.9176
-5.8303
-5.8330
-5.9110
-6.0169
-6.2599
-6.4994
-6.6903
-6.7907
-6.9225
-7.1573
-7.2877
-7.4180
-7.5293
-7.5148
-7.4653
-7.6108
-7.7040
-8.0169
-7.9645
-7.7217
-7.7323
-7.8303
-8.2238
-8.2206
-8.0627
-8.0517
-8.4692
-8.6550
-8.6525
-8.9277
-8.9955
-8.8652
-8.7844
-8.6279
-8.5512
-8.4438
-8.5505
-8.9652
-9.0333
-8.8505
-8.9317
-9.0213
-8.8168
-8.4614
-8.2365
-7.9785
-7.9623
-7.7788
-7.7281
-7.6571
-7.4642
-7.4108
-7.4682
-7.7390
-7.5051
-8.0150
-8.6466
-9.6197
-10.1781
-8.7741
-8.7720
-8.4927
-8.6254
-7.7390
-6.9219
-7.9517
-8.1259
-8.5939
-9.2941
-9.2760
-9.0988
-9.8228
-9.4197
-10.4286
-10.3184
-10.5634
-10.0330
-10.7515
-11.5519
-11.1692
-11.8700
-11.7179
-11.1197
-13.2445
-12.4979
-11.1977
-10.2341
-9.9352
-10.7951
-12.9962
-11.9243
-12.0639
-9.9219
-10.5341
-9.1862
-9.5760
-11.5059
-11.8737
-11.6867
-11.1712
-10.9421
-11.2374
-10.7629
-11.1668
-10.8893
-10.6737
-10.2647
-10.1123
-10.7738
-10.8824
-10.6098
-10.8538
-10.8877
-11.0571
-10.9516
-10.9872
-10.8849
-10.8586
-10.8140
-11.0780
-11.0016
-10.5061
-10.4632
-10.8862
-10.3860
-10.7333
-10.8222
-5.5302
-10.1093
-10.1336
-10.4093
-10.3368
-9.6933
-8.9264
-8.5506
-7.3687
-6.5870
-5.0973
-6.1825
-5.4587
-7.0244
-9.9157
-7.2607
-7.8170
-9.0798
-9.3601
-9.2792
-9.5548
-9.9362
4.8105
-0.4749
-0.3442
2.1600
2.9281
3.5013
1.6375
2.0265
2.3015
2.3703
3.1382
3.0895
4.7395
4.4820
4.2417
4.9664
7.0594
7.9138
6.3770
5.2569
5.0178
5.1753
4.1870
4.1614
4.5951
5.3279
5.1561
4.8586
5.2345
5.4514
5.5369
5.7998
5.7813
5.4068
4.8155
4.7195
4.4336
4.0536
3.5153
3.2999
3.2077
3.5255
3.0155
2.7733
2.4240
2.2043
2.2120
2.0729
1.9414
1.7648
1.6190
1.3712
0.8316
0.4988
0.4211
0.2639
0.0946
-0.2250
-0.3505
-0.7328
-0.9167
-1.0307
-0.9213
-0.9789
-0.8546
-0.9149
-0.8845
-0.8457
-0.8323
-0.8410
-0.8683
-0.9380
-0.9627
-0.9701
-0.9661
-0.9634
-0.9831
-0.9933
-0.9797
-0.9654
-1.0173
-1.3397
-1.4837
-1.7493
-1.9883
-2.0958
-2.2173
-2.3362
-2.4625
-2.5361
-2.7187
-2.9280
-3.1383
-3.2743
-3.3981
-3.4224
-3.5290
-3.7968
-4.1725
-4.4802
-4.7182
-4.9493
-5.0988
