-6.7818
-6.8999
-6.9641
-7.0346
-7.2449
-7.4621
-7.6885
-7.7469
-7.6418
-7.6331
-7.5657
-7.5584
-7.3890
-7.3049
-7.2451
-7.1318
-7.0663
-6.9716
-6.9033
-6.7288
-6.5782
-6.4968
-6.3467
-6.4112
-6.5287
-6.4370
-6.3524
-5.9913
-5.4092
-4.7693
-4.2521
-3.7976
-3.4227
-3.1490
-2.9288
-2.8864
-3.0540
-3.2821
-3.4963
-3.6043
-3.5894
-3.6805
-3.7069
-3.5962
-3.5439
-3.5422
-3.3440
-2.9431
-2.5090
-2.2395
-2.0897
-2.0296
-1.9808
-1.9538
-1.9947
-2.2096
-2.4535
-2.5953
-2.5566
-2.4612
-2.3446
-2.2107
-2.0434
-1.8809
-1.6259
-1.3182
-1.0593
-0.8101
-0.5125
-0.3334
-0.1724
-0.0192
0.1036
0.1693
0.2759
0.3660
0.3256
0.2908
0.2706
0.2026
0.1747
0.2429
0.3235
0.4091
0.5349
0.6634
0.8578
1.0349
1.0398
1.0641
1.0518
1.0499
1.0936
1.0905
1.0103
0.9186
0.8279
0.7641
0.7114
0.7070
0.8018
0.8973
0.8751
0.7902
0.6386
0.5140
0.4888
0.5173
0.5838
0.6594
0.6906
0.6595
0.5088
0.5197
0.9265
1.3396
1.4630
1.6769
2.0192
2.4295
2.8271
3.1139
3.2494
3.2693
3.1633
3.0763
2.9438
2.7306
2.4169
2.1443
1.9384
1.7106
1.5008
1.2739
1.0201
0.8187
0.7963
0.4743
0.4449
0.5883
0.7179
0.8964
1.0907
1.1217
1.1373
1.3296
1.5655
1.5544
1.7098
1.6401
1.2708
1.1881
1.4934
1.3803
1.2389
1.4474
1.7393
1.9793
2.0904
1.9880
2.0211
1.9134
1.7918
1.8611
1.8784
1.9199
2.0889
2.3731
2.5700
2.6672
2.4928
2.3608
2.0775
1.8667
1.9402
2.2747
2.1329
1.6934
1.9834
1.4631
1.5555
0.6001
0.2940
0.4390
0.7400
1.6929
1.9988
2.2114
1.9934
2.0565
2.6893
2.4123
2.3750
2.4655
2.5792
2.6403
3.1793
3.5715
2.8902
2.5132
2.6333
3.8226
3.8688
3.5398
2.6314
2.8610
2.4968
2.3576
4.0154
3.1621
3.2670
3.7101
3.8277
3.4322
4.2242
4.2515
3.9844
4.4088
4.4340
4.1259
3.4503
3.5172
3.9284
3.9419
3.9222
4.4278
4.7181
4.8409
4.3252
5.0405
5.1516
4.3885
4.2723
4.5049
4.6437
4.1818
3.6816
3.8490
3.9773
3.9042
3.6596
3.5986
3.5425
3.5325
3.4357
3.6687
4.0404
3.9583
3.6551
3.6762
3.4240
3.4254
3.2901
4.6255
4.8972
7.1346
7.3830
7.2732
6.7047
7.2844
7.7451
8.1178
6.4200
5.1197
5.0478
3.8196
4.8907
6.6017
6.6638
6.9641
4.5004
4.2414
3.9799
6.2614
-3.8430
-0.1694
0.6558
4.5751
4.4148
4.9173
1.9810
0.8909
-0.2782
-1.5146
-0.4809
3.1612
4.4933
4.0303
4.5239
3.9378
4.0554
-0.6785
-6.0188
-6.7669
-7.2262
-7.2705
-7.2606
-7.4745
-7.6222
-7.4526
-7.0418
-7.2143
-7.1673
-7.5154
-7.7443
-7.8299
-8.1926
-7.7653
-7.2390
-7.5315
-7.9970
-8.3165
-8.5804
-8.9074
-9.3880
-9.1900
-9.5447
-9.6045
-9.6991
-9.7185
-9.7088
-9.6771
-9.8044
-9.8642
-9.6844
-9.5890
-9.4307
-8.9737
-8.4851
-8.2852
-8.1761
-8.3648
-8.1367
-7.8861
-7.7054
-7.6287
-7.7335
-7.9725
-8.1418
-8.1429
-8.1405
-8.2619
-8.6235
-8.8552
-8.8685
-8.9369
-9.1733
-9.2907
-9.2010
-8.9516
-8.8496
-8.6693
-8.5422
-8.8495
-8.9315
-8.5747
-8.5598
-8.4553
-8.2230
-8.3099
-8.4482
-8.4360
-8.5832
-8.6778
-8.7755
-8.6717
-8.6258
-8.3750
-8.1045
-7.8097
-7.6134
-7.6288
-7.5367
-7.4440
-7.4564
-7.3449
-7.0237
