2.2640
2.1470
2.1120
2.0060
1.8350
1.7010
1.4540
1.3140
1.2070
1.1780
1.1120
1.1680
1.2730
1.4350
1.5020
1.5960
1.6810
1.7730
1.7960
1.8350
1.9210
1.9950
1.9850
1.9920
1.9310
1.9040
1.9560
2.0570
2.1190
2.1650
2.2300
2.2460
2.2290
2.2040
2.2430
2.3290
2.4090
2.4420
2.4930
2.5810
2.6680
2.7570
2.8010
2.8110
2.8780
2.9990
3.0570
3.1030
3.1150
3.1280
3.1370
3.1610
3.1960
3.2260
3.2640
3.3140
3.3820
3.4280
3.4460
3.4530
3.4710
3.5330
3.5920
3.6080
3.6560
3.6770
3.6470
3.6400
3.6020
3.5840
3.5120
3.4010
3.2910
3.2180
3.2090
3.2400
3.2900
3.3740
3.4630
3.5920
3.7060
3.7760
3.8140
3.8650
3.9170
3.9460
3.9000
3.8020
3.7130
3.6320
3.5740
3.5420
3.5630
3.6560
3.8390
4.0900
4.3610
4.6430
4.9150
5.1350
5.2990
5.4080
5.4870
5.5660
5.6530
5.7590
5.8500
5.9830
6.0460
6.0310
5.9990
5.9790
5.9470
5.8880
5.8090
5.7310
5.6510
5.5640
5.4070
5.3360
5.3550
5.4320
5.4240
5.4050
5.4140
5.4280
5.3980
5.3620
5.3380
5.3320
5.3290
5.3230
5.3140
5.3220
5.3520
5.3890
5.4170
5.4310
5.4340
5.4390
5.4290
5.4110
5.3880
5.5700
5.3370
5.5480
5.4720
5.4220
5.3890
5.3510
5.4070
5.4370
5.3530
5.4020
5.3580
5.2240
5.1840
5.3440
5.0850
5.2060
5.3230
5.2740
5.4580
5.4430
5.2250
5.6220
5.7150
5.5220
5.6920
5.7540
6.0250
6.2520
6.3950
6.5210
6.5730
7.0030
6.9370
7.0720
7.1020
7.2360
7.4080
7.4450
7.5090
7.6270
7.7740
7.8280
7.7700
7.6040
7.4450
7.3450
7.3230
7.4280
7.5460
7.7120
7.8940
7.8950
7.8330
7.8210
7.8330
7.7410
7.5410
7.2910
7.1320
7.0080
7.0070
7.3460
7.8220
8.2450
8.4550
8.3930
8.0570
7.6490
7.4130
7.2920
7.0430
6.8320
6.4860
6.3450
6.5500
7.0580
7.6390
7.9260
8.1580
8.4650
8.6740
8.8490
9.0700
9.2640
9.3270
9.2090
9.0510
8.8670
8.6910
8.5900
8.5180
8.4330
8.3340
8.2480
8.1570
8.0940
7.9820
7.8460
7.7020
7.6020
7.4430
7.3060
7.1960
7.0510
6.9610
6.9340
6.8990
6.8000
6.7150
6.5430
6.3860
6.6570
6.8370
7.1860
7.4200
7.5740
7.7470
7.9790
7.8110
7.5430
7.4850
7.5770
7.5690
7.5140
7.4060
7.3500
7.1720
6.9240
6.7750
6.6450
6.5810
6.5430
6.6710
6.6320
6.6210
6.3540
6.3450
6.3060
5.9920
5.5880
5.2100
4.8640
4.2350
3.4740
2.8320
2.3760
2.0750
1.9650
1.7560
1.4160
1.4590
1.8930
2.0830
1.5240
1.5700
2.5490
2.8580
2.9880
3.5340
3.8880
4.0450
4.2210
4.3980
4.5170
4.5200
4.4010
4.2240
3.8370
3.5640
3.4710
3.6140
4.1090
4.4740
4.7890
5.1170
5.3310
5.4710
5.6090
5.7240
5.8950
6.1110
6.3120
6.4470
6.5540
6.5690
6.5140
6.4380
6.3550
6.2470
6.1310
6.0470
5.9400
5.7230
5.4300
5.0680
4.7210
4.4030
4.0870
3.8310
3.5930
3.3670
3.1960
3.0450
2.9470
2.9450
3.0000
3.0860
3.1800
3.2570
3.3500
3.4820
3.6290
3.7160
3.6550
3.8120
4.0270
4.0890
4.2440
4.2060
4.2100
4.3630
4.4450
4.4910
4.5770
4.6950
4.9380
5.0350
4.8060
4.7310
4.2000
4.0450
4.0410
4.0050
