1166.4000
1159.6000
1160.6000
1218.3000
1196.5000
1218.6000
1186.8000
1157.1000
1154.3000
1151.1000
1163.4000
1165.1000
1149.9000
1120.3000
1113.5000
1158.4000
1196.9000
1199.2000
1219.1000
1201.4000
1219.7000
1235.0000
1263.7000
1278.2000
1286.8000
1280.5000
1284.9000
1279.0000
1296.1000
1307.0000
1320.7000
1328.7000
1334.7000
1344.8000
1356.6000
1370.6000
1376.2000
1378.1000
1380.3000
1360.8000
1340.5000
1332.7000
1329.0000
1332.2000
1326.2000
1318.1000
1309.4000
1301.6000
1303.7000
1304.1000
1301.8000
1316.6000
1325.7000
1321.9000
1317.9000
1317.3000
1321.2000
1323.6000
1333.5000
1338.5000
1345.0000
1355.6000
1368.9000
1383.1000
1400.5000
1412.8000
1424.6000
1434.7000
1444.7000
1453.6000
1464.7000
1478.7000
1492.8000
1511.4000
1531.9000
1543.2000
1558.9000
1576.2000
1591.7000
1615.2000
1635.3000
1655.7000
1672.9000
1688.9000
1705.8000
1722.9000
1734.7000
1711.7000
1692.6000
1691.8000
1698.3000
1719.5000
1725.7000
1725.8000
1716.4000
1707.4000
1712.2000
1717.7000
1720.9000
1734.4000
1733.1000
1724.8000
1720.8000
1716.8000
1717.5000
1713.6000
1713.6000
1709.7000
1706.6000
1709.0000
1711.0000
1736.6000
1765.4000
1775.9000
1784.3000
1785.2000
1796.0000
1809.4000
1832.2000
1848.1000
1853.6000
1860.1000
1869.6000
1868.1000
1879.6000
1892.2000
1901.6000
1911.4000
1916.5000
1924.0000
1929.7000
1935.9000
1943.5000
1947.0000
1949.8000
1932.3000
1910.9000
1900.9000
1894.5000
1894.3000
1887.6000
1879.5000
1868.0000
1847.4000
1852.6000
1838.8000
1835.0000
1834.0000
1825.4000
1818.2000
1808.9000
1802.4000
1804.0000
1790.6000
1781.2000
1771.6000
1760.8000
1742.8000
1737.9000
1745.2000
1753.1000
1755.8000
1753.7000
1753.5000
1762.2000
1755.5000
1755.0000
1765.7000
1762.1000
1760.5000
1751.2000
1733.7000
1725.2000
1716.1000
1717.3000
1698.1000
1695.5000
1689.4000
1692.0000
1692.5000
1690.6000
1687.8000
1681.1000
1631.5000
1581.1000
1556.9000
1547.8000
1559.4000
1553.1000
1533.1000
1499.6000
1469.6000
1454.5000
1441.7000
1422.6000
1423.7000
1412.4000
1394.4000
1379.6000
1367.8000
1366.8000
1366.0000
1362.1000
1352.0000
1340.8000
1327.0000
1305.1000
1313.7000
1321.8000
1318.3000
1317.1000
1310.3000
1312.4000
1313.6000
1317.2000
1319.5000
1319.9000
1313.0000
1309.0000
1279.3000
1254.8000
1246.6000
1229.9000
1210.5000
1193.4000
1177.4000
1155.5000
1139.1000
1123.0000
1107.1000
1093.1000
1054.1000
1009.4000
982.2900
954.3100
934.9600
905.7500
872.7400
830.5100
793.2100
770.3600
748.8700
724.2200
715.9900
696.2300
673.2400
656.7300
637.4200
623.1000
607.7700
597.4400
588.8000
579.0800
570.8500
562.7200
583.3200
602.5700
610.9300
613.7200
612.7100
614.3200
629.4400
637.1200
632.5300
632.4400
641.8400
636.8600
604.1700
584.3300
585.8700
589.0900
596.8500
592.7200
584.1900
571.8400
565.2400
574.0700
560.6100
549.3500
513.4600
461.6200
437.7300
411.8300
405.3100
396.7200
373.9900
335.7700
310.2800
313.5400
311.4800
314.9400
325.7700
324.3300
299.5800
295.6600
287.4400
289.0500
276.1700
271.2500
279.8400
270.1300
262.2800
262.7000
285.2100
309.0300
325.7500
343.0800
353.2700
365.1200
379.4200
398.5600
414.0100
420.1200
428.1600
439.4700
434.1200
433.8400
436.8900
437.4300
441.5600
439.1900
439.2500
435.5000
434.4700
438.2000
441.3800
446.7000
428.3700
410.0000
405.7700
406.0500
417.2000
418.5400
415.1000
401.3200
389.3300
387.5700
388.5300
389.5700
411.0400
419.8400
418.2500
421.6800
423.4300
433.1100
441.2900
453.3200
463.3200
470.1900
479.3300
487.2600
512.7400
540.6100
558.5300
571.0200
576.3700
586.2400
614.9400
642.4800
668.7000
683.7300
698.2200
722.0300
726.5700
739.8900
758.7900
777.3800
796.2900
807.1200
821.4600
832.6100
845.1400
860.1900
875.2500
892.1500
881.1100
866.8100
