2.7922
2.6069
2.5504
2.3823
2.1113
1.8990
1.5063
1.2849
1.1148
1.0697
0.9649
1.0530
1.2205
1.4770
1.5831
1.7316
1.8674
2.0132
2.0499
2.1115
2.2488
2.3656
2.3491
2.3610
2.2640
2.2216
2.3033
2.4631
2.5626
2.6353
2.7389
2.7634
2.7370
2.6970
2.7584
2.8958
3.0222
3.0752
3.1564
3.2960
3.4334
3.5741
3.6443
3.6596
3.7670
3.9579
4.0510
4.1233
4.1432
4.1633
4.1780
4.2158
4.2706
4.3188
4.3789
4.4586
4.5664
4.6387
4.6678
4.6783
4.7079
4.8062
4.8998
4.9244
5.0005
5.0338
4.9872
4.9757
4.9154
4.8874
4.7727
4.5967
4.4223
4.3054
4.2921
4.3417
4.4199
4.5538
4.6947
4.8997
5.0805
5.1915
5.2513
5.3323
5.4147
5.4616
5.3877
5.2332
5.0911
4.9626
4.8702
4.8204
4.8538
5.0013
5.2914
5.6896
6.1196
6.5678
6.9984
7.3477
7.6075
7.7805
7.9065
8.0315
8.1699
8.3383
8.4819
8.6943
8.7941
8.7694
8.7189
8.6877
8.6368
8.5426
8.4173
8.2932
8.1670
8.0280
7.7791
7.6668
7.6976
7.8187
7.8059
7.7765
7.7902
7.8127
7.7650
7.7082
7.6702
7.6610
7.6558
7.6463
7.6327
7.6453
7.6930
7.7517
7.7958
7.8173
7.8230
7.8298
7.8150
7.7862
7.7489
8.0375
7.6680
8.0031
7.8832
7.8034
7.7504
7.6903
7.7801
7.8268
7.6933
7.7721
7.7012
7.4897
7.4251
7.6800
7.2684
7.4609
7.6463
7.5680
7.8605
7.8370
7.4901
8.1212
8.2690
7.9616
8.2317
8.3295
8.7605
9.1207
9.3471
9.5467
9.6296
10.3116
10.2069
10.4222
10.4688
10.6820
10.9540
11.0130
11.1157
11.3018
11.5362
11.6205
11.5287
11.2659
11.0139
10.8549
10.8203
10.9867
11.1732
11.4373
11.7263
11.7271
11.6285
11.6099
11.6292
11.4836
11.1661
10.7687
10.5169
10.3196
10.3186
10.8567
11.6124
12.2823
12.6159
12.5180
11.9854
11.3374
10.9628
10.7707
10.3749
10.0414
9.4922
9.2679
9.5931
10.3997
11.3208
11.7769
12.1452
12.6324
12.9639
13.2418
13.5920
13.8996
14.0004
13.8126
13.5616
13.2697
12.9911
12.8305
12.7156
12.5808
12.4248
12.2874
12.1432
12.0438
11.8656
11.6503
11.4206
11.2627
11.0096
10.7922
10.6182
10.3879
10.2448
10.2022
10.1472
9.9905
9.8552
9.5817
9.3335
9.7634
10.0485
10.6033
10.9745
11.2183
11.4926
11.8609
11.5941
11.1697
11.0762
11.2222
11.2102
11.1230
10.9522
10.8631
10.5808
10.1863
9.9500
9.7443
9.6418
9.5826
9.7846
9.7234
9.7060
9.2828
9.2677
9.2068
8.7076
8.0670
7.4667
6.9181
5.9206
4.7131
3.6932
2.9699
2.4925
2.3172
1.9866
1.4469
1.5147
2.2035
2.5043
1.6184
1.6911
3.2452
3.7350
3.9408
4.8069
5.3697
5.6191
5.8973
6.1793
6.3669
6.3723
6.1827
5.9030
5.2878
4.8549
4.7073
4.9338
5.7195
6.2998
6.7992
7.3189
7.6583
7.8817
8.0997
8.2832
8.5533
8.8973
9.2152
9.4301
9.6001
9.6238
9.5364
9.4153
9.2840
9.1123
8.9289
8.7949
8.6253
8.2807
7.8157
7.2419
6.6909
6.1859
5.6851
5.2784
4.9005
4.5426
4.2712
4.0316
3.8761
3.8722
3.9594
4.0962
4.2465
4.3679
4.5159
4.7254
4.9583
5.0971
5.0000
5.2483
5.5905
5.6884
5.9338
5.8742
5.8801
6.1225
6.2524
6.3268
6.4621
6.6494
7.0351
7.1896
6.8265
6.7069
5.8649
5.6184
5.6125
5.5550
