-12.2323
-12.2517
-12.2625
-12.2604
-12.2505
-12.2415
-12.2401
-12.2261
-12.2120
-12.2311
-12.2743
-12.3083
-12.3416
-12.3663
-12.4395
-12.5384
-12.6546
-12.7784
-12.9092
-13.0322
-13.1412
-13.2277
-13.2857
-13.3725
-13.5174
-13.4483
-13.3017
-13.1410
-13.0077
-12.9071
-12.8272
-12.7423
-12.6178
-12.4385
-12.2600
-12.1011
-11.9583
-11.8224
-11.6983
-11.5899
-11.5051
-11.4720
-11.4867
-11.5008
-11.4930
-11.4739
-11.4962
-11.5050
-11.4818
-11.4505
-11.4567
-11.5269
-11.6305
-11.7214
-11.7681
-11.8124
-11.8843
-12.0370
-12.2310
-12.3738
-12.4614
-12.4474
-12.4159
-12.5173
-12.6041
-12.7485
-12.7269
-12.6661
-12.5934
-12.5310
-12.4829
-12.4492
-12.4328
-12.4401
-12.4891
-12.5458
-12.5611
-12.5645
-12.5964
-12.7034
-12.9247
-13.1984
-13.4666
-13.6911
-13.8768
-14.0131
-14.0761
-14.1356
-14.2301
-14.3483
-14.4776
-14.5892
-14.6721
-14.7564
-14.8546
-14.9695
-15.1139
-15.2688
-15.3990
-15.4851
-15.5469
-15.6033
-15.6648
-15.7269
-15.7861
-15.7979
-15.7992
-15.8847
-15.9970
-16.0321
-16.0395
-16.0293
-16.0133
-16.0087
-16.0115
-16.0196
-16.0087
-16.0183
-15.9932
-15.9879
-15.9939
-15.9803
-16.0092
-16.0416
-16.0746
-16.0972
-16.1152
-16.1231
-16.1206
-16.1061
-16.0887
-16.0722
-16.0595
-16.0451
-16.0261
-16.0020
-15.9783
-15.9589
-15.9407
-15.9259
-15.9211
-15.9196
-15.9185
-15.9201
-15.9178
-15.9278
-15.9284
-15.9434
-15.9447
-15.9585
-15.9707
-15.9671
-15.9861
-15.9975
-16.0207
-16.0199
-16.0723
-16.1203
-16.1799
-16.1861
-16.2003
-16.2200
-16.2393
-16.2441
-16.2466
-16.1843
-16.1302
-16.1394
-16.1161
-16.0891
-16.0617
-16.0140
-15.9980
-15.9903
-16.0204
-15.9755
-15.9934
-16.0175
-16.0709
-16.1506
-16.1579
-16.1202
-16.0194
-15.8465
-15.6761
-15.5505
-15.5070
-15.5102
-15.5333
-15.5434
-15.5336
-15.4963
-15.4695
-15.4180
-15.3473
-15.3351
-15.3040
-15.2290
-15.1391
-15.0617
-14.9838
-14.9286
-14.8720
-14.8540
-14.8740
-14.8521
-14.7953
-14.7722
-14.7850
-14.8254
-14.8808
-14.8757
-14.7090
-14.4257
-14.0576
-13.7745
-13.4925
-13.1247
-12.7055
-12.2656
-11.9528
-11.7046
-11.3887
-11.0191
-10.6822
-10.4140
-10.1447
-9.8935
-9.6639
-9.3905
-9.0985
-8.8130
-8.5155
-8.2635
-8.0194
-7.7575
-7.5390
-7.3342
-7.1287
-6.9259
-6.7421
-6.5617
-6.4269
-6.3159
-6.2256
-6.1795
-6.2161
-6.2942
-6.4587
-6.6783
-6.9199
-7.1458
-7.3113
-7.5134
-7.7443
-8.0305
-8.3411
-8.5578
-8.7888
-9.0192
-9.1487
-9.3658
-9.5922
-9.7494
-9.8942
-9.9781
-10.0114
-10.0653
-10.0881
-10.1236
-10.1856
-10.1726
-10.1466
-10.1218
-10.0822
-10.0537
-10.0313
-9.9520
-9.8833
-9.7847
-9.6937
-9.6542
-9.6019
-9.5516
-9.5034
-9.4816
-9.4155
-9.3914
-9.4740
-9.5231
-9.6276
-9.5713
-9.6490
-9.5724
-9.6369
-9.6949
-9.6470
-9.4687
-9.4629
-9.6585
-9.6062
-9.4751
-9.5311
-9.5202
-9.4540
-9.5083
-9.5568
-9.5711
-9.6427
-9.7462
-9.8191
-9.8173
-9.6487
-9.4108
-9.0864
-8.7312
-8.3996
-7.9536
-7.5398
-7.1879
-6.8337
-6.4850
-6.2200
-5.9784
-5.7876
-5.6634
-5.5908
-5.5387
-5.4870
-5.4452
-5.4172
-5.3983
-5.3931
-5.4001
-5.4189
-5.4517
-5.4919
-5.5580
-5.6844
-5.8797
-6.1084
-6.3022
-6.4314
-6.6143
-6.8029
-7.0359
-7.2967
-7.5298
-7.5498
-7.6056
-7.6439
-7.5176
-7.3861
-7.3910
-7.3517
-7.2667
-7.3652
-7.6619
-8.0005
-8.2822
-8.1800
-8.0121
-7.8946
-7.9060
-7.9366
-7.7356
-7.6805
-7.7481
-7.7733
-7.6816
-7.5970
-7.7550
-7.8836
-7.9782
-8.2391
-8.2759
-8.3051
