-0.9034
-0.8206
-0.6643
-0.6191
-0.4896
-0.4322
-0.3645
-0.4806
-0.6600
-0.8388
-0.9034
-1.0443
-1.2196
-1.4763
-1.5828
-1.7308
-1.8650
-2.0109
-2.0364
-2.0785
-2.1988
-2.3043
-2.2886
-2.3053
-2.2094
-2.1955
-2.3011
-2.4597
-2.5499
-2.6168
-2.7296
-2.7631
-2.7367
-2.6950
-2.7573
-2.8958
-3.0222
-3.0752
-3.1558
-3.2869
-3.4056
-3.5215
-3.5847
-3.5959
-3.6865
-3.8364
-3.9367
-4.0022
-4.0136
-4.0146
-4.0321
-4.1133
-4.2051
-4.2590
-4.3077
-4.3686
-4.4616
-4.5589
-4.6287
-4.6617
-4.6980
-4.7911
-4.8842
-4.9187
-5.0005
-5.0236
-4.9486
-4.9092
-4.8371
-4.7996
-4.7023
-4.5507
-4.4020
-4.2998
-4.2917
-4.3413
-4.4178
-4.5468
-4.6756
-4.8595
-5.0019
-5.0670
-5.0970
-5.1508
-5.2176
-5.2616
-5.2206
-5.1245
-5.0243
-4.9309
-4.8595
-4.8201
-4.8442
-4.9391
-5.1033
-5.2840
-5.4342
-5.6044
-5.8515
-6.1289
-6.3384
-6.4582
-6.5320
-6.6116
-6.7202
-6.9568
-7.2284
-7.5737
-7.8358
-7.9575
-8.0074
-8.0493
-8.0517
-8.0195
-7.9464
-7.8623
-7.7539
-7.6167
-7.3603
-7.2371
-7.2776
-7.4267
-7.4429
-7.4601
-7.5088
-7.5709
-7.5530
-7.5204
-7.5075
-7.5112
-7.5074
-7.4977
-7.4889
-7.5081
-7.5672
-7.6286
-7.6713
-7.6955
-7.7064
-7.7281
-7.7416
-7.7376
-7.7241
-8.0093
-7.6373
-7.9876
-7.8481
-7.7787
-7.7316
-7.6776
-7.7606
-7.8196
-7.6930
-7.7715
-7.6972
-7.4861
-7.4251
-7.6736
-7.2632
-7.4294
-7.5751
-7.4581
-7.5886
-7.3472
-7.1171
-7.7356
-7.8371
-7.6192
-7.8689
-7.8799
-8.3660
-8.7074
-8.8393
-8.9619
-8.9280
-9.3784
-9.0334
-8.8652
-8.4955
-8.2826
-8.2307
-8.1616
-8.3236
-8.6166
-8.9218
-8.9416
-8.6499
-8.0962
-7.6212
-7.3258
-7.2313
-7.3687
-7.4843
-7.6445
-7.8973
-7.8120
-7.5132
-7.4239
-7.4978
-7.3985
-7.1290
-6.9456
-6.9139
-6.7995
-6.7358
-7.1200
-7.7976
-8.4345
-8.8154
-8.7265
-8.0636
-7.0867
-6.3985
-6.0330
-5.8742
-5.7520
-5.0796
-4.5827
-4.2871
-4.6604
-5.1648
-5.2935
-5.4184
-5.4732
-5.1758
-4.8195
-4.5446
-4.4030
-4.3396
-4.0819
-3.7374
-3.3572
-2.9921
-2.8806
-2.7910
-2.6123
-2.5242
-2.3621
-2.1422
-1.9894
-1.8868
-1.8252
-1.8812
-1.9215
-1.8948
-1.9208
-2.0700
-2.2546
-2.6223
-3.0627
-3.4296
-3.6048
-3.6374
-3.6417
-3.6765
-3.9045
-3.9574
-3.8973
-3.9612
-3.9648
-3.7628
-3.5158
-3.1736
-3.0347
-2.9290
-2.7783
-2.7463
-2.7148
-2.5352
-2.4863
-2.1327
-1.7337
-1.5198
-1.5214
-1.4331
-1.3232
-1.0604
-0.8655
-0.7491
-0.4511
-0.3094
0.0618
0.3107
0.6256
0.9833
1.1620
1.2304
1.4196
1.7138
1.9181
2.2194
1.6465
1.4273
0.9736
1.4382
1.5851
1.7030
0.9599
0.7973
1.6531
1.6831
1.6394
2.0724
2.4574
2.6699
2.8892
3.0902
3.2037
3.1193
2.7733
2.4425
2.1489
1.9725
1.8748
1.8613
2.0880
2.3790
2.5970
2.7509
2.7476
2.6698
2.5774
2.4782
2.4130
2.3743
2.3270
2.2518
2.2320
2.2015
2.0733
1.9312
1.7706
1.5766
1.3708
1.1200
0.8592
0.5397
0.1428
-0.3154
-0.8466
-1.3299
-1.7260
-1.9264
-2.1576
-2.4398
-2.7473
-3.0435
-3.3355
-3.6317
-3.9108
-4.0953
-4.1942
-4.2017
-4.1733
-4.1812
-4.1921
-4.0154
-3.4291
-2.9148
-2.2412
-2.0537
-2.1130
-1.6094
-0.8941
-0.2415
0.5750
1.3653
1.9882
2.6218
3.3551
4.3403
4.8795
5.1087
5.3714
5.4346
5.4990
5.4908
