2.6420
2.4744
2.4624
2.3004
2.0538
1.8492
1.4615
1.1916
0.8984
0.6639
0.3389
0.1349
0.0468
0.0434
-0.0319
-0.0552
-0.0940
0.0971
0.2346
0.3723
0.4716
0.5350
0.5298
0.5095
0.4942
0.3389
0.1002
-0.1304
-0.2543
-0.3114
-0.2249
-0.0418
0.0412
0.1020
0.0756
0.0009
-0.0038
0.0108
-0.0622
-0.2449
-0.4356
-0.6113
-0.6560
-0.6799
-0.7745
-0.9732
-0.9554
-0.9919
-1.0285
-1.1028
-1.0944
-0.9244
-0.7452
-0.7161
-0.7869
-0.8917
-0.9727
-0.8565
-0.6036
-0.3945
-0.3053
-0.3806
-0.3915
-0.2360
0.0095
0.3193
0.6192
0.8109
0.8737
0.9219
0.8172
0.6487
0.4229
0.2195
0.0589
0.0592
0.1356
0.2526
0.4225
0.6261
0.8906
1.1302
1.2637
1.3792
1.4475
1.4647
1.3315
1.0613
0.8225
0.5594
0.3228
0.0476
-0.3051
-0.7860
-1.3982
-2.1096
-2.8141
-3.4245
-3.8390
-4.0528
-4.2069
-4.3391
-4.4549
-4.5598
-4.6461
-4.5967
-4.4377
-4.2695
-3.9920
-3.6853
-3.4499
-3.2687
-3.1251
-2.9435
-2.7758
-2.6386
-2.5648
-2.5368
-2.5179
-2.5306
-2.5080
-2.4448
-2.3527
-2.1957
-2.0747
-1.9287
-1.8021
-1.6912
-1.5712
-1.5072
-1.5000
-1.4999
-1.4746
-1.4422
-1.3856
-1.3761
-1.3879
-1.3744
-1.3455
-1.2574
-1.0690
-0.8680
-0.6183
-0.6735
-0.6848
-0.4989
-0.7428
-0.6203
-0.5392
-0.4423
-0.5505
-0.3348
0.0697
0.0986
0.2473
0.2302
0.0049
0.3152
0.2740
0.6850
1.0411
1.2851
2.0494
2.7271
2.3342
2.4728
2.6377
2.3100
2.4169
2.6995
2.5992
2.7143
3.0390
3.2901
3.6083
4.2864
4.7516
5.4799
6.1174
6.7457
7.2281
7.3942
7.3673
7.3133
7.3134
7.4219
7.6218
7.8341
7.9514
8.0102
8.0491
8.1492
8.2961
8.5073
8.6682
8.7463
8.8755
8.9261
8.8895
8.7827
8.5941
8.2294
7.9249
7.7628
7.8168
8.1960
8.6049
8.9283
9.0250
8.9748
8.8673
8.8496
8.9018
8.9225
8.5517
8.2308
8.0187
8.0556
8.5819
9.2971
10.0739
10.5201
10.8696
11.3852
11.8859
12.3336
12.8097
13.1838
13.3109
13.1957
13.0364
12.8380
12.6419
12.5030
12.4055
12.3066
12.1657
12.0582
11.9527
11.8783
11.7147
11.5064
11.2647
11.0976
10.8453
10.6199
10.4145
10.1402
9.9035
9.7317
9.5501
9.3175
9.1594
8.8626
8.5789
8.9487
9.2364
9.8610
10.2346
10.4943
10.8592
11.3279
11.1513
10.7496
10.6819
10.8729
10.8686
10.7867
10.6548
10.5747
10.3636
10.0376
9.8332
9.6248
9.5347
9.4908
9.7270
9.6848
9.6771
9.2719
9.2625
9.2066
8.7020
8.0428
7.4017
6.8198
5.7913
4.4942
3.2714
2.2674
1.1344
1.6304
1.3818
1.0704
-0.4753
-1.5306
-1.8361
-1.3030
-1.4914
-2.7927
-3.3342
-3.5836
-4.3372
-4.7744
-4.9443
-5.1411
-5.3511
-5.5022
-5.5567
-5.5258
-5.3740
-4.8315
-4.4361
-4.3178
-4.5693
-5.3248
-5.8334
-6.2836
-6.7823
-7.1485
-7.4158
-7.6787
-7.9038
-8.2058
-8.5746
-8.9166
-9.1573
-9.3370
-9.3686
-9.3083
-9.2151
-9.1136
-8.9749
-8.8230
-8.7233
-8.5824
-8.2631
-7.8144
-7.2350
-6.6371
-6.0412
-5.4167
-4.9144
-4.4000
-3.8318
-3.2704
-2.6441
-1.9745
-1.3434
-0.6180
0.0868
0.6643
1.1934
1.7254
2.2016
2.6479
3.1396
3.6389
4.3644
5.1216
5.3047
5.5448
5.6495
5.8117
6.1178
6.2259
6.1777
6.1487
6.1107
6.1835
5.7316
4.7740
4.3455
2.3547
1.4253
1.1233
0.8423
