5.3590
5.4350
5.7870
6.1490
6.4370
6.6060
6.7980
6.8950
6.9090
6.8690
6.9120
6.8950
7.0950
7.0920
7.2470
7.1870
7.1200
7.0050
7.0210
6.8110
6.2730
5.9860
5.9350
5.8620
5.7170
5.6390
5.5540
5.1440
5.6420
5.9390
6.5670
6.5840
6.9430
7.2260
7.0160
7.6350
7.2710
7.4970
7.5420
7.0380
7.2900
7.1960
6.3050
5.4360
5.3910
5.1820
6.0040
5.0260
4.7250
4.2060
3.9740
4.2500
4.6620
5.0600
5.2800
5.9320
6.1770
6.3800
6.5730
6.3950
6.1840
5.7820
5.8020
6.1610
5.6700
5.4490
5.1220
4.5580
4.4380
4.4890
4.0950
4.0500
4.1670
3.5990
3.3790
3.7240
3.7770
3.4280
3.0430
2.9110
2.4490
2.3960
2.6390
3.0550
3.4200
3.7350
4.1600
4.3170
4.5350
4.8290
4.8960
4.9550
4.9030
4.8940
4.9150
4.9500
4.8380
4.8000
4.8890
5.0820
5.0440
5.0320
5.0010
5.0140
5.0350
4.9830
4.8270
4.6600
4.4930
4.4550
4.3360
4.2830
4.2610
4.1050
3.8490
3.5020
3.1430
2.5930
2.1910
2.0370
2.1010
2.2480
2.2710
2.1910
2.3130
2.4110
2.5600
2.7160
2.9160
3.3010
4.0790
7.5840
8.1640
8.0780
8.1530
8.4100
8.2950
7.9850
7.8930
7.8290
7.8530
7.8510
7.9240
7.9310
7.9170
7.8190
7.8200
7.6230
7.4780
7.4740
7.2640
7.1420
6.9050
6.6530
6.6040
6.4540
6.3560
6.1030
6.0710
5.9310
5.9570
5.9990
5.8680
5.8700
5.8070
5.7820
5.6330
5.6940
5.5960
5.7580
5.6910
5.5960
5.6240
5.5850
5.4760
5.5720
5.3680
5.3910
5.1180
4.8000
4.8260
4.5820
4.4110
4.3780
4.1250
4.1160
4.1020
3.7660
4.0250
4.1420
3.8190
3.7160
3.6210
3.6220
3.8190
3.8300
3.9130
4.1880
4.1640
4.0780
4.0500
3.8240
3.6160
3.4970
3.3960
3.3040
3.4230
3.5460
3.5880
3.7360
3.9030
3.9200
3.8270
3.8320
3.5550
3.4290
3.5760
3.7270
3.8040
3.8520
3.9170
3.9780
4.0400
4.1530
4.2810
4.3800
4.4900
4.4680
4.4150
4.4450
4.5080
4.5460
4.6100
4.7170
4.7110
4.6330
4.4700
4.3530
4.3630
4.3480
4.3020
4.3340
4.3440
4.4030
4.4320
4.4450
4.4940
4.4790
4.4790
4.4630
4.3070
4.2920
4.2830
4.2490
4.2270
4.1970
4.2160
4.1840
4.1880
4.1220
4.1610
4.2200
4.3600
4.4700
4.5940
4.6460
4.6790
4.6570
4.6980
4.7010
4.6550
4.6460
4.5470
4.4690
4.5220
4.5070
4.5570
4.5530
4.6710
4.6610
4.7090
4.7020
4.6580
4.6280
4.6220
4.6170
4.6030
4.6680
4.7010
4.6640
4.6360
4.6690
4.7520
4.8160
4.8610
4.9140
4.9920
5.1340
5.4360
5.6740
5.7900
5.8660
5.8190
5.8460
5.9680
6.1170
6.0240
5.8220
5.6650
5.4590
5.3210
5.4260
5.3380
5.3880
5.4180
5.4940
5.6660
5.6300
5.5530
5.6640
5.7940
5.9860
6.3310
7.0120
6.3290
5.9550
6.3700
7.0110
6.7690
6.3820
6.2600
6.4160
6.6090
6.6310
6.5980
6.4430
6.4350
6.4570
6.3340
6.1360
6.0730
6.1010
6.1430
6.3380
6.5890
6.4890
6.3380
6.2560
6.2440
6.2140
6.1360
5.9250
5.7040
5.8830
6.0480
6.1510
6.2100
6.4130
6.5670
6.6200
6.7730
6.6980
6.6450
6.6860
6.8890
7.0160
7.0930
7.0370
6.9120
6.7230
6.7340
6.5580
6.3840
6.0880
5.8980
6.3180
6.1120
