917.8300
904.6600
920.5000
903.4400
920.2600
925.7000
906.4800
924.3900
919.7000
929.4700
924.5500
935.7200
937.6300
916.4700
910.6500
923.6500
922.7900
934.9300
933.5200
934.6100
917.0700
907.6200
905.1700
889.5000
885.7100
877.9100
876.4500
869.6400
892.9200
902.2900
909.7900
902.2700
906.8700
908.1900
885.2400
890.8600
895.3600
904.5000
898.1100
873.7600
852.6600
846.0700
868.4600
815.0000
790.4900
741.6900
727.6100
706.4800
690.9600
648.3200
615.8800
611.1100
585.4600
581.6200
574.2900
572.9400
559.2000
524.7400
534.5400
550.8500
525.0100
514.2800
495.3800
483.1000
486.8300
508.0200
490.9500
479.1200
483.9400
491.1000
464.0600
496.2600
521.6300
488.7000
470.1600
480.2500
481.3900
481.3700
464.7700
461.7100
457.6400
474.4500
475.8800
479.3500
479.5600
491.5400
492.0800
479.9000
477.7000
477.2400
464.0600
464.9000
464.9100
459.1100
453.1200
449.7500
452.5200
455.3200
455.7800
466.3500
460.3400
458.6600
454.6500
453.1000
455.6800
457.2100
466.0100
471.7700
479.9300
487.2700
495.0400
528.0000
554.1300
566.2200
576.7700
578.5200
592.1500
608.0900
635.1400
653.0600
654.6500
665.0300
676.1200
685.5800
703.0600
711.4300
724.5400
736.7800
753.0700
767.1200
780.0000
809.8100
840.6500
864.5700
886.8600
887.1900
895.0600
904.9400
910.3400
921.5300
927.1100
936.6000
936.0600
942.5200
951.3400
962.9000
970.5200
984.0300
993.0700
993.1500
1007.8000
1010.3000
1025.5000
1042.0000
1043.8000
1052.6000
1051.9000
1074.1000
1076.5000
1111.5000
1151.4000
1159.0000
1180.2000
1189.3000
1203.4000
1220.6000
1262.7000
1268.2000
1299.3000
1298.2000
1328.8000
1337.9000
1337.4000
1363.3000
1395.8000
1395.8000
1422.7000
1422.4000
1420.4000
1433.5000
1440.2000
1460.4000
1479.4000
1454.0000
1441.4000
1435.2000
1430.1000
1460.4000
1450.3000
1429.9000
1421.6000
1405.0000
1403.9000
1398.8000
1387.5000
1406.5000
1403.7000
1390.0000
1389.2000
1391.0000
1397.8000
1414.3000
1433.7000
1440.9000
1450.2000
1465.2000
1467.4000
1504.9000
1549.3000
1565.4000
1574.2000
1576.3000
1594.1000
1618.0000
1646.6000
1671.1000
1680.1000
1694.6000
1709.7000
1707.1000
1715.9000
1728.4000
1740.0000
1749.6000
1757.3000
1766.3000
1773.2000
1788.8000
1803.5000
1807.2000
1811.1000
1787.6000
1764.2000
1752.4000
1747.5000
1753.5000
1751.0000
1737.9000
1710.6000
1693.6000
1690.4000
1683.7000
1678.9000
1678.4000
1667.0000
1656.8000
1645.7000
1642.7000
1640.1000
1630.4000
1638.3000
1629.7000
1632.1000
1633.9000
1636.2000
1670.7000
1697.1000
1716.1000
1729.0000
1738.3000
1746.7000
1760.0000
1771.2000
1781.1000
1777.8000
1786.8000
1792.5000
1782.5000
1776.3000
1782.5000
1793.0000
1803.9000
1811.4000
1819.2000
1809.8000
1813.5000
1815.8000
1818.8000
1810.3000
1771.0000
1722.1000
1703.6000
1697.8000
1702.9000
1694.0000
1671.6000
1643.5000
1619.3000
1612.4000
1615.8000
1608.3000
1620.8000
1613.5000
1597.2000
1592.4000
1585.2000
1583.9000
1582.3000
1581.8000
1568.1000
1557.7000
1568.0000
1567.2000
1588.6000
1619.0000
1616.5000
1622.4000
1619.8000
1633.0000
1650.8000
1671.1000
1681.2000
1686.3000
1687.1000
1690.0000
1670.9000
1657.1000
1648.6000
1641.6000
1639.5000
1636.6000
1633.5000
1619.7000
1624.2000
1635.0000
1621.7000
1608.9000
1565.0000
1518.9000
1494.8000
1473.7000
1455.4000
1429.0000
1400.3000
1367.0000
1340.7000
1324.6000
1311.4000
1295.0000
1304.1000
1290.9000
1272.7000
1252.7000
1233.4000
1225.6000
1221.4000
1223.9000
1215.4000
1194.0000
1178.7000
1178.1000
1191.7000
1206.0000
1202.4000
1200.3000
1198.8000
1185.7000
1178.7000
1176.2000
1185.4000
1175.0000
1190.1000
1199.3000
1192.0000
1158.3000
1148.6000
1122.9000
1118.7000
1112.9000
1123.2000
1099.7000
1093.0000
1091.3000
1098.0000
1105.0000
1039.5000
1004.9000
