7.7034
7.8234
8.3819
8.9567
9.4141
9.6821
9.9865
10.1400
10.1626
10.0997
10.1674
10.1415
10.4574
10.4535
10.6991
10.6036
10.4975
10.3159
10.3400
10.0071
9.1534
8.6981
8.6179
8.5013
8.2715
8.1476
8.0128
7.3615
8.1526
8.6241
9.6197
9.6467
10.2168
10.6656
10.3328
11.3154
10.7368
11.0963
11.1668
10.3676
10.7671
10.6191
9.2041
7.8262
7.7545
7.4230
8.7271
7.1743
6.6977
5.8742
5.5053
5.9429
6.5980
7.2294
7.5781
8.6130
9.0007
9.3235
9.6299
9.3468
9.0127
8.3747
8.4059
8.9766
8.1972
7.8460
7.3276
6.4324
6.2422
6.3235
5.6972
5.6270
5.8117
4.9106
4.5622
5.1085
5.1925
4.6396
4.0281
3.8186
3.0865
3.0023
3.3877
4.0472
4.6274
5.1269
5.8011
6.0493
6.3963
6.8631
6.9680
7.0622
6.9801
6.9650
6.9996
7.0551
6.8769
6.8169
6.9579
7.2632
7.2028
7.1849
7.1360
7.1553
7.1893
7.1073
6.8585
6.5936
6.3289
6.2687
6.0804
5.9962
5.9604
5.7141
5.3067
4.7564
4.1870
3.3151
2.6761
2.4316
2.5340
2.7666
2.8030
2.6767
2.8694
3.0262
3.2614
3.5088
3.8262
4.4372
5.6721
11.2341
12.1546
12.0178
12.1376
12.5441
12.3616
11.8697
11.7245
11.6227
11.6613
11.6574
11.7741
11.7848
11.7626
11.6065
11.6092
11.2960
11.0655
11.0592
10.7260
10.5321
10.1563
9.7569
9.6787
9.4403
9.2858
8.8844
8.8331
8.6116
8.6531
8.7186
8.5114
8.5139
8.4149
8.3750
8.1386
8.2350
8.0792
8.3359
8.2305
8.0791
8.1245
8.0621
7.8885
8.0413
7.7183
7.7536
7.3209
6.8172
6.8573
6.4712
6.1995
6.1475
5.7447
5.7318
5.7081
5.1752
5.5874
5.7726
5.2602
5.0967
4.9448
4.9477
5.2602
5.2769
5.4092
5.8456
5.8068
5.6700
5.6269
5.2682
4.9383
4.7493
4.5880
4.4421
4.6313
4.8269
4.8935
5.1287
5.3928
5.4205
5.2720
5.2802
4.8410
4.6415
4.8737
5.1130
5.2366
5.3114
5.4156
5.5117
5.6111
5.7891
5.9921
6.1506
6.3247
6.2894
6.2055
6.2530
6.3530
6.4138
6.5142
6.6852
6.6758
6.5516
6.2929
6.1079
6.1235
6.0999
6.0264
6.0771
6.0935
6.1858
6.2328
6.2530
6.3313
6.3066
6.3078
6.2810
6.0344
6.0109
5.9959
5.9422
5.9076
5.8597
5.8901
5.8395
5.8453
5.7411
5.8018
5.8967
6.1189
6.2933
6.4897
6.5717
6.6237
6.5889
6.6541
6.6601
6.5867
6.5713
6.4155
6.2919
6.3747
6.3517
6.4305
6.4251
6.6112
6.5957
6.6713
6.6614
6.5903
6.5436
6.5336
6.5264
6.5043
6.6071
6.6595
6.6003
6.5555
6.6091
6.7396
6.8422
6.9136
6.9979
7.1218
7.3463
7.8255
8.2031
8.3872
8.5074
8.4335
8.4762
8.6705
8.9069
8.7589
8.4380
8.1893
7.8626
7.6430
7.8099
7.6707
7.7489
7.7964
7.9177
8.1913
8.1330
8.0110
8.1875
8.3933
8.6987
9.2456
10.3267
9.2421
8.6487
9.3070
10.3255
9.9414
9.3269
9.1327
9.3803
9.6874
9.7216
9.6701
9.4235
9.4114
9.4457
9.2504
8.9371
8.8371
8.8809
8.9467
9.2570
9.6551
9.4961
9.2567
9.1266
9.1085
9.0594
8.9363
8.6012
8.2514
8.5350
8.7962
8.9609
9.0533
9.3759
9.6196
9.7037
9.9476
9.8288
9.7446
9.8095
10.1311
10.3327
10.4544
10.3662
10.1676
9.8671
9.8846
9.6059
9.3294
8.8602
8.5583
9.2246
8.8986
