-7.5477
-7.5985
-7.6231
-7.6659
-7.7446
-7.8741
-8.0220
-8.1153
-8.1487
-8.1777
-8.2112
-8.2176
-8.2347
-8.2114
-8.1754
-8.1582
-8.1694
-8.1560
-7.8800
-7.6827
-7.3601
-7.0256
-6.6366
-6.1512
-5.6881
-5.2454
-4.7757
-4.2516
-3.9687
-3.7154
-3.4902
-3.3666
-3.0695
-2.7893
-2.5171
-2.5434
-2.8719
-2.5886
-2.4396
-2.3794
-3.0992
-3.8003
-3.1978
-3.2343
-3.8887
-3.5218
-3.8481
-4.1470
-3.8324
-3.7541
-3.3424
-3.2395
-3.4423
-3.4384
-3.8603
-4.1820
-4.3828
-4.8762
-5.5452
-5.8923
-6.1866
-6.2927
-6.3724
-6.4329
-6.3713
-6.3328
-6.3195
-6.4325
-6.5581
-6.7769
-6.8636
-6.8323
-6.6160
-6.1252
-5.7794
-5.7530
-5.6651
-5.5504
-5.4182
-5.4968
-5.5816
-5.6636
-5.5981
-5.5641
-5.5922
-5.4980
-5.4838
-5.5200
-5.4564
-5.1881
-5.2505
-5.3479
-5.3034
-5.1209
-5.3731
-5.6335
-5.6753
-5.6371
-5.5001
-5.3285
-5.3016
-5.2631
-5.2823
-5.2320
-5.1552
-5.1257
-5.2229
-5.5376
-5.9222
-6.0583
-6.0468
-6.0338
-6.0703
-6.1017
-6.1612
-6.2428
-6.3197
-6.3646
-6.0907
-5.6281
-5.0219
-4.4085
-3.8909
-3.4012
-2.8955
-2.5556
-2.3607
-2.2421
-2.0670
-1.7713
-1.5871
-3.1808
-4.9267
-5.7881
-6.3276
-6.9385
-7.5172
-7.5989
-7.6656
-7.8190
-8.0244
-8.2370
-8.4795
-8.7601
-9.0257
-9.1884
-9.3531
-9.5001
-9.6314
-9.7600
-9.8697
-9.9564
-10.0597
-10.1550
-10.2306
-10.3251
-10.4305
-10.5233
-10.6110
-10.6905
-10.8047
-10.8352
-10.8968
-10.9373
-10.9289
-10.9119
-10.8868
-10.8530
-10.8511
-10.8065
-10.7210
-10.6982
-10.6958
-10.6848
-10.6786
-10.6737
-10.6624
-10.6642
-10.6973
-10.7111
-10.6888
-10.6774
-10.6682
-10.6570
-10.6604
-10.6373
-10.6227
-10.6191
-10.5571
-10.5321
-10.5495
-10.5347
-10.5093
-10.4671
-10.4001
-10.3561
-10.3071
-10.2471
-10.2234
-10.2186
-10.2314
-10.3004
-10.3846
-10.4476
-10.4886
-10.5105
-10.5084
-10.4949
-10.4425
-10.3159
-10.1990
-10.1585
-10.1390
-10.0668
-10.0745
-9.9701
-9.7682
-9.5522
-9.3888
-9.2568
-9.1298
-8.9936
-8.8703
-8.7458
-8.6365
-8.5817
-8.5615
-8.5162
-8.4408
-8.3602
-8.3065
-8.3003
-8.3313
-8.4516
-8.6087
-8.7637
-8.8950
-8.9871
-9.0795
-9.2231
-9.4002
-9.5727
-9.7349
-9.8927
-10.0555
-10.1924
-10.3064
-10.4309
-10.5755
-10.7256
-10.8597
-10.9705
-11.0663
-11.1598
-11.2558
-11.3403
-11.4193
-11.4724
-11.5179
-11.5629
-11.6036
-11.6414
-11.6704
-11.6923
-11.7115
-11.7317
-11.7510
-11.7648
-11.7759
-11.7858
-11.7955
-11.8108
-11.8250
-11.8356
-11.8431
-11.8470
-11.8505
-11.8580
-11.8655
-11.8654
-11.8587
-11.8460
-11.8299
-11.8102
-11.7862
-11.7651
-11.7498
-11.7361
-11.7229
-11.7153
-11.7115
-11.7049
-11.6948
-11.6824
-11.6746
-11.6763
-11.6817
-11.6840
-11.6865
-11.6879
-11.6565
-11.6693
-11.6739
-11.6556
-11.6677
-11.6882
-11.6920
-11.6735
-11.6284
-11.6019
-11.5524
-11.4912
-11.4248
-11.3598
-11.2952
-11.2191
-11.1372
-11.0692
-11.0355
-11.0557
-11.0262
-10.9520
-10.7161
-11.3033
-12.0161
-12.0901
-12.0763
-12.2804
-12.6323
-12.6307
-12.5810
-12.4867
-12.4134
-12.3342
-12.2888
-12.2736
-12.2225
-12.1803
-12.2671
-12.2996
-12.2038
-12.0853
-11.9875
-11.8903
-11.8400
-11.8463
-11.8862
-11.8768
-11.8474
-11.8065
-11.7593
-11.7007
-11.6644
-11.6557
-11.6607
-11.6720
-11.6881
-11.7099
-11.7260
-11.7334
-11.7407
-11.7469
-11.7433
-11.7282
-11.7067
-11.6890
-11.6930
-11.7102
-11.7133
-11.7063
-11.7015
-11.6960
-11.6892
-11.6857
-11.6968
-11.7100
-11.6825
