-2.9763
-3.1101
-3.2580
-3.4199
-3.4939
-3.4783
-3.4552
-3.3909
-3.2519
-2.8765
-2.6167
-2.4012
-2.4532
-2.4065
-2.4037
-2.5042
-2.2932
-1.5925
-0.6289
-0.4281
-0.2474
-0.1596
-0.0809
0.2844
0.6300
1.2231
1.9636
2.6542
3.1299
3.4445
4.6892
4.9192
5.0285
5.3611
4.6791
4.6082
3.7553
3.9628
4.2984
3.3648
3.3076
3.4735
4.5734
3.5032
3.5006
3.2766
2.2715
1.0341
1.1821
-0.4758
-2.2782
-4.2173
-5.5170
-6.2194
-6.8559
-7.8675
-8.2025
-8.7931
-9.0620
-8.7867
-8.6704
-8.1302
-8.1332
-8.5957
-7.6128
-6.9165
-6.4757
-5.9235
-5.6080
-5.6233
-5.2093
-4.8107
-4.7406
-4.1021
-3.6157
-3.7518
-3.3944
-2.5553
-1.5002
-0.5279
0.8937
1.8437
2.7957
3.6771
4.3437
4.8731
5.6464
5.7593
5.6764
6.1650
6.4938
6.6468
6.4575
6.4714
6.4052
6.3740
6.3767
6.4330
6.5877
6.8762
6.8289
6.8406
6.8324
6.9014
6.9822
6.9922
6.8057
6.5856
6.3279
6.2669
6.0731
5.9952
5.9601
5.7045
5.2325
4.5383
3.8573
3.0460
2.4719
2.1544
2.0395
1.8971
1.6618
1.3682
1.1750
0.9501
0.6365
0.2437
-0.0168
-0.1042
-0.2120
0.0971
0.6353
0.2052
0.0044
-0.4180
-0.6484
-0.6410
-0.7785
-0.9937
-1.1307
-1.1727
-1.4505
-1.7973
-2.1057
-2.1361
-2.3038
-2.4314
-2.5956
-2.7375
-2.6846
-2.5892
-2.5819
-2.4894
-2.5081
-2.5815
-2.5416
-2.3694
-2.2651
-2.2648
-2.2086
-2.3873
-2.5338
-2.6218
-2.9548
-2.9968
-3.1261
-3.4224
-3.3445
-3.6626
-3.7061
-3.6878
-3.9607
-3.8990
-3.7778
-3.8789
-3.7508
-3.5545
-3.4734
-3.4312
-3.4543
-3.4079
-3.3519
-3.3383
-3.1023
-3.0264
-3.1227
-2.9244
-2.8252
-2.7816
-2.5677
-2.4244
-2.2926
-2.1409
-2.2129
-2.1950
-2.1612
-2.1807
-2.2443
-2.3332
-2.3485
-2.3122
-2.2249
-2.1702
-2.1129
-2.0262
-2.0996
-2.2355
-2.2735
-2.3502
-2.4531
-2.5059
-2.4731
-2.4952
-2.2364
-2.0798
-2.2196
-2.3474
-2.3850
-2.4315
-2.4329
-2.4639
-2.5393
-2.6477
-2.7431
-2.7503
-2.7422
-2.6107
-2.5306
-2.5784
-2.6881
-2.7579
-2.8681
-3.0602
-3.1642
-3.2209
-3.1989
-3.1663
-3.2738
-3.4196
-3.4909
-3.5932
-3.6627
-3.7915
-3.9047
-4.0138
-4.1858
-4.2810
-4.3710
-4.4982
-4.5213
-4.6265
-4.7196
-4.7707
-4.8455
-4.9109
-5.0310
-5.1240
-5.2216
-5.2347
-5.3760
-5.4996
-5.6668
-5.8286
-6.0141
-6.1227
-6.2282
-6.2636
-6.3813
-6.4421
-6.4301
-6.4552
-6.3246
-6.2224
-6.3066
-6.2895
-6.3715
-6.3843
-6.5734
-6.5714
-6.6571
-6.6571
-6.5903
-6.5436
-6.5336
-6.5264
-6.5003
-6.5987
-6.6418
-6.5497
-6.4966
-6.5717
-6.7295
-6.8420
-6.9132
-6.9909
-7.1154
-7.3452
-7.8225
-8.1794
-8.3643
-8.5072
-8.4327
-8.4740
-8.6703
-8.9031
-8.7569
-8.4370
-8.1886
-7.8577
-7.6029
-7.7279
-7.5191
-7.5212
-7.5047
-7.6288
-7.9289
-7.9137
-7.7923
-7.8752
-7.9575
-8.1526
-8.4562
-8.3177
-7.8574
-7.8966
-8.7365
-9.5630
-9.2732
-8.7104
-8.6291
-8.8875
-9.1561
-9.2011
-9.1544
-8.9765
-8.9704
-9.0329
-8.9128
-8.6886
-8.6239
-8.6603
-8.7137
-9.0115
-9.3524
-9.2071
-9.0396
-8.9731
-8.9988
-8.9700
-8.8298
-8.4611
-8.0992
-8.3786
-8.6269
-8.7968
-8.9409
-9.2905
-9.5250
-9.5920
-9.8482
-9.7138
-9.6036
-9.6406
-9.9785
-10.1748
-10.3289
-10.2592
-10.0355
-9.6459
-9.6708
-9.4581
-9.2224
-8.8004
-8.5349
-9.1641
-8.8362
