7.1053
7.1787
7.7228
8.2781
8.7417
9.0357
9.3698
9.5562
9.6283
9.6814
9.8249
9.8532
10.1656
10.1728
10.4255
10.3037
10.2440
10.1922
10.3208
9.9980
9.1500
8.6966
8.6175
8.4965
8.2475
8.0553
7.7685
6.8663
7.5278
7.9064
8.3995
8.2983
8.8936
9.2203
9.2126
10.3346
10.0586
10.3646
10.3064
9.8064
10.2465
10.0349
7.9874
6.9984
6.9194
6.6607
8.4263
7.0993
6.5925
5.8549
5.0118
4.1871
3.6188
3.6856
3.2286
3.5053
3.7057
3.0999
3.2579
3.1868
2.4601
2.0087
2.1238
2.5870
3.0396
3.7043
3.4291
2.5076
2.7413
2.8923
2.3068
2.9189
3.3618
2.6994
2.7822
3.4670
3.9295
3.8726
3.7383
3.7820
2.9542
2.3696
1.9133
1.6908
1.5953
1.5929
1.3311
1.8505
2.9481
3.0156
2.5266
2.3863
2.6500
2.5752
2.8226
3.0245
2.5748
2.2553
2.2392
2.3392
2.2906
2.1975
2.0592
1.8891
1.7133
1.2740
0.8492
0.3243
0.1148
0.1528
0.2991
0.1118
-0.0606
-0.3317
-0.8842
-1.4237
-1.6284
-1.3085
-1.0254
-1.1275
-1.5039
-2.0137
-2.2572
-2.3006
-2.6177
-2.8732
-3.1987
-3.5003
-3.8262
-4.4360
-5.6681
-11.2337
-12.1379
-12.0161
-12.1376
-12.5372
-12.3445
-11.8523
-11.6986
-11.5802
-11.6064
-11.5982
-11.6844
-11.6469
-11.5726
-11.4083
-11.3783
-11.0313
-10.7567
-10.7150
-10.3846
-10.2089
-9.8226
-9.4340
-9.3481
-9.0805
-8.9312
-8.5626
-8.5377
-8.3085
-8.3665
-8.3854
-8.1255
-8.1002
-7.8791
-7.8205
-7.5142
-7.4902
-7.3545
-7.4881
-7.3489
-7.1884
-7.0937
-7.0565
-6.9251
-7.0440
-6.7456
-6.8908
-6.4444
-5.8908
-5.9237
-5.5012
-5.2152
-5.1621
-4.8350
-4.8676
-4.7782
-4.2697
-4.8205
-5.0583
-4.5909
-4.4831
-4.3812
-4.4606
-4.7720
-4.7987
-4.9586
-5.4236
-5.3556
-5.1677
-5.1134
-4.7336
-4.4087
-4.2244
-4.0725
-3.9530
-4.1280
-4.2781
-4.3333
-4.5585
-4.8025
-4.8065
-4.6560
-4.6535
-4.2935
-4.1495
-4.3390
-4.5423
-4.6620
-4.7221
-4.8384
-4.9304
-5.0037
-5.1482
-5.3274
-5.5015
-5.6993
-5.7220
-5.6660
-5.6967
-5.7563
-5.7906
-5.8488
-5.9437
-5.8783
-5.7052
-5.4192
-5.2230
-5.1750
-5.0512
-4.9123
-4.9010
-4.8699
-4.8876
-4.8580
-4.7948
-4.7502
-4.6310
-4.5477
-4.3837
-3.9965
-3.8375
-3.6981
-3.5426
-3.3794
-3.1967
-3.0631
-2.8006
-2.6274
-2.3576
-2.1816
-2.1272
-2.3083
-2.3733
-2.4385
-2.3876
-2.2546
-2.0447
-1.8857
-1.6901
-1.4278
-1.2297
-1.0761
-0.9325
-0.9290
-0.8865
-0.8688
-0.7231
-0.7057
-0.5658
-0.4361
-0.2386
0.0141
-0.0033
0.0187
0.0324
0.2280
0.3337
0.4858
0.8154
0.8766
0.7025
0.3693
0.0520
0.0711
0.3116
0.3012
0.1266
-0.2155
-0.6223
-0.6181
-0.0664
0.1143
0.1930
0.0626
-0.2610
-0.1861
-0.1322
0.1073
0.2776
0.7817
1.1289
1.5173
1.8649
2.1129
2.1192
2.0567
1.8759
1.8588
2.2396
2.6695
3.0337
3.7381
6.1203
4.8660
3.5277
3.2085
3.8944
3.5832
3.3346
2.9910
3.0005
3.1640
3.1381
3.1156
2.8678
2.8474
2.7620
2.4764
2.0929
1.9291
1.9671
2.0284
2.1176
2.3986
2.3248
1.9933
1.6671
1.4091
1.2691
1.3757
1.5460
1.5775
1.6267
1.7174
1.7075
1.4223
1.2631
1.3459
1.4682
1.4023
1.4997
1.6516
1.8122
1.7519
1.7995
1.6148
1.4857
1.6334
2.0777
2.0449
1.6789
1.4094
1.0277
0.6322
1.0549
1.0517
