0.8080
0.6870
0.5500
0.6060
0.7820
0.9900
1.2060
1.4380
1.5500
1.5610
1.6040
1.8030
2.0290
2.3320
2.6820
2.8650
3.0940
3.2190
2.7160
2.2290
2.1860
2.2130
2.1200
2.0840
1.9720
2.0010
2.1380
2.4010
2.8040
3.0200
3.1240
3.3790
3.6860
3.7280
4.1020
4.3310
4.4820
4.3550
4.4590
4.6890
5.0940
5.1620
5.3380
5.4620
5.2110
4.9160
4.9700
5.0340
5.0490
4.9640
4.9640
4.9980
5.0370
5.0280
4.9570
4.9850
4.9600
4.7290
4.4790
4.3390
4.2590
4.2130
4.0160
3.7410
3.5020
3.3530
3.2540
3.2400
3.2080
3.1780
3.1610
3.1850
3.1970
3.1870
3.2380
3.2790
3.3000
3.2950
3.3160
3.3300
3.3140
3.2630
3.2480
3.2300
3.1510
3.0760
2.9840
2.8780
2.7730
2.6780
2.6010
2.5230
2.4690
2.4150
2.3850
2.3370
2.2890
2.2470
2.2090
2.1820
2.1630
2.1420
2.1330
2.1220
2.0990
2.0620
2.0250
1.9860
1.9490
1.9200
1.8790
1.8440
1.8210
1.8040
1.7880
1.7490
1.6560
1.8140
1.9460
2.0710
2.1650
2.2430
2.3080
2.3690
2.4230
2.4840
2.5260
2.5580
2.5910
2.6560
2.7510
2.8570
2.9650
3.0880
3.2280
3.3710
3.5170
3.6650
3.8080
3.9440
4.0530
4.1360
4.2280
4.3300
4.4380
4.5710
4.7710
5.0100
5.2340
5.4180
5.5810
5.6960
5.7580
5.7730
5.7440
5.7000
5.6630
5.6380
5.6480
5.7090
5.6980
5.5550
5.5270
5.4710
5.3640
5.2690
5.1660
5.1100
5.0820
5.0850
5.1100
5.1760
5.2780
5.3600
5.4650
5.6180
5.6740
5.7350
5.7720
5.7020
5.6530
5.6880
5.7630
5.7850
5.9970
6.1380
6.1120
6.0390
6.0200
5.9070
5.8150
5.8320
5.8820
5.9140
5.9210
5.9440
6.0070
6.0440
6.0400
6.0230
6.0730
6.2260
6.3860
6.4160
6.3390
6.2680
6.1280
5.9180
5.6330
5.2100
4.8980
4.3150
3.8290
3.6460
3.6300
3.4580
3.3200
3.3200
3.3880
3.5200
3.6210
3.6310
3.5780
3.5430
3.5950
3.7590
4.1400
4.7050
5.3190
5.5520
5.7730
5.7510
5.7640
5.8280
5.8150
5.7440
5.6960
5.7720
5.6670
5.5970
5.4640
5.5000
5.6180
5.6560
5.6530
5.6160
5.7610
5.8360
5.9410
6.1690
6.3250
6.2620
6.2460
6.2120
6.3190
6.3130
6.3100
6.3070
6.4160
6.3610
6.2780
6.1170
5.8700
5.4720
5.1580
5.0280
4.9000
4.6970
4.7110
4.8630
5.0180
4.9850
4.8980
5.0670
5.1960
4.9800
5.0200
5.0110
4.9990
4.9510
4.7920
4.8750
4.9500
4.9790
5.0060
5.0170
4.9750
5.0850
5.1140
5.0920
4.8610
4.6990
4.7070
5.0050
5.0270
4.9840
4.9840
5.1350
5.1850
5.2380
5.3550
5.5070
5.5480
5.4170
5.3420
5.3310
5.1770
5.3010
5.3350
5.3360
5.3480
5.2180
5.1530
5.1700
5.0760
4.8830
4.7240
4.7070
4.7590
4.7880
4.6830
4.5030
4.3920
4.2420
4.0540
4.0200
3.8850
3.8810
3.7790
3.5830
3.6420
3.8610
4.0060
4.0660
4.1330
4.1270
4.1480
4.0410
4.0210
4.1730
4.2020
4.4050
4.4530
4.5580
4.6460
4.7030
4.6270
4.9770
4.7920
4.6800
4.6210
4.4920
4.4310
4.5220
4.5970
4.6930
4.5340
4.4710
4.6300
4.7580
4.7400
4.7430
4.6870
4.6530
4.7070
4.7980
5.0640
4.8420
4.7470
4.5990
4.7380
4.8150
4.7650
4.8520
4.6470
4.4180
4.1350
