563.3500
519.4400
510.9700
554.0300
564.6800
538.1900
534.3300
513.6200
521.1000
504.7800
514.1700
519.8800
506.1600
506.9900
502.6200
526.4600
558.8900
573.4200
571.1000
556.2200
567.1700
575.5300
582.8400
594.8800
596.2800
592.6300
599.8800
593.6900
595.5800
614.5400
631.4500
624.0000
625.5100
649.3400
647.0300
656.2600
658.8000
657.7400
659.0700
641.7300
627.2700
631.4000
638.5500
637.7800
632.7800
630.2700
628.8700
625.2100
633.6400
637.0300
645.2100
653.3200
653.2000
651.7200
651.2100
649.6100
651.9200
660.3000
672.9700
681.2600
684.1600
692.8800
700.1400
711.5900
718.8600
729.4900
741.9400
751.3900
759.1600
763.3200
768.8700
772.0200
776.6000
782.9900
787.8700
805.0300
818.4800
830.3500
838.4800
840.4500
848.9500
863.6000
875.8700
886.6900
896.6400
906.1700
914.0600
892.8200
875.0200
872.1700
874.7300
887.7400
887.4300
881.6900
869.2300
867.4200
874.6400
878.3800
884.0400
894.6400
897.8500
899.1200
902.3600
907.9200
912.3900
914.1800
920.5900
921.9200
923.9100
926.4800
929.8300
955.8600
979.5000
987.1000
991.4400
990.6500
997.2800
1007.1000
1023.8000
1033.0000
1032.1000
1033.6000
1035.3000
1033.8000
1038.7000
1040.3000
1040.0000
1038.2000
1036.2000
1037.0000
1038.0000
1040.8000
1039.0000
1036.4000
1036.6000
1019.5000
1010.0000
1003.0000
995.4000
991.8600
983.4500
973.9700
961.4800
953.4200
949.1600
943.7800
937.3100
917.5100
895.8700
883.3200
873.5000
868.3500
858.5100
843.0600
828.3200
816.0800
807.0600
799.7700
792.9300
808.1000
815.5600
820.5100
825.7100
822.4400
828.1400
842.4300
858.9700
866.9000
877.5500
883.0200
893.7700
903.3200
910.5700
915.8900
921.3700
931.8700
933.7000
937.9100
943.1700
949.6300
955.9700
960.3700
968.1200
928.7700
892.5100
877.3100
869.0300
871.7100
860.2700
841.8500
813.4200
796.8000
788.7300
781.4900
772.4200
777.0200
769.0100
754.6900
744.9000
736.4500
728.9900
722.0100
716.2600
705.9200
703.5700
709.2100
715.5100
746.4700
776.3800
783.6800
791.2000
788.7900
795.1600
805.1600
822.1100
833.4200
834.0400
837.8700
840.1400
830.5800
826.6000
823.9900
820.3200
818.0800
820.1100
830.2900
834.8300
842.3400
841.3400
836.0600
810.9800
789.0500
763.0200
740.6200
721.3500
720.0200
719.6900
694.2500
665.1400
629.5200
619.7800
605.6000
582.3900
582.8600
575.6800
564.3700
548.9300
544.4100
545.3900
512.4200
515.3700
523.4700
538.7300
557.6900
568.4100
575.8500
577.8800
594.8500
619.0100
623.1300
630.3200
681.2100
699.4000
747.0300
765.8100
775.5600
786.9500
779.6600
772.8200
765.1500
761.7500
782.1700
802.9400
795.2300
774.0900
785.0900
783.8700
779.5700
785.3800
766.7100
749.2900
728.4600
719.5700
719.1400
706.7500
699.4800
679.2400
649.6100
648.7700
651.5400
671.1100
701.5000
693.2300
667.9200
674.0200
694.7300
714.4600
712.1400
723.0400
722.5100
723.8400
729.8100
743.3200
796.3200
834.8800
844.3200
851.6000
836.4500
841.7600
852.2800
869.8000
895.6700
909.8800
909.3600
920.6600
918.8100
924.2500
920.3600
909.6900
903.9000
901.8500
909.1100
899.6500
906.2800
916.7500
904.6900
906.2300
874.1100
843.2900
836.1900
816.2800
793.0700
770.9800
740.9900
716.9900
704.3400
696.3800
698.0400
692.8100
695.1800
699.5400
680.1300
678.6400
676.5300
673.1100
662.8100
686.0700
652.6100
660.0300
675.7500
677.3000
704.7900
719.1700
723.3200
729.6600
727.0800
754.1400
773.5900
773.8600
773.2300
786.3800
794.1500
804.9600
798.5300
787.9000
790.9200
771.9600
805.2300
802.1000
814.9200
801.1200
802.4100
812.9700
816.1800
837.0700
820.1700
804.7700
