0.4813
0.2898
0.0733
0.1607
0.4409
0.7700
1.1141
1.4815
1.6598
1.6763
1.7448
2.0614
2.4191
2.8999
3.4550
3.7465
4.1096
4.3070
3.5100
2.7362
2.6691
2.7115
2.5634
2.5063
2.3287
2.3747
2.5925
3.0089
3.6488
3.9913
4.1562
4.5619
5.0491
5.1160
5.7086
6.0718
6.3121
6.1103
6.2757
6.6406
7.2824
7.3907
7.6702
7.8675
7.4680
7.0012
7.0860
7.1879
7.2120
7.0768
7.0771
7.1304
7.1917
7.1776
7.0655
7.1104
7.0708
6.7035
6.3063
6.0843
5.9581
5.8851
5.5725
5.1352
4.7565
4.5211
4.3625
4.3405
4.2896
4.2426
4.2160
4.2534
4.2730
4.2563
4.3374
4.4026
4.4358
4.4290
4.4619
4.4844
4.4577
4.3774
4.3544
4.3257
4.1991
4.0812
3.9350
3.7659
3.6000
3.4498
3.3278
3.2033
3.1181
3.0322
2.9839
2.9087
2.8317
2.7658
2.7056
2.6627
2.6321
2.5987
2.5850
2.5672
2.5301
2.4711
2.4128
2.3511
2.2918
2.2466
2.1809
2.1260
2.0889
2.0617
2.0364
1.9754
1.8283
2.0775
2.2871
2.4862
2.6354
2.7596
2.8617
2.9588
3.0449
3.1417
3.2085
3.2588
3.3116
3.4149
3.5657
3.7326
3.9046
4.0995
4.3227
4.5482
4.7809
5.0153
5.2426
5.4577
5.6304
5.7627
5.9090
6.0703
6.2415
6.4534
6.7701
7.1499
7.5051
7.7966
8.0557
8.2376
8.3367
8.3610
8.3142
8.2440
8.1864
8.1454
8.1615
8.2588
8.2415
8.0137
7.9695
7.8815
7.7118
7.5604
7.3972
7.3085
7.2642
7.2693
7.3081
7.4127
7.5753
7.7052
7.8721
8.1148
8.2030
8.2996
8.3585
8.2479
8.1706
8.2261
8.3443
8.3796
8.7152
8.9389
8.8981
8.7829
8.7526
8.5731
8.4267
8.4539
8.5341
8.5846
8.5952
8.6312
8.7323
8.7898
8.7836
8.7573
8.8359
9.0786
9.3325
9.3805
9.2589
9.1465
8.9232
8.5898
8.1381
7.4664
6.9727
6.0475
5.2762
4.9850
4.9601
4.6867
4.4687
4.4681
4.5754
4.7854
4.9455
4.9618
4.8770
4.8215
4.9046
5.1639
5.7699
6.6660
7.6406
8.0104
8.3611
8.3261
8.3461
8.4471
8.4274
8.3147
8.2378
8.3595
8.1928
8.0803
7.8700
7.9278
8.1139
8.1753
8.1695
8.1109
8.3406
8.4611
8.6263
8.9888
9.2359
9.1361
9.1107
9.0570
9.2275
9.2177
9.2120
9.2073
9.3812
9.2934
9.1611
8.9065
8.5136
7.8825
7.3842
7.1778
6.9748
6.6526
6.6744
6.9169
7.1629
7.1099
6.9719
7.2402
7.4455
7.1026
7.1659
7.1505
7.1317
7.0554
6.8033
6.9348
7.0547
7.1009
7.1426
7.1601
7.0946
7.2688
7.3150
7.2799
6.9125
6.6557
6.6681
7.1422
7.1767
7.1089
7.1083
7.3482
7.4274
7.5116
7.6965
7.9390
8.0037
7.7951
7.6758
7.6596
7.4148
7.6117
7.6651
7.6663
7.6865
7.4802
7.3763
7.4028
7.2537
6.9478
6.6961
6.6686
6.7515
6.7969
6.6304
6.3453
6.1695
5.9310
5.6322
5.5791
5.3641
5.3582
5.1962
4.8855
4.9789
5.3263
5.5560
5.6511
5.7577
5.7490
5.7813
5.6125
5.5802
5.8218
5.8678
6.1890
6.2654
6.4319
6.5723
6.6618
6.5413
7.0966
6.8044
6.6261
6.5330
6.3283
6.2305
6.3756
6.4935
6.6460
6.3943
6.2936
6.5462
6.7497
6.7215
6.7253
6.6367
6.5834
6.6682
6.8129
7.2347
6.8823
6.7326
6.4981
6.7184
6.8405
6.7612
6.8986
6.5742
6.2107
5.7618
