-7.3370
-7.3520
-7.3714
-7.3949
-7.4091
-7.4219
-7.4331
-7.4496
-7.4615
-7.4653
-7.4913
-7.5240
-7.5619
-7.5903
-7.6542
-7.7547
-7.8650
-7.9402
-8.0142
-7.8316
-7.5944
-7.3767
-7.1890
-7.0248
-6.9328
-6.8370
-6.8529
-6.8498
-6.8915
-6.9123
-6.8887
-6.9298
-6.9246
-6.7222
-6.5046
-6.5479
-6.5315
-6.3240
-6.1492
-6.0721
-6.1649
-6.2318
-6.4491
-6.7558
-7.0379
-7.1784
-7.2042
-7.2412
-7.3467
-7.4076
-7.5131
-7.5850
-7.6492
-7.7164
-7.7743
-7.8213
-7.8767
-7.9367
-7.9890
-8.0529
-8.1129
-8.1783
-8.2509
-8.3191
-8.3866
-8.4596
-8.5191
-8.5750
-8.6054
-8.6261
-8.6419
-8.6558
-8.6664
-8.6734
-8.6731
-8.6762
-8.6914
-8.7109
-8.7245
-8.7354
-8.7496
-8.7641
-8.7751
-8.7829
-8.7915
-8.8000
-8.8041
-8.8016
-8.7945
-8.7863
-8.7782
-8.7701
-8.7617
-8.7544
-8.7466
-8.7366
-8.7256
-8.7153
-8.7056
-8.6976
-8.6927
-8.6910
-8.6940
-8.7029
-8.7233
-8.7653
-8.8387
-8.9313
-9.0042
-9.0385
-9.0549
-9.0723
-9.0936
-9.1068
-9.1030
-9.1161
-9.0763
-8.8396
-8.6429
-8.5049
-8.3979
-8.2996
-8.2005
-8.0974
-7.9895
-7.8812
-7.7637
-7.6327
-7.5039
-7.4091
-7.3516
-7.3084
-7.2666
-7.2377
-7.2235
-7.2083
-7.1933
-7.1810
-7.1665
-7.1392
-7.0907
-7.0351
-6.9761
-6.9141
-6.8557
-6.8076
-6.7640
-6.7313
-6.7114
-6.6496
-6.5425
-6.4373
-6.3301
-6.2549
-6.2023
-6.2096
-6.2509
-6.3415
-6.3983
-6.4542
-6.5981
-6.7282
-6.8789
-7.0265
-7.1946
-7.3714
-7.5637
-7.7447
-7.9230
-8.0632
-8.1817
-8.2892
-8.3771
-8.4317
-8.4710
-8.5033
-8.5181
-8.5337
-8.5964
-8.6765
-8.7135
-8.6987
-8.6453
-8.5722
-8.4863
-8.4122
-8.3978
-8.3596
-8.3194
-8.3478
-8.3572
-8.2978
-8.1651
-8.0812
-8.0137
-8.0054
-7.9851
-7.9478
-7.9508
-7.9262
-7.8664
-7.8279
-7.8559
-7.9154
-7.9378
-7.9578
-7.9965
-8.0433
-8.1535
-8.2643
-8.2702
-8.1463
-7.9186
-7.5851
-7.2070
-6.8932
-6.5792
-6.2629
-5.9799
-5.7247
-5.4410
-5.1543
-4.9347
-4.7974
-4.7764
-4.8690
-5.0176
-5.2090
-5.4913
-5.6031
-5.5789
-5.5832
-5.5224
-5.3955
-5.1202
-4.9415
-4.9117
-4.6775
-4.3113
-4.0037
-3.8179
-3.8585
-3.9595
-4.0834
-4.1251
-4.1466
-4.2187
-4.3280
-4.4523
-4.6399
-4.9009
-5.0617
-5.2192
-5.4687
-5.5803
-5.6798
-5.9382
-6.3004
-6.5738
-6.6832
-6.7399
-6.8573
-6.9040
-7.0083
-7.0669
-7.0996
-7.1407
-7.2051
-7.2927
-7.3420
-7.3682
-7.3846
-7.4046
-7.3911
-7.3869
-7.4046
-7.4186
-7.4262
-7.4250
-7.4203
-7.4066
-7.3492
-7.3346
-7.3464
-7.3716
-7.3732
-7.3476
-7.3014
-7.2874
-7.3177
-7.3532
-7.3647
-7.3678
-7.3970
-7.4444
-7.4834
-7.5168
-7.5387
-7.5629
-7.5984
-7.6402
-7.6904
-7.7444
-7.7904
-7.8154
-7.7999
-7.7743
-7.7297
-7.6905
-7.6454
-7.5893
-7.5414
-7.4958
-7.4586
-7.4259
-7.4152
-7.4095
-7.4132
-7.4074
-7.4038
-7.3899
-7.3579
-7.3174
-7.2772
-7.2315
-7.1892
-7.1522
-7.1030
-7.0594
-6.9923
-6.9451
-6.9454
-6.9789
-7.0181
-7.0669
-7.1450
-7.2456
-7.3492
-7.4585
-7.5854
-7.6962
-7.7894
-7.8401
-7.8659
-7.8848
-7.9043
-7.9204
-7.9490
-7.9766
-7.9887
-8.0166
-8.0599
-8.0968
-8.1294
-8.1372
-8.1357
-8.1329
-8.1316
-8.1359
-8.1409
-8.1505
-8.1687
-8.1917
-8.2171
-8.2460
-8.2725
-8.2910
-8.3043
-8.3153
-8.3252
-8.3326
-8.3362
-8.3342
-8.3357
-8.3345
-8.3377
-8.3459
