-0.3770
-0.2545
-0.0603
-0.0835
-0.1208
-0.1855
-0.2436
-0.2623
-0.3244
-0.4631
-0.3992
-0.2505
0.1364
0.0342
0.4011
0.4883
0.8111
0.8219
0.5357
0.1999
0.2462
0.1206
-0.1592
-0.0918
-0.3234
-0.5009
-0.9498
-1.5338
-2.1995
-2.1990
-2.2909
-2.9269
-3.2508
-2.5460
-2.5902
-2.6169
-2.3705
-2.0722
-2.3137
-2.9325
-3.6788
-3.9188
-4.4968
-4.9496
-5.3560
-5.5632
-5.5204
-5.4714
-5.3544
-5.1009
-4.9819
-4.8824
-4.8412
-4.7869
-4.5622
-4.5582
-4.5581
-4.2367
-4.0393
-3.8964
-3.8455
-3.8566
-3.7437
-3.4973
-3.3888
-3.2839
-3.1762
-3.2050
-3.1907
-3.1770
-3.1547
-3.1578
-3.2270
-3.2504
-3.3069
-3.3375
-3.3818
-3.4485
-3.5429
-3.6226
-3.6743
-3.6730
-3.6892
-3.7470
-3.7396
-3.6783
-3.5888
-3.4914
-3.3669
-3.2399
-3.1531
-3.0901
-3.0289
-2.9586
-2.9298
-2.8813
-2.8191
-2.7594
-2.7053
-2.6622
-2.6264
-2.5764
-2.5399
-2.4902
-2.4072
-2.2883
-2.1546
-2.0309
-1.9461
-1.8896
-1.8346
-1.7964
-1.7596
-1.7592
-1.7764
-1.7413
-1.6204
-1.9271
-2.1542
-2.3639
-2.5217
-2.6534
-2.7639
-2.8722
-2.9722
-3.0782
-3.1550
-3.2198
-3.2868
-3.4009
-3.5594
-3.7306
-3.9045
-4.0993
-4.3223
-4.5475
-4.7801
-5.0147
-5.2424
-5.4577
-5.6302
-5.7617
-5.9061
-6.0651
-6.2349
-6.4458
-6.7579
-7.1251
-7.4525
-7.6943
-7.8772
-7.9702
-7.9625
-7.8710
-7.7195
-7.5624
-7.4265
-7.3292
-7.2548
-7.2505
-7.1643
-6.8875
-6.7640
-6.6240
-6.4223
-6.1802
-5.9165
-5.7304
-5.5309
-5.4100
-5.3035
-5.2010
-5.1762
-5.1949
-5.2073
-5.0939
-5.0445
-4.9101
-4.6045
-4.1951
-3.8219
-3.4800
-3.1902
-3.0617
-3.0289
-3.0189
-2.9933
-3.0433
-3.1293
-2.9801
-2.8166
-2.8142
-3.0077
-3.1973
-3.4395
-3.5585
-3.7028
-3.8468
-3.8913
-3.8812
-3.9065
-3.9078
-3.8847
-3.8198
-3.7390
-3.6558
-3.5681
-3.4755
-3.2739
-2.9524
-2.6799
-2.3457
-2.1814
-2.2492
-2.3849
-2.5857
-2.7721
-2.9655
-3.2003
-3.4756
-3.6759
-3.7997
-3.9835
-4.3339
-4.7571
-5.1559
-5.7653
-6.6605
-7.6348
-8.0104
-8.3381
-8.2784
-8.2128
-8.2238
-8.0905
-7.9588
-7.9816
-8.1218
-7.8825
-7.6865
-7.4409
-7.5136
-7.7090
-7.7012
-7.6400
-7.5901
-7.8081
-7.9237
-8.0067
-8.4291
-8.6122
-8.4564
-8.4978
-8.4546
-8.5762
-8.7078
-8.8184
-8.9086
-8.9859
-8.7663
-8.5559
-7.8719
-7.3619
-6.7350
-6.3009
-6.1682
-6.0751
-5.9650
-6.1401
-6.4946
-6.7600
-6.6347
-6.4230
-6.7359
-7.0756
-6.8553
-7.0255
-7.0165
-7.0358
-6.9544
-6.7223
-6.8591
-6.9546
-7.0165
-7.0949
-7.1126
-7.0515
-7.2417
-7.3019
-7.2720
-6.8876
-6.6191
-6.6672
-7.0398
-7.0098
-6.8126
-6.7384
-7.0129
-7.0553
-7.1262
-7.2470
-7.4623
-7.5249
-7.3680
-7.3047
-7.3498
-7.1460
-7.3909
-7.4822
-7.5194
-7.5719
-7.4167
-7.3472
-7.3847
-7.2402
-6.9331
-6.6791
-6.6213
-6.6557
-6.6811
-6.5221
-6.2634
-6.1023
-5.8814
-5.6005
-5.5314
-5.3165
-5.2659
-5.0474
-4.7062
-4.6906
-4.8342
-4.8928
-4.8179
-4.6821
-4.5312
-4.4311
-4.3062
-4.3043
-4.4611
-4.4235
-4.5818
-4.5367
-4.6177
-4.7075
-4.8415
-4.7527
-4.9622
-4.8775
-4.8294
-4.7301
-4.6203
-4.6298
-4.8441
-4.9827
-5.1349
-5.0791
-5.1356
-5.3882
-5.5611
-5.5008
-5.5157
-5.5260
-5.4989
-5.5242
-5.6183
-5.9981
-5.7671
-5.6362
-5.4981
-5.5935
-5.6836
-5.6718
-5.8203
-5.6881
-5.4491
-5.0627
