0.2992
0.1386
-0.0416
-0.1373
-0.4240
-0.7473
-1.0871
-1.4581
-1.6278
-1.6111
-1.6985
-2.0461
-2.4153
-2.8997
-3.4316
-3.7146
-4.0288
-4.2279
-3.4689
-2.7289
-2.6578
-2.7088
-2.5585
-2.5046
-2.3061
-2.3212
-2.4122
-2.5886
-2.9113
-3.3309
-3.4678
-3.4991
-3.8634
-4.4375
-5.0871
-5.4790
-5.8500
-5.7483
-5.8336
-5.9580
-6.2849
-6.2662
-6.2137
-6.1154
-5.2043
-4.2505
-4.4425
-4.6615
-4.8316
-4.9054
-5.0265
-5.1966
-5.3182
-5.3482
-5.3951
-5.4572
-5.4055
-5.1949
-4.8429
-4.6730
-4.5509
-4.4453
-4.1276
-3.7603
-3.3377
-3.1074
-2.9905
-2.9272
-2.8670
-2.8118
-2.7969
-2.8495
-2.8008
-2.7479
-2.8066
-2.8712
-2.8704
-2.7792
-2.7123
-2.6432
-2.5240
-2.3813
-2.3132
-2.1613
-1.9100
-1.7679
-1.6139
-1.4115
-1.2744
-1.1849
-1.0641
-0.8441
-0.7406
-0.6639
-0.5654
-0.3981
-0.2665
-0.1872
-0.0435
0.0548
0.1724
0.3396
0.4808
0.6239
0.7790
0.9327
1.0860
1.1846
1.2104
1.2151
1.1791
1.1370
1.1258
1.0752
0.9957
0.9328
0.8466
0.7761
0.7683
0.7703
0.7658
0.7583
0.7416
0.7105
0.6617
0.6286
0.5834
0.5025
0.4039
0.3085
0.2120
0.1210
0.0258
-0.0406
-0.0648
-0.0811
-0.0898
-0.0762
-0.0515
-0.0158
0.0415
0.1110
0.1832
0.2515
0.2870
0.3137
0.4068
0.5958
0.8864
1.2592
1.6866
2.0818
2.4697
2.8201
3.0881
3.2824
3.4445
3.5540
3.7386
3.9545
4.0735
4.0966
4.2144
4.2709
4.2691
4.3548
4.4400
4.5362
4.7093
4.8554
5.0280
5.2818
5.5311
5.6907
5.9037
6.3168
6.4685
6.6914
6.9759
7.1013
7.2216
7.4538
7.7103
7.8002
8.1720
8.4137
8.3795
8.2388
8.1741
8.0385
7.9420
7.9717
7.9865
7.9670
7.8770
7.8635
7.9084
7.9033
7.8746
7.8503
7.9254
8.1945
8.4856
8.5676
8.4704
8.3841
8.1788
7.8553
7.4505
6.8579
6.4371
5.5741
4.8042
4.4487
4.3492
3.9089
3.5050
3.3422
3.2700
3.2893
3.3084
3.1909
2.8137
2.1130
1.1939
0.2868
-0.2314
-0.2708
-0.2994
-0.0146
0.6199
0.8899
1.4857
1.9297
2.3589
2.4065
2.0386
1.9790
2.2334
2.4917
2.5633
2.5291
2.5311
2.7434
2.8934
2.8597
2.9324
2.9673
3.2103
3.1223
3.3364
3.4580
3.2853
3.2480
3.4052
3.0234
2.6641
2.3261
2.6947
3.0855
3.2745
4.1664
4.2760
4.0956
3.8504
3.6706
3.4264
2.9456
2.6166
2.3799
2.3684
2.5558
2.7115
2.6548
2.3178
1.8579
1.4117
1.3775
1.1655
1.1893
1.0469
1.0216
1.1842
1.0915
0.8235
0.8232
0.7805
0.6273
0.4385
0.3399
0.5860
0.6973
-0.1093
-1.2054
-1.5388
-2.0313
-2.2631
-2.1943
-2.3214
-2.3753
-2.5917
-2.7097
-2.7270
-2.5449
-2.3579
-2.1565
-1.9784
-1.8202
-1.6641
-1.4932
-1.3220
-0.9725
-0.6545
-0.5183
-0.4417
-0.4524
-0.4763
-0.7926
-1.1337
-1.2492
-1.1935
-1.0161
-0.9082
-0.7653
-0.5968
-0.7283
-0.7131
-0.9902
-1.2345
-1.3117
-1.6698
-2.2359
-2.6324
-2.9535
-3.3509
-3.5383
-3.7133
-3.5995
-3.5513
-3.7405
-3.8554
-4.1606
-4.3213
-4.4772
-4.5864
-4.5760
-4.4945
-5.0733
-4.7444
-4.5368
-4.5063
-4.3244
-4.1695
-4.1453
-4.1639
-4.2192
-3.8846
-3.6379
-3.7174
-3.8253
-3.8626
-3.8480
-3.6755
-3.6199
-3.7348
-3.8537
-4.0453
-3.7558
-3.6825
-3.4635
-3.7215
-3.8065
-3.6803
-3.7033
-3.2962
-2.9801
-2.7507
