3.8010
3.9370
4.0900
4.1780
4.3480
4.4510
4.5440
4.6580
4.7900
4.8950
4.9840
4.9340
4.8770
4.7910
4.7950
4.8470
4.8700
4.6980
4.4230
4.0100
3.4710
3.2450
3.3380
3.2790
3.2190
3.2220
3.2130
3.1990
3.1270
3.1080
3.0100
2.8580
2.7040
2.5880
2.5190
2.5910
2.7350
2.8890
3.0800
3.2940
3.5240
3.8540
4.2580
4.7290
5.1900
5.4920
5.6770
5.8910
6.0940
6.2730
6.4260
6.5900
6.6840
6.7130
6.7280
6.7630
6.8220
6.8280
6.7870
6.6190
6.4230
6.2650
6.1730
6.0640
6.0890
5.8790
5.7200
5.4890
5.3390
5.1200
4.9600
4.9280
4.9560
4.9570
4.9890
4.9560
4.9240
4.9960
4.9770
4.9860
4.9510
4.9050
4.7280
4.5790
4.5460
4.8200
4.7100
4.5940
5.0210
5.3140
5.6230
5.4870
5.3490
5.2100
5.1280
5.2150
5.0290
5.0400
5.1350
5.0560
5.0400
4.9540
4.9500
4.8500
4.7760
4.7870
4.8590
4.8960
4.9340
5.0110
4.9800
4.8710
4.7260
4.6200
4.1730
3.7040
3.5150
3.3480
3.1720
3.1120
3.1270
3.0260
3.1810
3.5090
3.7760
3.9770
4.1820
4.2330
4.2740
4.3190
4.3260
4.4930
4.6600
4.6380
4.8410
5.1370
5.2410
5.5440
5.7630
5.7990
5.6330
5.5090
5.4470
5.2990
5.2550
5.0590
4.9100
4.8440
4.7020
4.7300
4.6360
4.7020
4.6770
4.8660
4.8260
4.7090
4.5520
4.3700
4.1610
4.2360
4.3530
4.4410
4.4010
4.3780
4.2750
4.2040
4.2110
4.1970
4.0950
4.1060
4.0550
3.9900
3.8960
3.8460
3.8020
3.7610
3.7370
3.6770
3.6740
3.5980
3.5460
3.4760
3.3940
3.2950
3.2280
3.1720
3.1100
3.0840
3.1170
3.1520
3.2810
3.3960
3.4620
3.5830
3.7170
3.8680
3.9530
4.0330
4.1710
4.3230
4.4020
4.2060
4.6440
4.7240
4.7270
4.6710
4.7340
5.1190
5.1550
5.2310
5.3080
5.6050
5.8010
5.9490
6.0220
6.1110
6.2860
6.4170
6.4810
6.3850
6.1950
6.0940
6.0810
6.1150
6.0520
5.8340
6.1160
6.5130
6.2170
6.2690
6.3750
6.1210
5.9000
5.7940
5.6810
5.7920
5.7530
5.7700
5.6490
5.7960
6.1860
6.3260
6.4270
6.2780
6.4010
6.7510
6.7920
6.6770
6.1740
5.8780
5.8630
5.7410
5.6720
5.6610
5.6640
5.6380
5.7020
5.5630
5.4610
5.6820
5.9040
5.9660
6.2060
6.2220
6.3330
6.5210
6.8500
6.9320
6.4590
6.2490
6.4190
6.4070
6.5270
6.7750
7.0720
7.5650
7.0370
6.7440
6.8330
7.0040
7.1330
7.1310
7.0850
6.9790
6.9280
6.7640
6.6190
6.8220
6.8670
6.9900
7.0580
7.1700
7.3360
7.3670
7.3610
7.2770
7.2530
7.3550
7.4090
7.4760
7.5720
7.6490
7.6480
7.6560
7.8150
8.0770
8.1330
8.1400
8.3170
8.4830
8.5740
8.4960
8.6440
8.8470
8.8700
8.8890
8.4970
8.1540
8.4390
7.9820
7.9630
7.8080
7.4360
7.3900
7.2020
6.5710
6.5830
6.6130
6.2560
6.1690
6.3560
5.8460
5.8410
5.7880
5.8460
5.7590
5.8900
5.7690
5.8960
5.7240
5.8730
5.8090
6.0330
5.8710
5.7860
5.5940
5.3280
5.2940
5.3830
5.3430
5.3080
5.1630
5.0190
5.0420
4.9430
4.8680
4.7500
4.6310
4.5380
4.3960
4.3400
4.3210
4.3690
4.4080
4.4290
4.3560
4.2680
4.2430
4.2200
4.1040
3.9270
3.8530
3.7080
3.6060
3.5400
3.7300
3.8950
