860.3700
864.1600
860.3900
862.9000
860.4300
868.8400
844.7700
858.1400
845.4300
853.7100
869.4500
870.9600
866.9200
862.5100
867.7000
906.0500
931.8700
944.8100
951.3000
954.9000
960.3600
972.4900
991.1100
993.5900
997.6000
992.6300
996.5000
995.4200
1005.5000
1006.8000
1010.1000
1009.5000
1014.1000
1007.6000
1009.1000
1008.7000
1009.9000
1005.5000
1000.4000
974.7300
954.2100
943.7100
934.9500
932.1700
923.2600
909.0200
890.8200
874.8900
863.6100
852.7000
843.4500
837.2700
825.7600
816.0900
805.9500
801.0600
794.4000
786.9600
786.0000
782.4100
784.0600
790.1600
791.2600
798.6900
807.0900
820.2300
839.0500
856.0100
875.3700
889.1800
906.5600
918.0200
932.0700
945.2700
956.2500
969.6200
984.2400
991.4700
994.8600
997.5400
1004.7000
1017.6000
1039.2000
1056.3000
1057.4000
1057.0000
1071.4000
1051.9000
1021.6000
1002.0000
984.5100
992.9000
986.0200
976.0800
958.1900
938.0500
938.5000
938.4700
936.0800
941.2300
936.1900
935.5700
927.8600
930.5500
938.8600
941.4500
941.8900
934.0500
934.8200
933.5200
925.0700
954.1600
966.6600
978.9900
981.1100
979.4200
982.9200
989.5500
1014.7000
1023.8000
1017.5000
1021.3000
1024.2000
1027.1000
1037.9000
1042.7000
1036.5000
1040.6000
1051.8000
1057.9000
1065.6000
1064.6000
1067.7000
1076.2000
1092.0000
1075.0000
1066.8000
1054.4000
1047.2000
1046.1000
1048.6000
1046.6000
1039.3000
1034.0000
1037.0000
1043.5000
1046.6000
1037.8000
1025.8000
1011.7000
1007.1000
1007.8000
1002.4000
990.2500
989.1500
982.0000
979.6900
992.2000
997.8100
1018.3000
1032.3000
1037.8000
1068.4000
1068.4000
1094.7000
1106.9000
1136.3000
1137.4000
1145.8000
1165.6000
1162.9000
1173.3000
1180.5000
1193.1000
1197.3000
1198.5000
1209.2000
1216.5000
1220.7000
1231.2000
1245.3000
1262.6000
1272.1000
1235.3000
1202.9000
1196.6000
1197.3000
1206.8000
1198.3000
1182.7000
1154.2000
1137.5000
1140.4000
1142.0000
1141.6000
1158.1000
1160.0000
1152.8000
1140.6000
1135.5000
1141.8000
1161.6000
1150.9000
1151.0000
1143.6000
1138.8000
1130.7000
1135.9000
1167.0000
1187.1000
1194.1000
1186.7000
1191.3000
1203.0000
1226.0000
1239.9000
1240.9000
1241.5000
1247.2000
1242.3000
1251.9000
1266.2000
1272.9000
1273.0000
1273.1000
1287.4000
1282.5000
1268.6000
1281.8000
1273.4000
1262.6000
1246.5000
1232.1000
1221.5000
1211.7000
1205.0000
1202.5000
1191.0000
1176.7000
1141.3000
1095.8000
1082.5000
1050.8000
1049.9000
1031.2000
998.4100
982.1900
977.4400
998.6400
998.5200
990.0900
991.7000
983.3000
976.1400
972.2900
991.0600
1000.2000
1016.0000
1024.5000
1012.7000
1007.2000
1020.2000
1028.8000
1044.9000
1045.2000
1047.5000
1034.0000
1016.2000
1036.3000
1049.2000
1043.7000
1052.8000
1057.1000
1045.4000
1024.4000
993.2400
1024.1000
1041.9000
1043.0000
997.9900
952.9900
927.1900
908.0800
907.9100
896.8200
888.0500
862.5800
831.3500
826.3500
816.7200
808.6000
822.0700
820.9400
809.6300
808.1100
803.2200
812.4400
808.8200
812.0300
806.6400
797.9500
790.0800
793.1000
821.4400
844.4100
847.0400
859.5100
861.3000
867.7100
877.3400
895.3200
924.4200
916.7000
905.6000
911.4700
886.4100
893.9700
904.9800
875.9400
895.2400
876.7500
862.3000
859.4600
850.9900
855.2300
876.1400
866.5800
832.8900
815.9300
806.4800
778.5300
792.3500
775.7000
751.4400
712.8000
694.3000
667.1900
654.1800
626.3000
639.7900
615.0600
598.4000
559.0000
552.0600
544.1200
546.4500
570.1500
577.2700
565.3200
555.8400
557.4300
561.4700
580.2000
577.9100
576.0600
575.9500
598.4500
615.7300
632.3500
655.4600
662.1700
689.6200
683.4100
666.4700
654.8200
648.8200
641.6700
643.6000
641.4600
636.9300
632.9800
628.6800
633.9300
627.4300
637.0600
606.4000
572.4300
