5.2306
5.4463
5.6903
5.8300
6.0985
6.2619
6.4101
6.5915
6.7998
6.9664
7.1076
7.0294
6.9390
6.8025
6.8089
6.8905
6.9268
6.6550
6.2180
5.5631
4.7079
4.3482
4.4966
4.4034
4.3073
4.3128
4.2978
4.2758
4.1624
4.1314
3.9764
3.7356
3.4906
3.3070
3.1965
3.3114
3.5399
3.7833
4.0873
4.4273
4.7924
5.3155
5.9556
6.7038
7.4350
7.9146
8.2077
8.5483
8.8690
9.1545
9.3961
9.6565
9.8058
9.8515
9.8764
9.9306
10.0244
10.0344
9.9701
9.7022
9.3913
9.1406
8.9956
8.8226
8.8610
8.5287
8.2758
7.9098
7.6715
7.3247
7.0707
7.0195
7.0634
7.0650
7.1158
7.0644
7.0134
7.1281
7.0970
7.1110
7.0568
6.9833
6.7019
6.4659
6.4141
6.8479
6.6739
6.4901
7.1666
7.6320
8.1222
7.9071
7.6883
7.4677
7.3362
7.4755
7.1802
7.1972
7.3481
7.2230
7.1977
7.0600
7.0550
6.8957
6.7791
6.7961
6.9097
6.9694
7.0289
7.1513
7.1013
6.9293
6.6987
6.5314
5.8212
5.0765
4.7768
4.5122
4.2327
4.1381
4.1616
4.0016
4.2478
4.7676
5.1913
5.5100
5.8357
5.9163
5.9814
6.0533
6.0646
6.3297
6.5947
6.5598
6.8816
7.3515
7.5156
7.9969
8.3438
8.4020
8.1390
7.9412
7.8435
7.6085
7.5387
7.2275
6.9915
6.8867
6.6611
6.7061
6.5555
6.6611
6.6205
6.9211
6.8569
6.6716
6.4227
6.1337
5.8019
5.9209
6.1071
6.2470
6.1837
6.1473
5.9831
5.8706
5.8814
5.8602
5.6985
5.7154
5.6337
5.5315
5.3826
5.3031
5.2333
5.1673
5.1298
5.0342
5.0302
4.9096
4.8267
4.7159
4.5853
4.4280
4.3226
4.2331
4.1340
4.0931
4.1456
4.2014
4.4057
4.5889
4.6927
4.8857
5.0982
5.3379
5.4731
5.5991
5.8188
6.0588
6.1842
5.8733
6.5693
6.6964
6.7010
6.6112
6.7121
7.3223
7.3792
7.5000
7.6229
8.0940
8.4051
8.6398
8.7555
8.8963
9.1750
9.3827
9.4843
9.3310
9.0304
8.8690
8.8484
8.9027
8.8034
8.4565
8.9044
9.5342
9.0656
9.1475
9.3164
8.9124
8.5616
8.3930
8.2149
8.3906
8.3294
8.3561
8.1641
8.3965
9.0162
9.2380
9.3978
9.1612
9.3571
9.9115
9.9778
9.7943
8.9972
8.5264
8.5038
8.3088
8.1998
8.1820
8.1876
8.1454
8.2472
8.0269
7.8652
8.2154
8.5677
8.6668
9.0480
9.0722
9.2493
9.5471
10.0690
10.1991
9.4486
9.1160
9.3860
9.3665
9.5569
9.9503
10.4223
11.2033
10.3655
9.9014
10.0427
10.3134
10.5185
10.5145
10.4428
10.2746
10.1937
9.9329
9.7020
10.0246
10.0964
10.2912
10.3987
10.5767
10.8398
10.8893
10.8805
10.7473
10.7093
10.8705
10.9557
11.0626
11.2145
11.3379
11.3353
11.3481
11.5999
12.0159
12.1046
12.1159
12.3974
12.6612
12.8053
12.6813
12.9156
13.2374
13.2743
13.3042
12.6827
12.1388
12.5909
11.8652
11.8353
11.5893
10.9997
10.9261
10.6275
9.6268
9.6463
9.6936
9.1275
8.9882
9.2858
8.4762
8.4682
8.3847
8.4759
8.3385
8.5455
8.3534
8.5559
8.2822
8.5185
8.4182
8.7734
8.5154
8.3803
8.0766
7.6546
7.6008
7.7411
7.6779
7.6228
7.3930
7.1641
7.2012
7.0436
6.9237
6.7376
6.5486
6.4007
6.1761
6.0864
6.0568
6.1322
6.1943
6.2272
6.1121
5.9725
5.9327
5.8965
5.7113
5.4308
5.3132
5.0844
4.9213
4.8177
5.1184
5.3802
