-8.5184
-8.5208
-8.5179
-8.4893
-8.4657
-8.4477
-8.4118
-8.3674
-8.3081
-8.2534
-8.2190
-8.2032
-8.2114
-8.2427
-8.2922
-8.3314
-8.3652
-8.5152
-8.7050
-8.8627
-8.7525
-8.4562
-8.0483
-7.6714
-7.2351
-6.7776
-6.3920
-5.9973
-5.6143
-5.2940
-5.0148
-4.7621
-4.5645
-4.4618
-4.5001
-4.6517
-4.8377
-5.0222
-5.1461
-5.1652
-5.1017
-5.0834
-5.1002
-5.1773
-5.3248
-5.5017
-5.6016
-5.7235
-5.7438
-5.8022
-5.8932
-5.9324
-5.9482
-6.0189
-6.1254
-6.1817
-6.1843
-6.1914
-6.2335
-6.2743
-6.3188
-6.2617
-6.1864
-6.1761
-6.1054
-6.1594
-6.2264
-6.3263
-6.4504
-6.6218
-6.8478
-7.0820
-7.3209
-7.5139
-7.6668
-7.7923
-7.8963
-7.9718
-8.0247
-8.0556
-8.0739
-8.1058
-8.1730
-8.2227
-8.2719
-8.3321
-8.3945
-8.4271
-8.3689
-8.3026
-8.1121
-8.0011
-7.9939
-8.1278
-8.2221
-8.1106
-8.1064
-8.0489
-7.9268
-7.8725
-7.8519
-7.8575
-7.8858
-7.9085
-7.9141
-7.9465
-7.9379
-7.8729
-7.9012
-7.9540
-7.9261
-7.9336
-7.9162
-7.8910
-7.9079
-7.8442
-7.7748
-7.6810
-7.5996
-7.4957
-7.4135
-7.3624
-7.3824
-7.4185
-7.4393
-7.4716
-7.4641
-7.4628
-7.4784
-7.4625
-7.4007
-7.3681
-7.3852
-7.3560
-7.4181
-7.4831
-7.4558
-7.3857
-7.4168
-7.4128
-7.3976
-7.3906
-7.4483
-7.4844
-7.5057
-7.4628
-7.4274
-7.4246
-7.4670
-7.4594
-7.4221
-7.4669
-7.5525
-7.6162
-7.6775
-7.7496
-7.7976
-7.8669
-7.9200
-7.9794
-8.0177
-8.0141
-8.0722
-8.0398
-8.0823
-8.0968
-8.1185
-8.1250
-8.1338
-8.1665
-8.1943
-8.2272
-8.2503
-8.2705
-8.2692
-8.2622
-8.2614
-8.2295
-8.2086
-8.2125
-8.2159
-8.2239
-8.2321
-8.2505
-8.2708
-8.2873
-8.3011
-8.3038
-8.2994
-8.2965
-8.2771
-8.2573
-8.2455
-8.2341
-8.2148
-8.1935
-8.1738
-8.1505
-8.1250
-8.1131
-8.1140
-8.1160
-8.1328
-8.2332
-8.2834
-8.2894
-8.3132
-8.3599
-8.4429
-8.5028
-8.5125
-8.5270
-8.5725
-8.6445
-8.7042
-8.7446
-8.7612
-8.7410
-8.7058
-8.6758
-8.7012
-8.8104
-8.9750
-9.0959
-9.1773
-9.2372
-9.3020
-9.3584
-9.3624
-9.3773
-9.3951
-9.4107
-9.4255
-9.4313
-9.4380
-9.4416
-9.4506
-9.4494
-9.4356
-9.4362
-9.4373
-9.4228
-9.4416
-9.4497
-9.4859
-9.4881
-9.4667
-9.4556
-9.4435
-9.4349
-9.4181
-9.3810
-9.3463
-9.3576
-9.3828
-9.3918
-9.3833
-9.3678
-9.3897
-9.4533
-9.5296
-9.5884
-9.6311
-9.6604
-9.6590
-9.6486
-9.6409
-9.6307
-9.6430
-9.6546
-9.6669
-9.6598
-9.6510
-9.6605
-9.6687
-9.6472
-9.6361
-9.6450
-9.6649
-9.7007
-9.7337
-9.7620
-9.7641
-9.7470
-9.7311
-9.7060
-9.6754
-9.6415
-9.6175
-9.6080
-9.6133
-9.6258
-9.6339
-9.6367
-9.6222
-9.5885
-9.5628
-9.5390
-9.5185
-9.4931
-9.4705
-9.4549
-9.4442
-9.4387
-9.4330
-9.4197
-9.4065
-9.3967
-9.4074
-9.4469
-9.4824
-9.5264
-9.5624
-9.5779
-9.5830
-9.5895
-9.6065
-9.6104
-9.6241
-9.6293
-9.5798
-9.5182
-9.4810
-9.4681
-9.4129
-9.3592
-9.3464
-9.3187
-9.2634
-9.2010
-9.1636
-9.0986
-9.0369
-8.9560
-8.8927
-8.8093
-8.7399
-8.6708
-8.6323
-8.6176
-8.6214
-8.6297
-8.6466
-8.6682
-8.6791
-8.6879
-8.6902
-8.7025
-8.7157
-8.7280
-8.7391
-8.7351
-8.6954
-8.6638
-8.6582
-8.6432
-8.6257
-8.6096
-8.5900
-8.5700
-8.5580
-8.5448
-8.5392
-8.5488
-8.5661
-8.5857
-8.6100
-8.6240
-8.6270
-8.6209
-8.5792
-8.5226
-8.4743
-8.4268
-8.3802
-8.3876
-8.4491
