-1.1378
-1.1501
-1.0584
-1.0656
-1.1381
-1.1537
-1.2124
-1.2635
-1.3734
-1.5332
-1.5859
-1.6424
-1.6558
-1.7031
-1.7635
-1.8280
-1.9019
-1.8817
-1.7840
-1.5691
-1.2633
-1.0846
-0.9431
-0.8829
-0.8554
-0.8500
-0.8289
-0.9102
-0.9968
-1.1097
-1.2464
-1.4305
-1.6410
-1.9673
-2.4576
-3.0068
-3.4067
-3.7331
-4.0825
-4.4249
-4.7901
-5.3150
-5.9551
-6.6956
-7.4137
-7.8813
-8.1632
-8.4976
-8.8058
-9.0580
-9.2654
-9.5051
-9.5981
-9.5756
-9.5238
-9.5091
-9.5157
-9.4015
-9.1639
-8.7890
-8.4189
-7.9912
-7.6074
-7.3152
-7.1429
-6.6943
-6.2469
-5.6287
-5.1118
-4.6443
-4.2721
-4.1711
-4.1769
-4.0599
-3.8823
-3.7356
-3.6553
-3.7432
-3.7096
-3.7132
-3.7426
-3.5641
-3.0482
-2.7336
-3.0068
-3.4593
-3.0796
-2.6860
-2.8770
-3.4549
-4.0672
-4.0894
-3.9891
-3.8217
-3.4643
-3.7149
-3.6374
-3.7141
-3.8084
-3.9638
-4.2577
-4.2585
-4.4744
-4.3679
-4.0632
-3.9434
-3.9359
-3.9822
-4.0798
-4.3396
-4.3942
-4.1805
-4.5030
-4.3697
-4.1948
-3.6698
-3.6258
-3.7333
-3.5186
-3.5503
-3.8008
-3.8433
-4.2024
-4.7664
-5.1725
-5.4607
-5.7699
-5.8132
-5.8894
-5.9724
-5.9888
-6.2063
-6.4095
-6.3416
-6.6544
-7.1266
-7.2467
-7.7317
-8.0348
-8.1064
-7.9220
-7.6783
-7.5536
-7.3494
-7.3841
-7.1266
-6.9565
-6.8740
-6.6601
-6.7003
-6.5554
-6.6440
-6.5986
-6.9165
-6.8465
-6.6418
-6.3986
-6.1337
-5.7963
-5.9018
-6.0697
-6.1735
-6.0209
-5.9766
-5.7407
-5.5758
-5.4137
-5.3708
-5.1204
-4.8624
-4.7743
-4.5411
-4.3651
-4.2582
-4.2971
-4.3027
-4.2578
-4.3459
-4.4899
-4.4147
-4.3559
-4.2967
-4.2679
-4.2488
-4.2296
-4.1780
-4.1129
-4.0930
-4.1306
-4.1059
-4.2067
-4.3011
-4.3462
-4.4897
-4.6819
-4.8837
-4.9963
-5.1158
-5.3468
-5.5904
-5.6563
-5.4366
-6.1835
-6.3148
-6.4195
-6.5687
-6.6962
-7.2697
-7.3032
-7.4231
-7.5408
-7.9554
-8.1945
-8.3439
-8.2992
-8.3265
-8.4202
-8.5692
-8.6950
-8.7070
-8.6290
-8.5661
-8.4912
-8.5603
-8.4599
-8.0545
-8.4684
-9.1052
-8.7661
-8.9522
-9.1508
-8.7705
-8.5340
-8.3878
-8.2146
-8.3906
-8.3224
-8.3205
-8.1353
-8.3651
-8.9852
-9.2070
-9.3868
-9.1611
-9.3568
-9.9108
-9.9661
-9.7622
-8.9580
-8.5170
-8.5031
-8.3073
-8.1991
-8.1782
-8.1786
-8.1341
-8.2179
-7.9642
-7.7719
-8.0695
-8.3982
-8.4418
-8.8435
-8.8623
-9.0433
-9.3927
-10.0476
-10.1989
-9.4249
-9.0678
-9.3467
-9.3214
-9.5155
-9.8951
-10.3856
-11.1957
-10.3287
-9.7800
-9.9032
-10.2144
-10.4213
-10.3983
-10.3409
-10.1913
-10.0659
-9.7599
-9.5410
-9.8635
-9.9551
-10.1848
-10.3175
-10.5285
-10.8141
-10.8632
-10.8543
-10.7064
-10.6776
-10.8421
-10.9190
-11.0262
-11.1883
-11.3183
-11.2999
-11.3033
-11.5673
-11.9840
-12.0552
-12.0519
-12.3272
-12.5580
-12.7191
-12.5750
-12.8342
-13.1683
-13.2145
-13.2837
-12.6815
-12.1387
-12.5908
-11.8641
-11.8306
-11.5689
-10.9630
-10.8711
-10.5787
-9.5278
-9.5089
-9.5933
-8.9532
-8.8049
-9.1991
-8.4497
-8.4402
-8.2815
-8.4288
-8.2729
-8.4886
-8.3336
-8.5471
-8.2724
-8.5161
-8.4172
-8.7733
-8.5153
-8.3798
-8.0662
-7.6211
-7.5224
-7.6492
-7.6077
-7.5198
-7.3314
-7.1074
-7.1517
-6.9986
-6.8514
-6.6057
-6.4411
-6.3213
-6.1140
-6.0192
-5.8646
-5.9414
-5.9994
-6.0617
-6.0211
-5.8972
-5.9008
-5.8813
-5.7046
-5.4307
-5.3131
-5.0832
-4.9213
-4.8161
-5.1165
-5.3601
