5.1054
5.3235
5.5910
5.7318
5.9914
6.1547
6.2944
6.4692
6.6596
6.7956
6.9284
6.8348
6.7385
6.5859
6.5766
6.6436
6.6606
6.3834
5.9566
5.3372
4.5353
4.2108
4.3966
4.3140
4.2215
4.2282
4.2171
4.1778
4.0413
3.9796
3.7759
3.4508
3.0808
2.6582
2.0439
1.3873
0.9620
0.6146
0.1983
-0.1438
-0.1481
-0.0713
0.0749
0.3307
0.5623
0.7246
0.8536
0.9293
1.0569
1.3258
1.5615
1.7038
2.0077
2.3151
2.6153
2.8623
3.1530
3.5071
3.9274
4.1092
4.1618
4.4376
4.8009
4.9322
5.2438
5.2845
5.4282
5.5572
5.7203
5.6640
5.6342
5.6458
5.6960
5.7821
5.9634
5.9960
5.9856
6.0662
6.0503
6.0645
5.9826
6.0053
5.9686
5.8596
5.6657
5.9099
5.9209
5.9083
6.5637
6.8052
7.0304
6.7675
6.5725
6.4157
6.4667
6.4871
6.1906
6.1649
6.2842
6.0382
5.8033
5.6311
5.4546
5.3359
5.4264
5.5351
5.6791
5.7197
5.7237
5.6842
5.5785
5.5261
4.9594
4.8544
4.0360
3.5076
3.1099
2.5343
2.3526
2.1257
1.6951
1.1142
0.6199
0.1085
-0.4416
-0.7354
-0.8740
-1.0994
-1.0449
-0.9862
-0.9558
-1.2438
-1.5519
-1.6779
-1.7537
-1.8047
-1.9924
-2.0426
-2.2497
-2.2090
-1.8669
-2.0264
-2.1127
-1.9684
-1.5193
-1.2039
-0.6979
-0.4189
-0.1192
-0.2795
-0.0391
0.4770
0.5388
0.2518
-0.3769
-0.6307
-0.5555
-0.0172
0.2544
0.4757
0.6741
0.9556
1.4095
1.4386
1.6857
1.8369
2.2986
2.3445
2.5010
3.0039
2.9907
3.1585
3.1493
3.1608
2.9871
2.8614
2.8612
2.5409
2.2680
2.1483
2.0793
1.9436
1.6762
1.2468
0.8917
0.6809
0.4170
0.0216
-0.3525
-0.8908
-1.3090
-1.5996
-1.7695
-1.9269
-2.0178
-2.1546
-2.2342
-2.2755
-2.2956
-2.3361
-2.5001
-2.2225
-2.2182
-2.2280
-1.9218
-0.7486
0.4615
0.8765
1.0565
1.0709
1.1157
1.4910
1.8695
2.2417
2.7896
3.1327
3.6443
3.8213
3.7879
3.3550
2.6624
2.2981
2.4886
2.4455
2.4353
2.5765
2.7522
2.8279
2.3111
1.8806
1.7487
1.5841
0.6875
0.2971
-0.0670
-0.0200
-0.3424
-0.7699
-0.6842
-0.7264
-0.7466
-0.7565
-0.4554
-0.0456
-0.0722
-0.1196
0.4834
0.7932
0.8395
0.3996
0.1136
0.1576
0.1041
-0.2490
-0.3836
-0.4289
-0.6938
-1.0014
-1.2081
-1.5416
-1.6963
-1.9619
-1.9132
-1.9402
-1.9414
-1.7101
-0.6557
0.0553
-0.6693
-0.9353
-0.8580
-0.9183
-0.8888
-1.0461
-0.8739
-0.4142
-0.8726
-1.5458
-1.6680
-1.4257
-1.4262
-1.5592
-1.4550
-1.3059
-1.6086
-1.8456
-1.7600
-1.7898
-1.6831
-1.4756
-1.2970
-1.0087
-0.7450
-0.7526
-0.7542
-0.9374
-0.8231
-0.7848
-0.8956
-0.8972
-0.7661
-0.6659
-0.8957
-1.0065
-0.8690
-0.8745
-1.0924
-1.2437
-1.3165
-1.6131
-1.4838
-1.6387
-1.4477
-1.3507
-1.2580
-0.7396
-0.1784
-0.0644
-0.0560
0.1577
0.3340
0.6882
0.8976
1.0947
1.0178
1.3771
1.6226
1.3911
1.7752
1.8056
1.2658
0.6701
0.6887
1.3118
0.8924
1.0441
0.9838
0.5748
0.3879
0.4026
0.2018
0.1322
-0.0206
-0.0483
0.0891
0.4104
0.7148
1.0893
1.1888
1.0359
1.2490
0.9522
0.8988
0.8428
0.7947
0.9980
1.3269
1.1816
1.0049
0.8735
0.9022
1.5139
1.5178
1.5415
1.4260
1.0508
0.9457
0.6143
0.4226
0.2766
0.0175
-0.0324
0.1093
-0.0006
0.1220
-0.1386
-0.4654
