2.4770
2.6360
2.6540
2.7440
2.8600
2.9510
3.0890
3.1990
3.2570
3.3930
3.4570
3.5120
3.5110
3.5310
3.5010
3.5300
3.5080
3.4730
3.4490
3.4570
3.5140
3.5510
3.5540
3.4160
2.9870
2.6630
2.5310
2.5870
2.5380
2.4290
2.3220
2.2120
2.0900
1.9500
1.8360
1.7640
1.7710
1.8810
2.0710
2.2440
2.3640
2.4290
2.4080
2.3330
2.2840
2.2660
2.2900
2.3320
2.3640
2.3920
2.4280
2.4630
2.4780
2.4840
2.4670
2.4470
2.4300
2.4490
2.5090
2.6130
2.6740
2.7590
2.9050
3.0410
3.0700
3.6260
4.2850
4.2200
4.3300
4.6120
4.8500
4.9550
4.9890
5.1910
5.5390
5.9280
6.3070
6.6830
6.8100
6.9140
7.0290
7.0890
7.0820
7.0340
6.9950
6.9920
7.0600
7.1580
7.2430
7.3030
7.3600
7.4470
7.5350
7.6100
7.6470
7.6950
7.7830
7.8580
7.8820
7.8370
7.7790
7.7510
7.7480
7.7490
7.6910
7.6170
7.5630
7.5180
7.4860
7.4530
7.4520
7.4590
7.4280
7.3110
7.0650
6.7630
6.5420
6.5030
6.2500
5.5600
5.1850
4.9700
5.1040
5.3410
5.2470
5.1710
5.3940
5.6870
5.8020
5.8750
5.9840
6.1370
6.2910
6.3840
6.4310
6.4480
6.4660
6.4710
6.4720
6.4490
6.4270
6.4030
6.3950
6.4060
6.4170
6.4130
6.3830
6.3220
6.2400
6.1570
6.0590
5.9230
5.7100
5.5640
5.4900
5.5250
5.6520
5.9370
5.8360
5.8420
5.9850
6.2530
6.5580
6.7940
6.9210
6.9970
7.0830
7.1470
7.2140
7.3470
7.4690
7.5340
7.6160
7.6870
7.7080
7.6820
7.6660
7.6780
7.7150
7.7620
7.8030
7.8510
7.8990
7.8920
7.7980
7.6750
7.6250
7.6250
7.6140
7.6240
7.6330
7.6510
7.6930
7.7470
7.7780
7.8110
7.8880
7.9310
7.9150
7.8650
7.8000
7.7330
7.6570
7.5860
7.5320
7.4960
7.4880
7.4510
7.3360
7.0970
6.7410
6.4040
6.3420
5.8000
5.3600
5.0640
4.9620
5.1720
5.2200
5.1570
5.0440
4.9610
5.0310
5.1490
5.1770
5.1710
5.1910
5.2650
5.3550
5.4470
5.5180
5.5720
5.6150
5.6320
5.6380
5.6920
5.8080
5.9320
6.0420
6.1480
6.2460
6.3420
6.4410
6.5270
6.6020
6.6700
6.7080
6.7840
6.9240
7.0330
7.0780
7.1700
7.2340
7.2510
7.3730
7.6190
8.1090
8.3110
8.5050
8.5710
8.6820
8.6710
8.7220
8.7990
8.8910
8.9680
8.9840
8.9940
9.0490
8.9990
8.9520
8.8700
8.7960
8.7970
8.8160
8.8580
8.8780
8.8690
8.8620
8.7870
8.7490
8.7010
8.6340
8.5280
8.4930
8.4060
8.3600
8.3120
8.2950
8.2920
8.2590
8.2120
8.0880
8.0720
8.0860
8.0850
8.2300
8.3260
8.3780
8.2550
8.1910
8.1360
8.1370
8.1390
7.9160
7.8850
8.1340
8.5850
8.1290
7.6370
7.6290
7.0880
7.4830
7.6870
7.6980
7.5430
7.6380
7.6190
7.8150
7.9010
7.8180
7.8780
7.5950
7.5190
7.4390
7.3490
7.2520
7.1010
7.0170
6.7440
6.6400
6.5740
6.5620
6.4720
6.4860
6.3940
6.3610
6.5800
6.6930
6.6200
6.4180
6.5310
6.7500
6.3380
5.9160
6.5560
5.9090
5.3240
5.1070
5.4610
6.0970
5.8680
6.0140
5.7620
5.9030
5.8120
5.5180
5.7310
5.1560
5.7470
5.3390
5.5820
5.9370
5.7380
5.5710
5.5520
5.6350
5.7410
6.1230
5.7880
6.0700
6.1030
6.2630
6.3650
6.4740
6.6560
6.4120
