1530.5000
1514.0000
1532.6000
1538.7000
1509.7000
1536.1000
1545.0000
1517.4000
1549.8000
1531.0000
1545.6000
1556.0000
1558.9000
1560.6000
1582.8000
1606.9000
1628.7000
1631.9000
1640.5000
1637.8000
1644.5000
1659.3000
1664.6000
1672.7000
1675.4000
1678.9000
1682.3000
1694.4000
1710.7000
1715.5000
1721.5000
1727.9000
1729.5000
1735.6000
1744.4000
1751.1000
1754.5000
1757.0000
1756.9000
1733.7000
1713.2000
1707.0000
1702.2000
1702.9000
1695.7000
1682.4000
1664.4000
1649.7000
1644.7000
1637.9000
1629.5000
1630.1000
1622.5000
1611.0000
1600.2000
1587.0000
1578.4000
1570.8000
1564.5000
1557.1000
1548.1000
1541.9000
1535.9000
1534.7000
1531.2000
1531.8000
1529.8000
1524.4000
1519.1000
1518.4000
1522.5000
1529.1000
1528.4000
1526.3000
1527.7000
1525.8000
1530.9000
1540.1000
1543.4000
1542.5000
1542.7000
1544.2000
1544.1000
1544.3000
1546.6000
1548.2000
1549.7000
1523.7000
1497.8000
1489.4000
1483.9000
1486.2000
1479.6000
1468.7000
1446.1000
1427.4000
1422.4000
1419.1000
1416.4000
1427.8000
1426.0000
1421.6000
1418.7000
1416.4000
1419.7000
1420.3000
1423.1000
1422.0000
1418.9000
1418.3000
1415.8000
1441.9000
1464.7000
1467.3000
1464.0000
1450.4000
1450.0000
1458.3000
1470.2000
1477.6000
1471.9000
1469.1000
1469.2000
1463.9000
1469.1000
1471.8000
1467.7000
1463.8000
1457.7000
1453.4000
1449.1000
1446.5000
1442.1000
1431.2000
1423.2000
1393.7000
1365.7000
1351.5000
1339.9000
1333.8000
1318.6000
1301.2000
1281.2000
1263.7000
1255.3000
1248.3000
1238.6000
1227.8000
1209.8000
1194.4000
1183.1000
1172.3000
1161.9000
1146.7000
1131.5000
1117.5000
1106.9000
1102.7000
1098.9000
1118.7000
1135.6000
1140.3000
1146.9000
1146.7000
1152.4000
1160.9000
1176.7000
1186.5000
1188.2000
1190.1000
1194.8000
1190.8000
1197.1000
1207.1000
1216.6000
1229.9000
1238.8000
1249.4000
1256.3000
1263.0000
1270.9000
1275.9000
1281.0000
1250.5000
1223.2000
1216.2000
1213.7000
1223.5000
1217.2000
1206.5000
1184.7000
1168.0000
1164.3000
1160.8000
1153.2000
1160.1000
1151.6000
1138.3000
1128.1000
1120.2000
1115.4000
1109.4000
1108.4000
1101.0000
1096.1000
1094.3000
1091.8000
1122.8000
1153.6000
1163.7000
1166.3000
1156.9000
1161.9000
1172.1000
1191.8000
1204.3000
1202.5000
1203.4000
1208.5000
1195.7000
1194.5000
1197.3000
1197.3000
1195.8000
1189.6000
1181.5000
1169.6000
1164.2000
1158.9000
1150.4000
1142.9000
1110.5000
1080.9000
1067.3000
1057.7000
1056.0000
1044.4000
1029.1000
1005.0000
984.9300
975.0300
961.8300
947.8100
935.6800
913.9000
895.7100
883.0700
873.2800
863.6900
852.2400
842.4600
833.4000
824.0400
820.7300
816.2600
837.7700
858.1900
859.0900
861.5300
849.9600
859.1100
871.6200
896.0600
908.9200
907.0600
910.8900
919.6500
902.8300
900.6100
902.5900
908.0800
906.0600
900.3500
891.5400
880.6900
873.4400
869.3700
868.9000
863.6200
832.4900
799.2600
787.0900
780.8200
786.1300
778.1000
769.5800
747.3100
725.4900
716.7400
703.6600
692.2100
705.2300
709.1400
700.8000
689.5100
679.6800
673.5800
665.6300
661.2300
665.2100
656.4000
665.1900
668.4800
680.2900
687.2300
674.4000
659.9400
652.4100
639.9900
653.6500
668.7600
707.1300
678.8400
678.9200
686.6600
686.9800
690.1700
679.3100
668.1400
665.4500
654.9000
636.0800
626.9700
610.9700
608.7000
601.4200
594.4100
562.7900
517.9300
491.4500
464.9200
459.9300
444.3400
418.1000
364.2400
336.5900
325.2800
291.1600
321.1800
304.1200
280.0100
267.6800
254.9300
271.3800
266.0600
279.7000
322.7200
290.9400
317.0700
314.6100
328.0000
357.3600
361.2000
355.6000
382.7300
398.1500
435.8900
454.5300
494.4000
484.6100
467.4400
471.8400
497.0700
483.8000
479.5600
477.7400
467.6400
472.3000
481.1600
478.2100
473.3900
465.4300
476.3100
484.0100
498.6000
483.6900
471.6200
