3.1306
3.3822
3.4114
3.5536
3.7374
3.8818
4.1021
4.2762
4.3678
4.5841
4.6854
4.7731
4.7705
4.8025
4.7559
4.8004
4.7661
4.7102
4.6730
4.6849
4.7753
4.8345
4.8393
4.6203
3.9398
3.4257
3.2161
3.3041
3.2268
3.0535
2.8848
2.7090
2.5160
2.2936
2.1124
1.9989
2.0095
2.1840
2.4859
2.7606
2.9515
3.0542
3.0207
2.9014
2.8241
2.7950
2.8343
2.9003
2.9517
2.9949
3.0533
3.1075
3.1322
3.1417
3.1149
3.0829
3.0563
3.0858
3.1817
3.3466
3.4430
3.5783
3.8102
4.0259
4.0707
4.9542
5.9997
5.8953
6.0701
6.5187
6.8960
7.0623
7.1159
7.4373
7.9898
8.6070
9.2074
9.8049
10.0052
10.1713
10.3541
10.4481
10.4380
10.3608
10.2998
10.2949
10.4025
10.5588
10.6936
10.7876
10.8783
11.0170
11.1558
11.2756
11.3344
11.4101
11.5493
11.6683
11.7071
11.6360
11.5438
11.4996
11.4942
11.4964
11.4037
11.2857
11.2002
11.1298
11.0790
11.0261
11.0242
11.0357
10.9861
10.8001
10.4110
9.9306
9.5800
9.5185
9.1176
8.0223
7.4268
7.0868
7.2989
7.6756
7.5256
7.4046
7.7597
8.2233
8.4056
8.5217
8.6948
8.9373
9.1819
9.3306
9.4042
9.4314
9.4595
9.4680
9.4693
9.4327
9.3979
9.3603
9.3467
9.3655
9.3827
9.3758
9.3279
9.2322
9.1016
8.9691
8.8143
8.5988
8.2608
8.0282
7.9118
7.9674
8.1682
8.6208
8.4596
8.4691
8.6960
9.1222
9.6053
9.9809
10.1823
10.3023
10.4395
10.5402
10.6473
10.8581
11.0510
11.1541
11.2852
11.3979
11.4303
11.3899
11.3634
11.3830
11.4412
11.5160
11.5815
11.6580
11.7342
11.7228
11.5732
11.3778
11.2996
11.2986
11.2817
11.2979
11.3120
11.3397
11.4064
11.4921
11.5423
11.5941
11.7162
11.7853
11.7590
11.6795
11.5761
11.4710
11.3493
11.2376
11.1519
11.0950
11.0819
11.0224
10.8407
10.4620
9.8961
9.3618
9.2625
8.4038
7.7051
7.2355
7.0729
7.4071
7.4828
7.3831
7.2037
7.0715
7.1822
7.3706
7.4148
7.4053
7.4363
7.5546
7.6969
7.8431
7.9552
8.0420
8.1100
8.1364
8.1466
8.2311
8.4164
8.6127
8.7871
8.9558
9.1117
9.2640
9.4211
9.5562
9.6763
9.7843
9.8439
9.9645
10.1865
10.3602
10.4308
10.5767
10.6782
10.7053
10.8985
11.2893
12.0675
12.3870
12.6955
12.8003
12.9765
12.9587
13.0403
13.1616
13.3086
13.4302
13.4553
13.4711
13.5594
13.4791
13.4040
13.2740
13.1580
13.1588
13.1891
13.2562
13.2879
13.2725
13.2624
13.1436
13.0825
13.0067
12.8995
12.7316
12.6771
12.5387
12.4653
12.3899
12.3621
12.3573
12.3052
12.2311
12.0341
12.0080
12.0310
12.0296
12.2585
12.4109
12.4945
12.2991
12.1973
12.1099
12.1117
12.1146
11.7604
11.7118
12.1075
12.8223
12.0988
11.3174
11.3051
10.4476
11.0736
11.3982
11.4144
11.1689
11.3197
11.2902
11.6000
11.7377
11.6052
11.7007
11.2510
11.1313
11.0039
10.8617
10.7065
10.4673
10.3342
9.9012
9.7363
9.6311
9.6131
9.4693
9.4922
9.3451
9.2938
9.6404
9.8206
9.7038
9.3837
9.5632
9.9099
9.2568
8.5868
9.6028
8.5762
7.6481
7.3040
7.8646
8.8752
8.5116
8.7426
8.3423
8.5672
8.4228
7.9555
8.2941
7.3806
8.3191
7.6716
8.0574
8.6203
8.3052
8.0406
8.0089
8.1418
8.3089
8.9154
8.3840
8.8322
8.8834
9.1378
9.2993
9.4726
9.7615
9.3747
