-11.6837
-11.6613
-11.6105
-11.5349
-11.4664
-11.4118
-11.3608
-11.3174
-11.2898
-11.2835
-11.2855
-11.2715
-11.2517
-11.2311
-11.2569
-11.3303
-11.4281
-11.4806
-11.4935
-11.4720
-11.4087
-11.3154
-11.2422
-11.3819
-11.6030
-11.3414
-10.8715
-10.2727
-9.7794
-9.2663
-8.8528
-8.4675
-8.1877
-8.0057
-7.8893
-7.8265
-7.8098
-7.8066
-7.7960
-7.7811
-7.7704
-7.7942
-7.8083
-7.8014
-7.7976
-7.7986
-7.8145
-7.8305
-7.8320
-7.8262
-7.8266
-7.8472
-7.8510
-7.8641
-7.8838
-7.8924
-7.9088
-7.9682
-7.9226
-7.7701
-7.6873
-7.7028
-7.8138
-7.7492
-7.5290
-7.8981
-7.5976
-7.2926
-7.4784
-7.6473
-7.8613
-7.8641
-7.9630
-8.1190
-8.4386
-8.7480
-9.1275
-9.6685
-9.6354
-9.2016
-9.2423
-9.3487
-9.4009
-9.4668
-9.5194
-9.5794
-9.6252
-9.5067
-9.4359
-9.4595
-9.4734
-9.4502
-9.4147
-9.4474
-9.5378
-9.6816
-9.8495
-10.0363
-10.3268
-10.6899
-10.9959
-11.2852
-11.5609
-11.8086
-12.1037
-12.3541
-12.5252
-12.6318
-12.7137
-12.7714
-12.7580
-12.7402
-12.7743
-12.8432
-12.9173
-12.8177
-12.4097
-11.9333
-11.8698
-11.6790
-11.3425
-10.8816
-10.3486
-9.8261
-9.4031
-8.9531
-8.4053
-7.9029
-7.5129
-7.1562
-6.8187
-6.5003
-6.2212
-5.9892
-5.7803
-5.5750
-5.3444
-5.1142
-4.9111
-4.7466
-4.6128
-4.4960
-4.3874
-4.2894
-4.2081
-4.1471
-4.1055
-4.0832
-4.0838
-4.1061
-4.1557
-4.2360
-4.3522
-4.5030
-4.6737
-4.8789
-5.1225
-5.4075
-5.8650
-6.3241
-6.7069
-7.1405
-7.4657
-7.7964
-8.1031
-8.5634
-8.8759
-9.1675
-9.3495
-9.6238
-9.9226
-10.1734
-10.3417
-10.5088
-10.6584
-10.8434
-11.0370
-11.1758
-11.2597
-11.3081
-11.3452
-11.3927
-11.4474
-11.5104
-11.6219
-11.7769
-11.8676
-11.9206
-11.9967
-12.1104
-12.1847
-12.2044
-12.2247
-12.1913
-12.1363
-12.0728
-11.9819
-11.8649
-11.7853
-11.8025
-11.8306
-11.8586
-11.8879
-11.9241
-11.9635
-11.9592
-11.9321
-11.9092
-11.9584
-12.0544
-12.0164
-11.7480
-11.6593
-11.5642
-11.2075
-10.8465
-10.4143
-9.8638
-9.3400
-8.8344
-8.3532
-7.8863
-7.3780
-6.8785
-6.4689
-6.1071
-5.7592
-5.3923
-5.0245
-4.6996
-4.4138
-4.1687
-3.9612
-3.7799
-3.6254
-3.4960
-3.3996
-3.3359
-3.3101
-3.3027
-3.3186
-3.3628
-3.4262
-3.5104
-3.6114
-3.7290
-3.8777
-4.0465
-4.2732
-4.5709
-4.9154
-5.2576
-5.5774
-5.9100
-6.2387
-6.5850
-6.8880
-7.1922
-7.4701
-7.7161
-7.9516
-8.1367
-8.2360
-8.3295
-8.4301
-8.5292
-8.6113
-8.6630
-8.7142
-8.7573
-8.8097
-8.8553
-8.8975
-8.9270
-8.9515
-8.9601
-8.9628
-8.9771
-8.9948
-9.0034
-8.9953
-8.9844
-8.9922
-9.0076
-9.0364
-9.1037
-9.1717
-9.2103
-9.2375
-9.2744
-9.3003
-9.3098
-9.3295
-9.3356
-9.3305
-9.3118
-9.2756
-9.2182
-9.1695
-9.1453
-9.1425
-9.1540
-9.1532
-9.0853
-8.9240
-8.6295
-8.2920
-8.1690
-7.9669
-7.7695
-7.4519
-7.4300
-7.2491
-6.5366
-6.2748
-6.0143
-5.4669
-5.0106
-4.5823
-4.1915
-3.7697
-3.4989
-3.2681
-2.8931
-2.6471
-2.4037
-2.1934
-2.0479
-1.8397
-1.6716
-1.4185
-1.1813
-0.9740
-0.7911
-0.5955
-0.4166
-0.2756
-0.1794
-0.1423
-0.1113
-0.0810
-0.0526
-0.0776
-0.1132
-0.1952
-0.4862
-1.0454
-1.6186
-2.0815
-2.1177
-2.5143
-2.6872
-2.8056
-3.0498
-3.1871
-3.3140
-3.6277
-3.9692
-4.2429
-4.4484
-4.6813
-4.6724
-5.1568
-5.4972
-5.7026
-5.7134
-5.6248
-5.3593
-5.4373
-5.5251
-5.5928
-5.4665
-5.3118
-5.2137
-5.0635
-5.1904
-4.9026
