2.1971
2.4019
2.5509
2.6507
2.7840
2.8792
3.0417
3.1563
3.1844
3.2561
3.3255
3.3814
3.4263
3.5387
3.6230
3.7875
3.8752
3.8668
3.8730
3.8909
3.9355
3.9364
3.8681
3.6459
3.1074
2.6647
2.4147
2.2758
2.1047
1.8177
1.5776
1.3158
1.0202
0.7025
0.3235
-0.1280
-0.6230
-1.1223
-1.5851
-1.9169
-2.1429
-2.3224
-2.4086
-2.4129
-2.4398
-2.4951
-2.5962
-2.6788
-2.7222
-2.7683
-2.8378
-2.9003
-2.9487
-2.9955
-3.0121
-3.0221
-3.0296
-3.0837
-3.1733
-3.3035
-3.3628
-3.4351
-3.5078
-3.5647
-3.5446
-4.0686
-4.4710
-4.0284
-3.7447
-3.6688
-3.6169
-3.3278
-3.0044
-2.7424
-2.6100
-2.5633
-2.3721
-1.8152
-1.4305
-1.3682
-1.2456
-0.9106
-0.5979
-0.3679
-0.1996
-0.0284
0.1525
0.2769
0.3250
0.3678
0.3949
0.3378
0.2449
0.2349
0.2371
0.1940
0.2198
0.4042
0.7202
1.0414
1.3194
1.5927
1.8370
2.0918
2.3786
2.5516
2.7024
2.8234
2.8951
2.9457
2.9756
2.9391
2.8142
2.5975
2.3080
2.0669
2.0017
1.9769
1.7883
1.5439
1.2958
1.1141
1.1317
1.2652
1.2192
1.1824
1.2803
1.3788
1.3581
1.3032
1.2989
1.3428
1.4121
1.4479
1.4224
1.3374
1.2394
1.1746
1.1345
1.0821
1.0676
1.0927
1.0773
1.0304
0.9624
0.8742
0.7745
0.6514
0.5049
0.3658
0.2426
0.1142
-0.0911
-0.3917
-0.7298
-1.0806
-1.4705
-1.9006
-2.0542
-2.2471
-2.3669
-2.5480
-2.6339
-2.6351
-2.6852
-2.8243
-2.8812
-2.8420
-2.8154
-2.8390
-2.8772
-2.8958
-2.7959
-2.7109
-2.6206
-2.5055
-2.3245
-2.0806
-1.8385
-1.6277
-1.4539
-1.3017
-1.1986
-1.1434
-1.0866
-1.0382
-1.0125
-1.0019
-0.9884
-0.8503
-0.6744
-0.5714
-0.5068
-0.4569
-0.4360
-0.5080
-0.6307
-0.7001
-0.6832
-0.6998
-0.7345
-0.7352
-0.6829
-0.6490
-0.6594
-0.7219
-0.7743
-0.8236
-0.8222
-0.8318
-0.7815
-0.6619
-0.7548
-0.8247
-0.8404
-0.8269
-0.8668
-0.9464
-1.0095
-0.9521
-0.9635
-1.0823
-1.1867
-1.2248
-1.2292
-1.2907
-1.4127
-1.5255
-1.5900
-1.5904
-1.6285
-1.7424
-1.9270
-2.1300
-2.3101
-2.4463
-2.5440
-2.6398
-2.7688
-2.8926
-3.0456
-3.2339
-3.4134
-3.6281
-3.8644
-4.0399
-4.1906
-4.4103
-4.6999
-4.9848
-5.1831
-5.2229
-5.3121
-5.4465
-5.4887
-5.8997
-5.9696
-5.9956
-6.0731
-6.1173
-6.0714
-5.6795
-5.4024
-5.4400
-5.5988
-5.6952
-5.6209
-5.5195
-5.4684
-5.4631
-5.2608
-5.1968
-5.1609
-5.2490
-5.2264
-5.1950
-5.1969
-5.1519
-5.0178
-4.8648
-4.8466
-4.6792
-4.3992
-4.2723
-4.2089
-3.8934
-3.7338
-3.7342
-3.8038
-4.0313
-4.0897
-3.8215
-3.4087
-3.2724
-3.2648
-3.2452
-3.3765
-3.4902
-3.4583
-3.0700
-2.8663
-2.5939
-2.1975
-1.9535
-1.4630
-1.1972
-1.2519
-1.3669
-1.1156
-0.4876
0.4469
0.8628
0.1377
0.8861
0.5093
0.9056
0.9097
1.3410
2.3025
2.6907
3.1149
3.2806
3.6153
3.4954
3.4522
3.0571
2.8922
2.5614
2.3869
1.9320
1.4990
1.3235
1.4558
1.5718
1.2558
1.3085
0.9664
0.6318
1.0061
0.5068
0.2906
0.7213
0.4910
-0.0523
-0.3575
0.2561
-0.3097
-0.1132
-0.4756
-2.1623
-2.1802
-1.7542
-1.7325
-1.1853
-0.4875
1.0160
0.5730
0.6683
-0.1732
-0.6963
-0.0326
0.3244
-0.2585
-0.0122
-0.0271
0.4911
1.4003
2.3007
3.0207
3.9272
4.8655
5.3904
6.2109
6.4775
7.0099
7.9452
8.3514
