-2.2301
-2.3813
-2.2651
-2.3668
-2.4935
-2.6035
-2.7524
-2.8850
-2.9895
-3.2267
-3.3005
-3.3688
-3.3194
-3.2467
-3.0811
-2.9493
-2.7745
-2.6896
-2.6148
-2.6096
-2.7047
-2.8067
-2.9079
-2.8381
-2.4220
-2.1529
-2.1243
-2.3953
-2.4460
-2.4535
-2.4152
-2.3680
-2.2999
-2.1833
-2.0875
-1.9948
-1.9105
-1.8736
-1.9149
-1.9865
-2.0296
-1.9836
-1.8230
-1.6113
-1.4224
-1.2596
-1.1371
-1.1118
-1.1412
-1.1428
-1.1268
-1.1159
-1.0564
-0.9472
-0.7939
-0.6092
-0.4035
-0.1145
0.2316
0.5353
0.7390
1.0023
1.4877
1.8709
2.0017
2.8267
4.0008
4.3042
4.7773
5.3883
5.8714
6.2291
6.4505
6.9132
7.5515
8.2164
8.8966
9.6354
9.9024
10.0789
10.2789
10.4083
10.4208
10.3543
10.2978
10.2948
10.4014
10.5552
10.6887
10.7813
10.8711
11.0118
11.1531
11.2731
11.3320
11.4084
11.5472
11.6613
11.6849
11.5893
11.4681
11.3887
11.3464
11.3045
11.1529
10.9934
10.8693
10.7657
10.6940
10.6254
10.6150
10.6371
10.6196
10.4831
10.1519
9.7132
9.3685
9.3110
8.9406
7.8724
7.3129
6.9986
7.2106
7.5706
7.4261
7.3096
7.6534
8.1069
8.2951
8.4214
8.5972
8.8358
9.0727
9.2176
9.2960
9.3361
9.3780
9.3949
9.4011
9.3704
9.3371
9.2963
9.2845
9.3087
9.3332
9.3350
9.2957
9.2092
9.0876
8.9616
8.8109
8.5980
8.2603
8.0186
7.8781
7.8938
8.0347
8.4087
8.2064
8.1656
8.3676
8.7592
9.2371
9.6268
9.8219
9.9076
10.0340
10.1498
10.2683
10.4804
10.6699
10.7717
10.9333
11.0708
11.1258
11.1109
11.1231
11.1912
11.2925
11.4004
11.4898
11.5851
11.6728
11.6669
11.5221
11.3303
11.2542
11.2541
11.2383
11.2658
11.2919
11.3253
11.3951
11.4830
11.5340
11.5830
11.6992
11.7645
11.7391
11.6585
11.5528
11.4474
11.3287
11.2188
11.1324
11.0714
11.0548
10.9916
10.8095
10.4289
9.8652
9.3384
9.2317
8.3633
7.6591
7.1881
7.0195
7.3464
7.4144
7.3215
7.1389
6.9882
7.0835
7.2681
7.3122
7.2919
7.3009
7.3990
7.5309
7.6802
7.7867
7.8509
7.8778
7.8527
7.8122
7.8592
8.0227
8.1981
8.3395
8.4758
8.5876
8.6812
8.7810
8.8407
8.8711
8.9113
8.9074
8.9354
9.0375
9.0821
9.0519
9.1971
9.2631
9.2163
9.4154
9.6250
10.4875
10.8393
11.1487
11.2440
11.4686
11.6478
11.8686
11.9848
12.0736
12.1629
12.2250
12.2884
12.4078
12.3224
12.3284
12.2144
12.1036
12.0665
12.1094
12.1958
12.2295
12.2318
12.2765
12.2102
12.1516
12.1358
12.1262
11.9933
11.9580
11.9189
11.8929
11.8137
11.7623
11.6812
11.6057
11.6188
11.5413
11.5535
11.5796
11.5836
11.7843
11.9101
12.0063
11.9098
11.8558
11.8288
11.9107
11.9560
11.6690
11.6504
12.0427
12.7492
12.0473
11.3069
11.2963
10.4120
11.0728
11.3637
11.4030
11.1322
11.2831
11.2102
11.3692
11.4251
11.1794
11.2313
10.6544
10.5683
10.4483
10.4226
10.3085
10.1491
10.0548
9.7109
9.6202
9.5397
9.5022
9.3379
9.4087
9.2530
9.2434
9.6197
9.7689
9.6905
9.3792
9.5359
9.8977
9.2566
8.5793
9.5994
8.5706
7.6473
7.2885
7.5615
8.6033
8.3289
8.5692
8.2577
8.5533
8.3613
7.9349
8.2671
7.3786
8.2899
7.6715
8.0509
8.6164
8.3052
8.0406
7.9939
8.0205
7.9840
8.3881
7.4073
7.3712
7.0610
6.7025
6.6722
6.3711
5.6710
4.2589
