3.5340
3.5540
3.4780
3.5630
3.7010
3.7990
3.8460
3.9580
4.0050
4.0320
4.0550
4.0920
4.0290
4.0220
4.0420
4.0980
4.1760
4.1930
4.2270
4.2690
4.4280
4.5550
4.6340
4.6940
4.7610
4.8410
4.8500
4.9070
4.9080
4.8900
4.9790
5.0260
5.0740
5.2070
5.2170
5.1930
5.4290
5.5630
5.5680
5.5800
5.5330
5.3680
5.3230
5.7490
5.7700
5.3980
5.8300
5.4870
5.3810
5.1570
5.1980
5.1880
4.8970
4.9880
5.6290
5.8740
6.0540
6.6330
6.8840
6.7540
6.3570
5.8380
5.8990
5.9180
6.0060
5.7930
5.4610
5.2720
5.1080
5.0230
5.0590
5.0910
5.1860
5.2310
5.3620
5.5040
5.5570
5.4750
5.3480
5.3220
5.3360
5.3760
5.3960
5.4330
5.5090
5.6090
5.7380
5.8670
5.9800
6.0470
6.0910
6.0540
5.9710
5.7470
5.5660
5.5920
5.8030
5.9430
5.8900
5.7440
5.6460
5.4670
5.3140
5.1720
5.2970
5.3580
5.2800
5.2070
5.1790
5.2310
5.3470
5.3810
5.4140
5.6030
5.5320
5.4840
5.3610
5.3300
5.2690
5.1770
5.2160
5.3030
5.4490
5.6160
5.8180
6.0650
6.1450
6.4440
6.6380
6.7800
6.8440
6.7540
6.6140
6.6060
6.3770
6.3500
6.3780
6.2490
6.4860
6.6230
6.7780
6.6700
6.7870
7.0920
7.0480
6.9320
6.7380
6.9530
7.1660
7.5220
7.5460
7.5910
7.6290
7.3240
7.1090
7.1240
7.1640
6.9770
6.9620
7.0770
7.1380
7.0790
7.1110
7.2610
7.3380
7.2040
7.2700
7.2480
7.0220
7.0630
7.1920
7.2570
7.4700
7.5660
7.6950
7.7750
7.7050
7.6700
7.5460
7.3200
7.1360
7.1020
7.1860
7.2710
7.3950
7.5730
7.6870
7.6350
7.5530
7.4790
7.3830
7.3050
7.2360
7.1810
7.1350
6.8980
6.6860
6.5250
6.4580
6.3990
6.3620
6.3540
6.3630
6.2840
6.1880
6.1780
6.1820
6.1010
6.0950
6.0530
6.0900
6.2140
6.2630
6.2750
6.1870
6.0550
5.9620
5.9490
5.8240
5.7800
5.8740
6.0060
5.8930
5.8010
5.7200
5.6510
5.5920
5.8720
6.1730
6.0860
5.9470
5.7710
5.5550
5.3120
5.1790
5.1260
5.1310
5.2070
5.3150
5.3350
5.2850
5.2230
5.1450
5.0840
4.9960
4.9570
4.9560
4.9980
4.9810
4.9640
4.9670
4.9390
4.8710
4.7500
4.6420
4.6060
4.5710
4.5200
4.4950
4.5280
4.5130
4.4780
4.4590
4.4700
4.4580
4.3960
4.3780
4.3800
4.3360
4.3090
4.2840
4.2230
4.1460
4.1030
4.0850
4.0710
4.0820
4.0980
4.0810
4.0980
4.1120
4.1160
4.0970
4.0910
4.1160
4.1050
4.0670
4.0290
3.9980
3.9430
3.8640
3.7790
3.6910
3.6260
3.5870
3.5460
3.4680
3.3760
3.2910
3.2530
3.2810
3.3390
3.3970
3.4380
3.4820
3.5030
3.4710
3.4640
3.3940
3.3380
3.2810
3.1700
3.1160
3.0970
3.0470
3.0240
3.0160
3.0360
3.0590
3.0950
3.1330
3.2120
3.3140
3.4160
3.4780
3.5030
3.5250
3.6160
3.7320
3.8510
3.9360
4.0090
4.1030
4.2390
4.4020
4.5820
4.7470
4.8390
4.8610
4.8560
4.8450
4.8330
4.8080
4.7660
4.7300
4.7160
4.6990
4.6880
4.6710
4.6600
4.6340
4.5930
4.5680
4.5060
4.5310
4.5400
4.5630
4.5450
4.5480
4.5230
4.5280
4.5100
4.4950
4.4290
4.3550
4.3210
4.3450
4.3210
4.3110
4.3090
4.2930
4.3020
4.2220
4.2140
4.1770
4.1690
4.1270
