889.5800
903.9700
855.4700
873.9900
895.0400
897.7800
925.4600
903.4900
926.7200
921.8400
937.1600
938.2200
951.7700
947.5400
955.8500
962.5800
987.3000
985.7800
989.5000
977.1400
976.1300
982.1600
989.7900
995.0300
995.7300
1001.2000
1016.1000
1021.1000
1033.1000
1047.7000
1054.8000
1065.6000
1071.0000
1071.9000
1079.5000
1096.7000
1085.0000
1075.4000
1076.4000
1065.3000
1059.0000
1070.9000
1071.9000
1043.2000
1038.4000
1052.4000
1008.7000
1018.9000
1029.4000
1052.6000
1055.8000
1067.2000
1085.8000
1093.8000
1050.5000
1040.0000
1034.8000
993.7500
971.2800
977.9700
990.8400
1021.6000
1011.8000
1011.5000
1013.5000
1015.5000
1028.4000
1047.1000
1053.6000
1068.0000
1073.5000
1078.5000
1076.6000
1082.1000
1083.0000
1081.8000
1077.7000
1087.3000
1096.9000
1097.7000
1098.6000
1100.8000
1104.6000
1095.6000
1102.0000
1095.4000
1086.1000
1047.5000
1011.1000
995.3900
988.1300
995.2500
996.5500
995.1900
981.8400
968.0300
958.7800
956.5300
957.2100
977.4300
979.8500
986.3300
995.0800
1002.1000
991.9900
985.3000
991.0300
988.9900
976.6100
969.9000
956.5500
977.9600
987.1600
975.4300
968.3200
954.7800
955.5500
961.0300
978.0100
985.1900
974.2500
961.8200
952.2900
927.8900
920.3700
911.7400
908.2800
888.9500
880.9600
873.3900
866.2900
867.3500
865.6900
857.7700
877.7800
848.5600
841.8600
837.0700
817.5300
813.1400
803.8500
797.5800
770.0400
756.2900
764.8700
755.8300
759.9100
745.0600
724.2800
697.5000
682.0000
676.3700
658.9100
674.8200
685.0300
673.5200
677.5500
676.1200
677.3500
684.2100
683.7100
684.2900
688.5600
683.2300
681.5500
687.5400
682.7000
675.5700
692.1300
701.2000
695.8600
686.1900
675.8500
678.8000
677.9200
675.3400
676.8400
675.9800
670.0900
670.3700
669.0400
664.9200
672.7300
630.3500
584.6600
563.6000
551.0600
553.4200
538.9900
519.6200
488.8900
468.6300
465.6600
460.6900
451.1000
471.9700
477.6100
472.4700
465.7000
463.9900
465.9100
470.0200
477.9500
479.1800
479.5800
482.5400
485.9100
517.2800
551.6400
563.1000
572.1900
574.3300
587.7800
609.4100
633.7600
656.4800
665.8400
677.6200
691.6900
697.8500
711.4700
726.8600
741.2800
753.4500
765.1300
779.7300
789.2600
806.3000
824.9100
838.5800
849.7700
837.8700
828.7000
830.8700
838.1200
851.7400
854.8200
853.3000
845.2900
838.7300
840.2700
843.9600
846.6700
852.5800
854.2700
857.4800
862.1100
868.3300
872.8700
873.2600
875.1400
875.6900
877.8200
881.4000
883.9300
913.5500
936.8600
945.2200
953.5400
954.3400
966.3400
981.2100
1009.0000
1028.2000
1044.5000
1057.4000
1072.6000
1070.6000
1082.5000
1092.6000
1102.9000
1114.6000
1125.9000
1134.1000
1137.9000
1150.4000
1164.2000
1172.9000
1182.8000
1153.3000
1127.6000
1122.8000
1123.8000
1138.0000
1138.0000
1131.5000
1114.1000
1108.4000
1113.4000
1120.9000
1128.7000
1154.0000
1165.0000
1170.1000
1176.9000
1183.0000
1192.4000
1202.8000
1216.1000
1219.3000
1223.0000
1229.7000
1236.6000
1267.8000
1299.6000
1313.0000
1317.5000
1314.7000
1324.7000
1341.2000
1366.3000
1386.1000
1392.5000
1398.7000
1405.3000
1395.6000
1398.1000
1402.7000
1407.5000
1411.7000
1412.8000
1410.6000
1405.4000
1403.7000
1406.5000
1408.3000
1415.3000
1400.1000
1384.2000
1378.3000
1375.8000
1379.9000
1374.5000
1362.6000
1344.6000
1332.3000
1325.4000
1320.0000
1315.2000
1324.8000
1321.6000
1319.2000
1319.9000
1317.7000
1318.1000
1317.8000
1319.2000
1316.7000
1310.2000
1307.4000
1305.4000
1323.8000
1335.0000
1344.3000
1344.5000
1348.4000
1352.7000
1366.3000
1376.1000
1390.4000
1398.0000
1410.6000
1418.0000
1411.4000
1417.2000
1423.1000
1425.8000
1433.0000
1436.4000
1438.0000
1436.6000
1433.2000
1442.2000
1440.6000
1443.9000
1406.6000
1379.6000
