4.8081
4.8390
4.7187
4.8540
5.0728
5.2280
5.3031
5.4803
5.5552
5.5977
5.6337
5.6936
5.5931
5.5826
5.6141
5.7029
5.8263
5.8534
5.9077
5.9742
6.2264
6.4269
6.5536
6.6479
6.7548
6.8813
6.8961
6.9857
6.9875
6.9589
7.0999
7.1743
7.2506
7.4625
7.4781
7.4402
7.8142
8.0276
8.0345
8.0543
7.9792
7.7175
7.6461
8.3219
8.3551
7.7658
8.4505
7.9064
7.7377
7.3827
7.4485
7.4314
6.9710
7.1150
8.1316
8.5208
8.8057
9.7244
10.1227
9.9173
9.2866
8.4632
8.5597
8.5910
8.7299
8.3922
7.8654
7.5652
7.3056
7.1706
7.2274
7.2778
7.4291
7.4998
7.7088
7.9333
8.0184
7.8876
7.6856
7.6453
7.6665
7.7302
7.7615
7.8215
7.9415
8.1001
8.3053
8.5098
8.6882
8.7944
8.8646
8.8060
8.6738
8.3188
8.0324
8.0728
8.4072
8.6308
8.5458
8.3139
8.1588
7.8746
7.6314
7.4072
7.6045
7.7014
7.5780
7.4627
7.4177
7.5005
7.6837
7.7388
7.7912
8.0912
7.9784
7.9022
7.7068
7.6577
7.5602
7.4149
7.4760
7.6143
7.8469
8.1111
8.4311
8.8238
8.9514
9.4245
9.7332
9.9581
10.0595
9.9170
9.6947
9.6826
9.3182
9.2754
9.3203
9.1152
9.4912
9.7090
9.9546
9.7832
9.9695
10.4526
10.3840
10.1998
9.8912
10.2335
10.5710
11.1351
11.1731
11.2448
11.3048
10.8222
10.4808
10.5036
10.5674
10.2705
10.2469
10.4293
10.5267
10.4323
10.4832
10.7216
10.8436
10.6317
10.7353
10.7011
10.3428
10.4080
10.6118
10.7154
11.0531
11.2047
11.4106
11.5366
11.4255
11.3705
11.1744
10.8150
10.5236
10.4689
10.6031
10.7368
10.9346
11.2165
11.3981
11.3150
11.1850
11.0672
10.9155
10.7907
10.6820
10.5945
10.5220
10.1454
9.8088
9.5536
9.4480
9.3539
9.2953
9.2829
9.2972
9.1706
9.0188
9.0032
9.0087
8.8809
8.8708
8.8051
8.8631
9.0597
9.1386
9.1569
9.0175
8.8073
8.6606
8.6402
8.4418
8.3719
8.5199
8.7294
8.5512
8.4051
8.2766
8.1667
8.0731
8.5173
8.9951
8.8568
8.6370
8.3567
8.0141
7.6289
7.4181
7.3339
7.3417
7.4623
7.6342
7.6658
7.5854
7.4870
7.3636
7.2677
7.1272
7.0653
7.0640
7.1310
7.1031
7.0769
7.0821
7.0368
6.9293
6.7363
6.5660
6.5088
6.4523
6.3716
6.3328
6.3844
6.3606
6.3056
6.2750
6.2934
6.2745
6.1748
6.1464
6.1494
6.0806
6.0380
5.9972
5.9009
5.7784
5.7107
5.6822
5.6601
5.6771
5.7017
5.6760
5.7030
5.7254
5.7312
5.7002
5.6906
5.7315
5.7137
5.6531
5.5927
5.5444
5.4573
5.3311
5.1960
5.0565
4.9531
4.8921
4.8270
4.7024
4.5569
4.4221
4.3614
4.4056
4.4983
4.5899
4.6554
4.7247
4.7576
4.7081
4.6960
4.5853
4.4962
4.4063
4.2303
4.1435
4.1148
4.0350
3.9981
3.9859
4.0172
4.0544
4.1112
4.1715
4.2970
4.4581
4.6202
4.7179
4.7579
4.7934
4.9369
5.1222
5.3106
5.4461
5.5616
5.7099
5.9263
6.1842
6.4700
6.7316
6.8790
6.9134
6.9057
6.8882
6.8683
6.8286
6.7626
6.7053
6.6836
6.6560
6.6389
6.6123
6.5940
6.5531
6.4879
6.4479
6.3491
6.3900
6.4040
6.4398
6.4122
6.4163
6.3774
6.3850
6.3557
6.3326
6.2275
6.1104
6.0564
6.0943
6.0569
6.0407
6.0367
6.0118
6.0263
5.8999
5.8869
5.8271
5.8146
5.7483
