-8.9680
-8.9603
-8.9199
-8.7804
-8.6088
-8.4969
-8.4463
-8.4257
-8.4181
-8.4205
-8.4297
-8.4408
-8.4539
-8.4657
-8.4737
-8.4777
-8.4783
-8.4793
-8.4781
-8.4438
-8.4133
-8.3721
-8.3217
-8.2756
-8.2238
-8.1686
-8.1115
-8.0545
-8.0018
-7.9597
-7.9055
-7.8377
-7.7526
-7.6748
-7.6024
-7.5477
-7.5119
-7.4879
-7.4603
-7.4345
-7.4079
-7.3779
-7.3482
-7.3351
-7.2944
-7.2509
-7.2451
-7.2315
-7.2315
-7.2292
-7.2439
-7.2890
-7.3223
-7.2949
-7.3350
-7.4018
-7.4782
-7.5109
-7.5131
-7.5458
-7.6237
-7.7475
-7.8531
-7.9685
-8.0047
-8.0604
-8.1122
-8.1226
-8.1506
-8.1976
-8.2510
-8.2782
-8.2870
-8.2830
-8.2734
-8.2658
-8.2676
-8.2766
-8.2919
-8.3049
-8.3359
-8.3607
-8.3915
-8.4365
-8.4718
-8.4827
-8.4633
-8.4330
-8.3986
-8.3632
-8.3244
-8.2955
-8.2852
-8.2788
-8.2927
-8.3004
-8.2981
-8.3104
-8.3253
-8.3330
-8.3475
-8.3540
-8.3466
-8.3524
-8.3815
-8.4127
-8.4574
-8.5198
-8.5832
-8.6441
-8.6601
-8.6837
-8.7251
-8.7221
-8.6366
-8.5729
-8.4862
-8.3981
-8.2929
-8.1515
-7.9998
-7.8780
-7.7887
-7.7163
-7.6633
-7.6514
-7.6056
-7.5881
-7.5815
-7.5562
-7.5194
-7.4745
-7.4160
-7.3577
-7.2857
-7.2065
-7.2117
-7.1937
-7.2457
-7.3771
-7.4001
-7.5279
-7.7814
-8.1175
-8.6005
-8.9232
-9.1504
-9.2340
-9.2486
-9.2636
-9.3023
-9.2830
-9.2356
-9.2139
-9.2406
-9.3093
-9.3402
-9.3267
-9.2967
-9.2457
-9.1766
-9.1063
-9.0807
-9.0493
-9.0665
-9.0848
-9.0710
-9.0335
-9.0060
-8.9606
-8.8958
-8.8343
-8.7725
-8.7337
-8.7154
-8.7017
-8.6822
-8.6646
-8.6478
-8.6293
-8.6169
-8.6232
-8.6321
-8.6016
-8.5623
-8.5362
-8.5242
-8.5177
-8.4961
-8.4587
-8.4175
-8.3562
-8.2812
-8.2206
-8.1538
-8.1143
-8.0876
-8.0754
-8.0661
-8.0574
-8.0417
-8.0222
-8.0090
-8.0056
-8.0050
-7.9991
-7.9832
-7.9613
-7.9423
-7.8746
-7.8593
-7.8301
-7.8250
-7.8327
-7.8486
-7.8501
-7.8512
-7.8673
-7.8558
-7.8487
-7.8447
-7.8638
-7.8809
-7.9203
-7.9808
-8.0297
-8.0269
-8.0692
-8.2207
-8.3151
-8.3492
-8.3313
-8.2931
-8.2497
-8.2328
-8.2313
-8.2364
-8.2586
-8.2979
-8.3238
-8.3148
-8.3049
-8.2932
-8.2786
-8.2630
-8.2544
-8.2496
-8.2531
-8.2720
-8.3220
-8.3976
-8.4570
-8.4909
-8.5188
-8.5463
-8.5718
-8.6069
-8.6568
-8.6985
-8.7211
-8.7354
-8.7301
-8.7467
-8.7919
-8.8182
-8.8082
-8.7821
-8.7618
-8.7544
-8.7564
-8.7706
-8.7954
-8.8263
-8.8548
-8.8824
-8.9078
-8.9399
-8.9734
-8.9953
-9.0077
-9.0151
-9.0263
-9.0386
-9.0480
-9.0583
-9.0681
-9.0797
-9.0918
-9.1034
-9.1134
-9.1165
-9.1116
-9.1021
-9.0892
-9.0766
-9.0720
-9.0738
-9.0819
-9.0932
-9.1037
-9.1163
-9.1336
-9.1517
-9.1720
-9.1953
-9.2226
-9.2373
-9.2149
-9.1773
-9.1274
-9.0675
-9.0122
-8.9535
-8.8982
-8.8358
-8.7708
-8.7029
-8.6408
-8.5865
-8.5347
-8.4774
-8.4146
-8.3440
-8.2669
-8.1831
-8.0952
-8.0058
-7.9357
-7.8857
-7.8491
-7.8226
-7.7874
-7.7462
-7.7260
-7.7112
-7.7046
-7.7300
-7.7336
-7.7245
-7.7405
-7.7881
-7.8639
-7.9428
-8.0338
-8.1312
-8.2299
-8.3276
-8.4194
-8.4948
-8.5415
-8.5538
-8.5542
-8.5688
-8.6060
-8.6430
-8.6768
-8.7076
-8.7321
-8.7463
-8.7493
-8.7432
-8.7349
-8.7377
-8.7453
-8.7502
-8.7594
-8.7674
-8.7675
-8.7595
-8.7479
-8.7357
-8.7236
-8.7125
-8.7022
-8.6937
-8.6884
-8.6854
