-2.8096
-2.9677
-2.9119
-3.1299
-3.3991
-3.7088
-3.9545
-4.1910
-4.4125
-4.5805
-4.7570
-4.8883
-4.9286
-5.0304
-5.1388
-5.3258
-5.5285
-5.6019
-5.7211
-5.8388
-6.1437
-6.3784
-6.5409
-6.6450
-6.7548
-6.8785
-6.8827
-6.9619
-6.9644
-6.9315
-7.0622
-7.1228
-7.1909
-7.4031
-7.4159
-7.3897
-7.7654
-7.9778
-7.9937
-8.0199
-7.9424
-7.6768
-7.5900
-8.2699
-8.3037
-7.6945
-8.3863
-7.8080
-7.5783
-7.2657
-7.3634
-7.3060
-6.8380
-6.7499
-8.0607
-8.3308
-8.5540
-9.3993
-9.9004
-9.7398
-9.0800
-8.1667
-8.2415
-8.0928
-8.2051
-7.8889
-7.3480
-7.0606
-6.9798
-6.8436
-6.8939
-7.0446
-7.2320
-7.2734
-7.4949
-7.6688
-7.7117
-7.4653
-7.1321
-7.0484
-7.0144
-7.0206
-7.0373
-7.1049
-7.1577
-7.4497
-7.8312
-8.0961
-8.2812
-8.4580
-8.6390
-8.6258
-8.4814
-8.0650
-7.6941
-7.7259
-8.0933
-8.2618
-8.1427
-7.9051
-7.6738
-7.2766
-7.0334
-6.7247
-6.8318
-6.9210
-6.6708
-6.4485
-6.3552
-6.3269
-6.7070
-6.5762
-6.5308
-7.0376
-7.0877
-7.0757
-6.8404
-6.6775
-6.5209
-6.4813
-6.6541
-6.9264
-7.2503
-7.6568
-8.0748
-8.5072
-8.5969
-9.1117
-9.4196
-9.6348
-9.7136
-9.5724
-9.3810
-9.3757
-8.9004
-8.8602
-8.7707
-8.4790
-8.8546
-9.0783
-9.0861
-8.9617
-9.3172
-9.7136
-9.4179
-9.4565
-9.2993
-9.7128
-10.2063
-10.8906
-11.0100
-11.1187
-11.2160
-10.6806
-10.2976
-10.3764
-10.4926
-10.2430
-10.2390
-10.4285
-10.4901
-10.3204
-10.3167
-10.5721
-10.6441
-10.3304
-10.3922
-10.3218
-9.9546
-9.9916
-10.1347
-10.1923
-10.4905
-10.6597
-10.8125
-10.8430
-10.7149
-10.6132
-10.3527
-9.8524
-9.2554
-9.0337
-9.2151
-9.2326
-9.1759
-9.1825
-9.1505
-8.8689
-8.5392
-8.3255
-8.1658
-8.2863
-8.5293
-8.6363
-8.6736
-8.2896
-7.8906
-7.5846
-7.4659
-7.3152
-7.2554
-7.2455
-7.1665
-6.9107
-6.6882
-6.5859
-6.4579
-6.2582
-6.1980
-6.2223
-6.1377
-6.3358
-6.3586
-6.4387
-6.3649
-6.1632
-5.8540
-5.6575
-5.3566
-5.1851
-5.3507
-5.8132
-6.1066
-6.3217
-6.4681
-6.5612
-6.4394
-6.7290
-7.3702
-7.5184
-7.5051
-7.2800
-6.9796
-6.6302
-6.4080
-6.3017
-6.2300
-6.2130
-6.3139
-6.3760
-6.3388
-6.2922
-6.2457
-6.2179
-6.0656
-5.8909
-5.7463
-5.6247
-5.3710
-5.0214
-4.7200
-4.5705
-4.5177
-4.4347
-4.3705
-4.3853
-4.3497
-4.4150
-4.4797
-4.7183
-4.8703
-4.9713
-5.0210
-5.0911
-5.1046
-5.0898
-5.1640
-5.2717
-5.2337
-5.2613
-5.2537
-5.1332
-4.9284
-4.8114
-4.7650
-4.7040
-4.6597
-4.6285
-4.5600
-4.5919
-4.6289
-4.6728
-4.7035
-4.6950
-4.7766
-4.7533
-4.7240
-4.6509
-4.5800
-4.4681
-4.3047
-4.1502
-3.9779
-3.8310
-3.7071
-3.5932
-3.4972
-3.3535
-3.2758
-3.2743
-3.3155
-3.3938
-3.4669
-3.5893
-3.6651
-3.6986
-3.7588
-3.8432
-3.8168
-3.8041
-3.7883
-3.6876
-3.6450
-3.6819
-3.6369
-3.6342
-3.6239
-3.6726
-3.7050
-3.7530
-3.7860
-3.9187
-4.0706
-4.2269
-4.3043
-4.3123
-4.2827
-4.3022
-4.3507
-4.4226
-4.4445
-4.4214
-4.4274
-4.5132
-4.6856
-4.8708
-5.0656
-5.1792
-5.1992
-5.1905
-5.2278
-5.2260
-5.1455
-5.0638
-5.0201
-5.0287
-5.0556
-5.0935
-5.1984
-5.3273
-5.4389
-5.5022
-5.5757
-5.5736
-5.7552
-5.8548
-5.9821
-6.0182
-6.0991
-6.0961
-6.1537
-6.1727
-6.1973
-6.1240
-6.0184
-5.9736
-6.0329
-6.0137
-6.0178
-6.0300
-6.0113
-6.0229
-5.8893
-5.8568
-5.7825
-5.7535
-5.6777
