-3.9018
-3.8222
-3.7130
-3.7101
-3.7655
-3.6847
-3.5334
-3.5311
-3.3749
-3.2176
-3.0182
-2.9191
-2.6442
-2.4210
-2.2608
-2.0394
-1.8388
-1.6971
-1.4728
-1.2648
-1.0111
-0.7883
-0.4080
-0.1945
-0.0017
0.1962
0.4286
0.5763
0.5678
0.6173
0.7305
0.8578
0.9285
0.9398
0.9623
0.8653
0.8717
0.8928
0.8086
0.7434
0.7658
0.7922
0.9239
0.9290
0.9257
1.0498
1.0397
1.2433
1.5626
1.3096
1.1226
1.3595
1.3551
2.2496
1.0713
1.7896
2.0903
2.4935
2.1097
1.8680
1.9479
2.2204
2.3119
2.8831
2.9810
2.8626
2.8057
2.7168
2.1575
2.1407
2.1701
1.8273
1.7001
1.8288
1.8035
2.0313
2.1965
2.5464
2.8639
2.9615
3.0943
3.2354
3.2736
3.2707
3.4401
3.1801
2.7659
2.6213
2.6281
2.4092
1.9869
1.7722
1.8171
2.0392
2.3063
2.3409
2.2761
2.4970
2.5938
2.5751
2.7709
3.0100
2.9615
3.1055
3.3400
3.3780
3.5952
3.7562
3.8253
4.0283
3.7491
4.0795
4.2487
3.9925
3.6632
3.5184
3.5501
3.7485
3.8255
3.6018
3.4078
3.1629
3.0013
2.6764
2.4253
2.3426
2.4944
2.4077
2.4506
2.5170
2.6153
2.5915
2.4464
2.4185
2.7590
2.7442
3.1532
3.3457
3.4173
3.4422
4.0666
3.9241
3.5470
3.8604
4.3737
3.8225
3.3704
3.2228
2.7526
2.3203
1.9021
1.6796
1.4146
1.7451
1.9509
1.6293
1.2551
0.7515
0.4033
-0.1243
-0.8776
-1.5239
-1.8612
-1.7844
-2.0702
-2.5132
-2.6922
-2.8239
-2.8069
-2.9145
-3.1461
-3.3071
-3.4813
-3.4520
-3.6460
-3.9398
-3.9666
-4.0801
-4.2057
-4.4604
-5.0083
-5.2906
-5.2449
-5.4808
-5.9470
-6.4414
-6.7960
-7.0265
-7.2239
-7.2917
-7.2434
-6.9120
-6.4309
-6.1365
-5.9565
-5.8490
-5.8267
-5.8090
-5.7900
-5.8295
-5.8106
-5.8030
-5.9228
-6.0284
-6.0503
-6.1386
-6.2810
-6.3013
-6.3464
-6.2299
-6.3939
-6.4758
-6.5637
-6.5109
-6.3878
-6.2916
-6.3825
-6.5304
-6.5247
-6.5730
-6.6301
-6.5122
-5.9861
-5.5392
-5.1639
-4.8628
-4.8692
-5.2215
-5.1567
-4.6816
-4.2745
-4.1031
-3.9383
-3.7736
-3.7370
-3.7517
-3.8843
-4.1333
-4.2914
-4.2557
-4.1664
-4.0576
-3.9004
-3.7625
-3.7425
-3.9008
-4.1085
-4.3835
-4.6482
-4.9868
-5.2800
-5.3504
-5.2541
-5.0707
-4.9001
-4.8097
-4.7656
-4.5941
-4.4763
-4.3008
-4.0912
-3.8790
-3.7637
-3.6997
-3.6487
-3.4959
-3.3333
-3.1661
-3.0955
-2.9625
-2.8922
-2.9103
-3.0167
-3.0761
-3.0956
-3.1479
-3.2430
-3.3295
-3.3798
-3.3822
-3.3694
-3.3184
-3.2201
-3.2156
-3.1677
-3.1704
-3.1050
-3.1060
-3.1246
-3.1335
-3.1449
-3.1263
-3.1217
-3.1395
-3.1922
-3.2232
-3.1436
-3.0854
-2.9705
-2.8811
-2.9012
-2.9524
-3.0080
-2.9647
-2.9817
-2.9926
-2.8351
-2.6986
-2.5410
-2.3968
-2.2505
-2.0730
-1.9705
-1.8370
-1.7476
-1.6667
-1.6598
-1.6279
-1.6466
-1.6786
-1.7515
-1.7629
-1.8180
-1.8655
-1.9315
-2.0105
-2.1530
-2.4217
-2.7033
-2.9399
-3.1475
-3.3738
-3.6057
-3.8409
-4.0360
-4.2587
-4.4333
-4.5273
-4.5567
-4.5549
-4.4852
-4.4567
-4.4893
-4.4823
-4.4452
-4.4025
-4.3293
-4.2581
-4.0864
-3.8860
-3.6555
-3.4378
-3.2384
-3.0407
-2.7767
-2.5948
-2.3846
-2.2131
-1.9926
-1.8732
-1.7030
-1.5143
-1.3022
-1.1306
-1.0566
-0.9983
-0.8630
-0.7215
-0.5255
-0.2855
-0.0706
0.2039
0.3531
0.5945
0.7201
0.8407
0.8979
