5.2240
5.2340
5.3280
5.2890
5.3390
5.4180
5.4720
5.6180
5.7260
5.8300
5.9450
5.9560
5.9190
5.8200
5.7770
5.6380
5.3270
5.0190
4.5500
4.0580
3.6060
3.3750
3.5370
3.6420
3.6280
3.5720
3.7150
3.7680
3.7410
3.6720
3.6200
3.5510
3.5110
3.4370
3.3500
3.2050
3.0740
2.9600
2.8290
2.7530
2.7050
2.6710
2.6600
2.7410
2.9790
3.2240
3.4810
3.6580
3.9020
4.3640
4.3270
4.5630
4.7990
5.1780
5.0030
4.9110
4.7910
5.0400
5.1690
5.5440
5.0610
5.3760
5.4970
5.3230
5.2530
4.9620
4.8360
5.1560
5.3400
5.2780
4.9570
4.7410
4.9230
4.9700
4.7940
4.7750
4.7450
4.7280
4.6610
4.4830
4.2330
4.2800
4.5710
4.8220
4.7800
4.6530
4.2940
3.9420
3.6750
3.5900
3.5180
3.3780
3.1410
2.9660
2.8610
2.8110
2.7680
2.6760
2.6230
2.6640
2.8140
2.9420
3.0600
3.1260
3.1710
3.1830
3.1820
3.1770
3.1440
3.0830
3.0820
3.0410
2.9050
2.7070
2.6000
2.4720
2.3670
2.1000
1.8680
1.7940
1.7010
1.6100
1.4850
1.4580
1.4480
1.4650
1.4670
1.5120
1.5950
1.7110
1.8740
2.0760
2.3490
2.4680
3.1160
3.2190
2.7160
3.6980
4.2040
3.9650
3.7450
4.4320
4.8030
5.2880
4.4120
4.0040
4.8080
4.3960
4.0210
4.0980
4.2420
4.0450
3.8600
3.7170
3.4800
3.5960
3.5150
3.5090
3.5500
3.6500
3.3110
3.7060
3.6580
2.9660
2.4980
2.4410
2.4030
2.9170
3.9190
5.2620
5.7600
6.1690
6.3230
6.6290
6.6550
6.4710
5.8700
5.4580
5.5480
5.7490
6.0680
6.2190
6.0970
5.8870
5.8990
6.0690
6.3790
5.9760
6.1430
6.3950
6.5630
6.5900
6.4050
7.3890
6.2810
7.1850
5.5710
5.3670
3.2150
2.2930
3.3010
2.7250
2.8090
3.4630
4.1020
4.6450
4.6660
4.8880
5.0930
5.0460
4.9250
4.4620
4.1840
4.2220
4.6860
5.0240
7.1560
7.9780
8.6010
7.7480
5.9020
4.9530
5.0170
5.4110
6.3090
6.8910
7.3520
7.5430
6.8840
7.3450
7.9270
8.5590
9.0990
9.2980
10.0600
10.5000
9.5960
8.6090
7.4130
8.4440
8.9080
9.5480
11.2730
10.1590
9.6350
9.6230
6.4480
1.9110
2.1380
6.2990
7.6070
7.0430
4.9600
3.2980
3.1060
4.2800
3.3250
4.7320
6.7090
5.9920
5.2740
5.0810
5.0160
5.4730
5.5940
5.9490
5.9980
6.3840
6.3630
6.6810
6.8990
6.7980
6.8810
7.3260
7.1180
7.0540
7.1540
6.5720
6.1840
6.0450
5.9110
6.1090
6.2950
6.5960
6.8750
7.1010
7.0160
6.9270
6.8930
6.9550
6.9460
6.9450
6.9410
6.9890
7.0670
7.1060
7.1020
7.0140
6.9720
7.1190
7.3640
7.4520
7.3530
7.1940
7.0450
6.9890
6.9490
6.3500
5.7430
5.6190
5.7060
5.7220
5.9580
6.0980
6.1750
6.3990
6.6850
7.0090
7.3710
7.4950
7.5050
7.3420
7.2540
7.5570
7.5060
7.4450
7.2190
7.5080
8.0240
6.5840
6.1530
8.5500
7.8210
6.3870
5.2230
4.8800
3.7190
3.6980
5.8870
5.6220
6.7540
5.9670
4.2590
2.8790
4.4660
3.6660
2.4830
0.7890
1.6950
1.6940
2.4080
3.4840
4.0300
4.3320
4.6010
4.5400
4.5570
4.3320
5.6540
6.1920
6.8470
7.0560
6.9300
6.9730
6.8840
7.1600
7.5230
7.6530
7.5090
7.2970
7.1850
7.0300
7.1010
7.0500
6.8600
6.6490
6.9380
