677.2900
723.4100
729.5600
724.0000
737.7800
748.0100
714.0400
752.3600
746.7200
776.2200
764.4300
770.0500
775.8900
768.1500
775.1400
798.4000
798.4800
804.7800
797.7900
801.2800
801.1300
805.5200
818.4500
816.9300
823.6100
824.0600
820.7700
824.2100
827.0300
826.7500
823.7800
816.4400
815.0200
808.4100
804.2900
797.0700
788.5100
781.2700
772.6900
747.8400
732.9700
722.1100
712.1200
708.5600
698.6800
689.7300
669.4600
663.3000
657.8200
650.2600
642.7400
638.4400
634.5400
639.1300
624.1800
623.8700
615.2400
610.1400
635.3800
640.1100
646.0000
642.0200
653.5600
636.6100
640.5400
640.3000
635.3900
655.4400
675.8800
681.0200
665.1300
653.1300
656.4400
661.7000
663.7500
670.6500
676.3100
678.2000
686.0900
692.4100
697.1700
707.2000
723.3200
729.1800
731.8300
733.8400
738.9400
700.4200
677.2500
680.0200
689.0200
701.4300
705.5200
700.2200
684.7300
679.0200
683.4300
687.2000
693.0200
705.4900
704.9300
706.7000
703.1600
705.6600
713.0600
717.5100
723.6600
724.4700
725.5300
727.3500
729.4500
758.0100
786.5600
789.2400
788.6000
781.7500
789.3100
801.2500
819.2300
822.6300
824.3600
824.1900
823.5700
825.0800
831.4300
831.2100
836.7700
839.5400
839.4500
834.9400
834.9000
830.9500
819.7100
806.3000
821.3200
775.3400
759.9100
761.5300
755.1900
754.5200
731.8600
696.1200
685.2800
670.0200
684.3800
678.7200
654.9800
624.8800
612.0700
571.1000
582.8100
579.3200
586.1900
553.8300
551.6500
564.3400
570.3800
569.1000
544.8200
548.7100
566.7900
580.9700
596.8000
603.9200
604.1500
606.7100
611.0700
606.3900
607.7500
625.0700
621.8000
608.3200
619.1500
618.9800
620.1800
621.5900
618.0700
628.3800
630.4700
625.5000
638.5200
651.8100
654.1200
605.0200
571.4100
558.8900
561.7200
558.7500
553.4300
542.2000
521.6000
497.1800
500.1500
534.9100
571.3700
574.8200
543.9100
549.4900
522.0200
506.9800
537.8100
517.2500
513.3100
506.7400
518.0500
514.3400
524.1500
554.1700
580.3200
573.8600
579.1600
576.7300
594.3600
602.2200
626.7700
639.3400
644.8000
648.1500
655.0600
651.4300
586.7400
556.8200
544.9300
528.0800
502.7800
514.0000
505.5400
535.3600
518.4100
490.1100
441.1900
400.2600
357.4500
365.4100
312.8400
343.7800
276.5200
324.8400
252.1200
245.8000
125.8600
97.4400
0.5150
103.8400
111.6200
108.8400
100.6100
109.3000
73.0970
35.3240
31.3190
86.0380
108.6100
123.4800
97.2880
141.5000
212.0800
211.1000
178.5300
192.9100
219.7300
205.6700
231.5900
236.0100
257.5800
298.4700
327.6500
318.1000
307.3900
301.4000
312.0300
322.0700
330.2100
329.9000
331.1400
324.8300
324.9100
343.6100
364.9500
340.0500
321.9000
314.0000
316.8600
333.9200
330.3200
318.8000
302.4700
288.6000
289.8100
290.5200
293.7000
308.7400
314.1900
315.2800
320.3000
322.0400
334.7700
346.5900
354.4200
357.0000
362.1300
374.4600
383.1000
423.1100
455.1200
468.9300
476.7500
477.3900
485.4600
495.9000
515.4400
526.0600
525.7700
527.6300
530.5000
513.7800
511.3400
512.4300
514.5600
512.5000
506.1300
498.1100
470.8900
458.5100
435.3200
423.9600
459.1500
431.0600
377.8000
385.3100
405.1400
470.1300
470.9200
412.3700
331.0000
359.7900
311.5700
349.2300
328.9400
338.4800
280.8400
274.3300
302.9100
236.2600
263.6100
319.1900
297.2100
268.7400
303.5400
264.5700
244.1200
266.5500
263.7000
279.1000
291.5400
277.7700
250.5800
291.9700
283.9500
290.5400
275.6500
280.7800
309.7100
319.9300
344.0600
340.2200
326.2700
323.1100
328.0300
332.2100
334.1400
354.1100
351.1900
363.1800
380.8100
378.4400
340.6300
