7.4890
7.5049
7.6541
7.5919
7.6715
7.7969
7.8825
8.1142
8.2859
8.4502
8.6338
8.6504
8.5916
8.4344
8.3666
8.1457
7.6522
7.1646
6.4192
5.6396
4.9212
4.5548
4.8117
4.9795
4.9573
4.8673
5.0940
5.1784
5.1360
5.0260
4.9432
4.8348
4.7710
4.6533
4.5163
4.2849
4.0783
3.8961
3.6882
3.5680
3.4920
3.4376
3.4210
3.5492
3.9266
4.3157
4.7234
5.0050
5.3912
6.1242
6.0660
6.4404
6.8154
7.4159
7.1378
6.9924
6.8017
7.1975
7.4014
7.9974
7.2312
7.7300
7.9225
7.6462
7.5359
7.0736
6.8735
7.3808
7.6736
7.5749
7.0651
6.7223
7.0122
7.0858
6.8072
6.7767
6.7295
6.7025
6.5966
6.3129
5.9159
5.9914
6.4533
6.8521
6.7841
6.5832
6.0129
5.4546
5.0310
4.8961
4.7821
4.5600
4.1834
3.9070
3.7400
3.6601
3.5920
3.4466
3.3626
3.4269
3.6646
3.8678
4.0556
4.1605
4.2322
4.2505
4.2492
4.2404
4.1886
4.0923
4.0910
4.0259
3.8090
3.4956
3.3260
3.1217
2.9552
2.5326
2.1641
2.0472
1.8995
1.7546
1.5558
1.5128
1.4971
1.5240
1.5274
1.5990
1.7314
1.9145
2.1741
2.4935
2.9273
3.1167
4.1444
4.3070
3.5101
5.0672
5.8707
5.4913
5.1420
6.2325
6.8205
7.5907
6.2015
5.5539
6.8296
6.1752
5.5801
5.7029
5.9304
5.6187
5.3242
5.0978
4.7211
4.9057
4.7775
4.7672
4.8324
4.9913
4.4543
5.0800
5.0046
3.9063
3.1633
3.0732
3.0124
3.8288
5.4182
7.5502
8.3392
8.9888
9.2337
9.7183
9.7596
9.4683
8.5138
7.8598
8.0039
8.3221
8.8279
9.0675
8.8739
8.5416
8.5610
8.8297
9.3215
8.6819
8.9469
9.3481
9.6134
9.6569
9.3628
10.9243
9.1660
10.6012
8.0399
7.7168
4.3020
2.8390
4.4380
3.5235
3.6563
4.6947
5.7089
6.5710
6.6043
6.9559
7.2819
7.2062
7.0154
6.2795
5.8397
5.8987
6.6353
7.1714
10.5545
11.8595
12.8482
11.4945
8.5656
7.0599
7.1605
7.7855
9.2112
10.1344
10.8658
11.1693
10.1231
10.8551
11.7784
12.7817
13.6380
13.9543
15.1624
15.8610
14.4266
12.8598
10.9635
12.5988
13.3350
14.3505
17.0878
15.3196
14.4882
14.4689
9.4309
2.2314
2.5916
9.1949
11.2699
10.3756
7.0698
4.4334
4.1287
5.9908
4.4764
6.7092
9.8450
8.7074
7.5691
7.2622
7.1594
7.8851
8.0764
8.6391
8.7174
9.3306
9.2966
9.8012
10.1469
9.9875
10.1192
10.8242
10.4947
10.3924
10.5513
9.6286
9.0119
8.7916
8.5794
8.8931
9.1887
9.6659
10.1094
10.4678
10.3327
10.1912
10.1374
10.2352
10.2209
10.2203
10.2140
10.2899
10.4144
10.4749
10.4691
10.3298
10.2625
10.4968
10.8856
11.0246
10.8670
10.6159
10.3786
10.2906
10.2260
9.2766
8.3132
8.1158
8.2545
8.2788
8.6540
8.8761
8.9977
9.3538
9.8070
10.3220
10.8962
11.0925
11.1081
10.8497
10.7105
11.1913
11.1103
11.0133
10.6553
11.1131
11.9325
9.6479
8.9635
12.7668
11.6098
9.3343
7.4879
6.9440
5.1013
5.0685
8.5416
8.1202
9.9165
8.6687
5.9587
3.7683
6.2858
5.0171
3.1401
0.4511
1.8888
1.8882
3.0208
4.7275
5.5948
6.0736
6.5008
6.4040
6.4309
6.0739
8.1716
9.0258
10.0638
10.3960
10.1965
10.2643
10.1239
10.5614
11.1371
11.3433
11.1154
10.7789
10.6008
10.3555
10.4681
10.3865
10.0859
9.7511
10.2096
