-5.4854
-5.5288
-5.5468
-5.5686
-5.5819
-5.5880
-5.5846
-5.5859
-5.6043
-5.5929
-5.5719
-5.5632
-5.5549
-5.5357
-5.5298
-5.5555
-5.6177
-5.6566
-5.6181
-5.5126
-5.1908
-4.7481
-4.2115
-3.7152
-3.2328
-2.7180
-2.1949
-1.7863
-1.4301
-1.0498
-0.6854
-0.3481
-0.0137
0.3432
0.6644
0.9418
1.2012
1.4546
1.6785
1.8488
1.9670
2.0342
2.0171
1.8263
1.6167
1.5375
1.4410
1.4107
1.5309
1.6324
2.0288
1.9851
2.0007
1.7006
2.0032
1.7179
1.9180
1.9903
1.8809
1.9411
1.8592
1.8605
1.7085
1.4460
1.1408
0.8581
0.5956
0.2604
0.0016
-0.1717
-0.1699
-0.2021
-0.3965
-0.6059
-0.8396
-1.0222
-1.1644
-1.2030
-1.2488
-1.2308
-1.2719
-1.5234
-2.0212
-2.2614
-2.0884
-1.7976
-1.4430
-1.2270
-1.2666
-1.4406
-1.5698
-1.5609
-1.4506
-1.4276
-1.4748
-1.5313
-1.5366
-1.5708
-1.7029
-1.9336
-2.1404
-2.2423
-2.1995
-2.0485
-1.9603
-1.9667
-1.9995
-2.0055
-2.0268
-2.0299
-2.0258
-1.9734
-1.8162
-1.6464
-1.5049
-1.3678
-1.3779
-1.5278
-1.2924
-0.8476
-0.3507
0.0339
0.4510
0.7621
1.0737
1.3093
1.5295
1.6897
1.7782
1.8433
1.8744
1.8970
1.9334
1.9750
1.4502
1.4496
1.7288
1.0012
0.7464
1.1896
1.3480
0.9833
1.0920
1.1768
0.8142
0.5996
0.6568
1.3013
1.7875
1.9378
1.6529
1.7185
1.8233
1.8695
2.0142
1.9499
2.2093
2.0045
2.1977
2.4866
2.7958
2.9011
2.8031
2.5510
2.3147
2.0118
1.7602
1.6168
1.6514
1.2579
0.8107
0.5864
0.3079
0.1617
0.1527
0.3164
0.2357
-0.0140
-0.2292
-0.3419
-0.2565
-0.2539
-0.3468
-0.5804
-0.9970
-1.0808
-1.0739
-0.5070
-0.5783
-0.4098
-0.6499
-0.5149
-0.7110
-1.8346
-1.4568
-2.3147
-1.4246
-1.4755
-0.7242
-0.2663
-0.5813
-0.9453
-1.0492
-1.1049
-1.1109
-1.1452
-1.3075
-1.9525
-2.1955
-2.0459
-2.0938
-2.1610
-2.0209
-1.7215
-1.4333
-1.1323
-0.8559
-1.1951
-1.5293
-2.7016
-2.6293
-1.5838
-0.7172
-0.1144
0.6138
1.1422
0.8406
-0.4780
-1.1614
-1.2768
-0.8397
-0.5620
0.0643
0.2457
0.2110
0.0626
-0.5520
-0.3780
-0.0489
-0.0785
0.1461
0.2683
0.9774
1.3452
1.3592
1.2130
0.7753
0.3275
0.6159
2.5355
3.1809
2.9394
1.9439
1.1335
0.6862
0.7390
0.2283
0.3290
0.6462
0.2725
-0.1722
-0.3890
-0.4694
-0.4186
-0.4442
-0.4570
-0.4551
-0.4114
-0.4005
-0.4005
-0.2105
-0.4611
-0.4234
-0.2833
-0.3478
-0.5595
-0.5424
-0.7888
-1.0696
-1.2245
-1.2224
-1.1580
-1.0886
-1.0143
-1.0922
-1.0922
-1.3102
-1.4696
-1.5120
-1.4979
-1.4911
-1.4316
-1.4138
-1.5198
-1.5496
-1.4927
-1.5089
-1.3914
-1.5526
-1.6267
-1.4591
-1.2778
-1.3447
-1.4144
-1.3317
-1.1014
-0.8750
-0.9623
-0.7859
-0.5357
-0.1978
0.0902
0.4030
0.6692
0.9508
1.2804
1.5533
1.7772
1.9249
2.0355
2.1611
2.2953
2.4552
2.6113
2.7814
2.7419
2.3044
3.1256
3.0236
1.0982
0.7656
0.2363
0.3126
1.4568
1.6776
1.7328
2.5655
3.3694
4.5572
4.2409
4.6437
2.4253
2.3677
2.9685
3.9833
2.5940
2.6853
2.7315
2.0016
1.6193
2.0364
0.8782
0.7765
0.8947
1.0573
1.4877
2.1417
2.7215
2.4274
2.8046
2.5476
2.0854
1.7839
1.5975
1.4804
1.3702
1.2466
1.2010
1.1739
1.1350
1.0533
0.9041
0.8018
0.7374
0.6817
0.5871
0.5810
