-3.2354
-3.2984
-3.3054
-3.3501
-3.4140
-3.4665
-3.4222
-3.5564
-3.6446
-3.6523
-3.6302
-3.5641
-3.4253
-3.3004
-3.2438
-3.1660
-3.0147
-2.7519
-2.3060
-1.8174
-1.4266
-1.1370
-0.8485
-0.5780
-0.3209
-0.0775
0.1581
0.4001
0.4705
0.5215
0.5505
0.4965
0.4223
0.4162
0.4277
0.4096
0.3498
0.1830
-0.0655
-0.3479
-0.7183
-1.1572
-1.7179
-2.4353
-3.1779
-3.6760
-4.2134
-4.5779
-4.9712
-5.7629
-5.6742
-6.1727
-6.6498
-7.0648
-6.6603
-6.3943
-6.0627
-5.9038
-5.0000
-3.9924
-3.8964
-4.2409
-4.1565
-4.1117
-3.9164
-3.8172
-4.1590
-4.4185
-4.2529
-3.7567
-3.1551
-2.8532
-3.1577
-3.1647
-2.9970
-2.6715
-2.3386
-2.1168
-1.8131
-1.4595
-1.1716
-1.3601
-1.7620
-1.7519
-1.3161
-0.7773
-0.1309
0.1935
0.2593
0.1656
0.2237
0.4281
0.7372
0.9939
1.1246
1.2440
1.3436
1.3734
1.2832
1.0776
1.0667
1.1824
1.2947
1.4671
1.6935
1.9256
2.1780
2.3709
2.5472
2.6916
2.8789
2.9608
2.9509
2.7987
2.6852
2.5392
2.4083
1.9833
1.6027
1.4298
1.2531
1.0593
0.7959
0.5587
0.3283
0.0694
-0.1970
-0.4335
-0.7540
-1.1488
-1.5549
-1.9982
-2.6077
-2.8876
-3.6172
-3.9891
-3.1911
-4.7646
-5.5450
-5.2913
-4.9719
-6.0240
-5.9668
-6.0394
-5.5131
-5.2738
-5.8810
-5.3797
-5.2496
-5.6135
-5.9299
-5.6166
-5.3215
-5.0916
-4.6106
-4.6549
-3.8712
-2.6030
-1.3733
-0.3135
0.5065
0.9038
0.8613
0.7106
-0.0579
-0.8124
-1.8304
-3.0530
-3.8814
-4.2568
-4.1969
-3.8433
-2.9425
-2.5972
-2.1704
-2.1669
-2.1596
-2.0283
-1.9390
-1.9340
-1.4721
-0.9330
-0.7790
-0.9748
-0.9200
-0.4560
0.6214
1.0754
1.2342
1.2737
1.3688
1.6699
3.0206
9.4863
9.1518
10.5484
7.9080
7.4636
4.1627
2.3469
3.4308
2.3497
0.6482
0.1939
0.6285
1.1886
1.8289
2.6629
3.9040
4.6367
4.6461
4.0629
3.6448
3.7433
4.0974
4.0878
6.7114
7.2577
7.5041
5.8559
1.5304
1.0704
1.9200
2.1687
2.3336
3.3284
4.4114
5.0067
3.6133
1.8496
0.7833
1.3683
1.0341
2.1985
2.8200
4.2887
2.3173
1.8024
-1.4594
0.6392
-1.6936
-4.2818
-0.9239
9.9915
10.3366
11.1750
3.7481
2.2029
2.5812
6.5240
8.0365
8.1061
5.7938
2.6063
1.5588
2.5229
1.1069
3.7376
7.7012
7.2066
5.9156
4.1424
3.7897
3.2379
2.8534
3.1726
3.3724
4.0770
3.9234
4.3681
5.0334
4.1188
4.8753
5.3847
5.1073
4.1104
3.8082
3.2351
2.7453
2.6498
2.9533
3.4480
3.8626
4.0532
4.2191
4.2371
4.0847
4.1792
4.2657
4.5897
4.7822
5.0315
5.2486
5.4615
5.8514
6.1890
6.4124
6.3710
6.2795
6.6929
7.2526
7.4752
7.3737
7.3425
7.4807
7.8295
8.0772
7.2108
6.3809
6.1899
6.3423
6.3010
6.6415
6.9121
7.1212
7.6158
8.1670
8.8402
9.5969
9.8087
9.7426
9.3927
8.8840
9.1250
9.2565
9.3356
8.1784
9.8193
10.9259
7.6118
7.9589
12.0024
10.7897
7.6134
5.2671
4.0391
3.1216
4.0235
6.0417
6.3032
7.0089
8.6587
5.9495
3.6299
4.4713
4.9750
3.1226
0.4057
-1.3460
-1.8472
-2.4330
-4.4526
-4.8934
-5.0279
-4.8985
-4.2527
-3.0028
-1.5692
-2.9498
-1.9660
-1.9072
-1.7994
-1.4176
-0.8915
-0.5616
-0.3832
-0.0869
0.3833
0.9539
1.3871
1.5588
2.0631
2.4193
2.7036
2.9683
3.5594
4.0081
