6.7541
6.7412
6.9036
6.8128
6.8699
6.9840
7.1009
7.2934
7.4414
7.6202
7.8335
7.8821
7.8793
7.7619
7.7122
7.5053
7.0334
6.6150
5.9907
5.3387
4.7099
4.4106
4.7363
4.9459
4.9469
4.8667
5.0915
5.1629
5.1144
4.9988
4.9125
4.8092
4.7522
4.6347
4.4960
4.2653
4.0633
3.8918
3.6877
3.5510
3.4174
3.2370
2.9584
2.5819
2.3065
2.2610
2.1349
2.0231
2.0863
2.0724
2.1445
1.8376
1.4935
2.2549
2.5668
2.8294
3.0834
4.1169
5.4572
6.9296
6.0917
6.4627
6.7447
6.4466
6.4383
5.9552
5.4724
5.9121
6.3872
6.5777
6.3214
6.0867
6.2610
6.3398
6.1120
6.2279
6.3101
6.3594
6.3426
6.1418
5.7987
5.8350
6.2080
6.6243
6.6552
6.5372
6.0115
5.4512
5.0244
4.8933
4.7769
4.5398
4.1179
3.7785
3.5670
3.4422
3.3312
3.1611
3.1082
3.2530
3.5060
3.6826
3.8434
3.8932
3.8786
3.7893
3.6485
3.5157
3.3251
3.0825
2.9066
2.7280
2.4084
2.0944
1.9626
1.8158
1.7126
1.5749
1.4542
1.4651
1.4275
1.3988
1.3368
1.4059
1.4607
1.5225
1.5146
1.5391
1.5586
1.5315
1.5195
1.4916
1.3299
1.1729
2.0229
1.6241
1.4621
1.7248
1.9281
1.4685
1.3116
1.5987
3.3041
4.5983
2.8398
1.7417
3.4723
3.0318
1.8919
1.0061
0.0770
0.1545
-0.1686
0.2504
1.0153
1.5485
2.7996
3.9938
4.6332
4.9815
4.4254
4.9989
4.9300
3.8412
3.1628
2.9639
2.3925
2.3106
3.7804
6.2359
7.2061
8.1257
8.7523
9.3648
9.5152
9.2170
8.2354
7.5936
7.7655
8.0943
8.7043
9.0194
8.8397
8.4858
8.5114
8.8179
9.3007
8.6150
8.8614
9.2610
9.5154
9.5115
8.8621
5.4176
0.5106
-1.0572
-1.4505
-1.9603
-1.0862
1.5976
2.8152
2.6256
3.5984
4.6907
5.6742
6.4626
6.3460
6.4260
6.1469
5.5164
5.2564
4.7881
4.5627
4.5587
5.2191
5.8923
8.1458
9.3794
10.4291
9.8910
8.4278
6.9783
6.8983
7.4773
8.9107
9.5723
9.9300
9.9842
9.4563
10.6963
11.7523
12.7083
13.5988
13.7800
14.8978
15.2702
14.2393
12.7329
10.8659
12.5826
13.2270
13.6969
17.0628
11.6129
10.1520
9.1907
8.6541
-0.3554
0.2322
6.4795
7.9010
6.4765
4.0514
3.5864
3.8231
5.4337
4.3374
5.5718
6.1332
4.8871
4.7220
5.9648
6.0742
7.1896
7.5555
8.0354
8.0387
8.3927
8.4281
8.7740
8.8105
9.0987
8.8674
9.3898
9.1681
9.5450
9.8401
9.0689
8.5836
8.3828
8.0550
8.1975
8.3374
8.7750
9.1869
9.5719
9.4910
9.2949
9.1962
9.1485
9.0331
8.8960
8.7623
8.7209
8.6152
8.4510
8.2755
8.1311
8.1170
8.0863
8.1177
8.1032
7.9825
7.6672
7.1941
6.6780
6.2713
5.8361
5.3285
5.2489
5.2832
5.3699
5.5482
5.5686
5.4997
5.4308
5.4294
5.3286
5.1601
5.1799
5.3358
5.4309
5.9824
6.4792
6.1446
5.8430
6.8300
5.2040
4.7966
5.9281
4.1231
4.3514
4.2861
5.4005
5.3222
5.6484
4.0347
3.0824
6.0379
5.1194
7.0152
-0.4160
-0.3293
1.0116
4.4180
0.6486
-0.3309
0.1974
-1.3251
0.3912
1.7905
1.5886
2.7123
3.4072
4.2738
4.7881
5.6868
5.8677
7.6206
8.8091
9.8814
10.2391
10.0975
10.2255
10.1084
10.5545
11.1368
11.3368
11.0744
10.6893
10.4856
10.1479
10.1847
10.0284
9.6392
9.0783
9.3900
