-0.0000
-0.0007
-0.0006
0.0005
0.0020
0.0027
0.0035
0.0036
0.0023
0.0030
0.0023
0.0026
0.0028
0.0035
0.0031
0.0039
0.0034
0.0052
0.0035
0.0036
0.0025
0.0020
0.0052
0.0106
0.0111
0.0119
0.0163
0.0183
0.0172
0.0198
0.0238
0.0288
0.0364
0.0430
0.0465
0.0460
0.0476
0.0532
0.0660
0.0815
0.0991
0.1122
0.1243
0.1121
0.0762
0.0493
0.0242
0.0116
0.0123
0.0209
-0.0053
0.0135
0.0103
0.0041
0.0055
0.0511
0.0418
0.0566
0.1178
0.1772
0.0934
0.0481
0.0388
0.0304
0.0150
0.0132
0.0190
0.0111
-0.0030
-0.0142
-0.0171
-0.0093
-0.0038
-0.0044
-0.0006
0.0026
0.0019
0.0005
0.0018
0.0044
0.0085
0.0135
0.0119
-0.0007
-0.0061
-0.0079
-0.0111
-0.0044
0.0026
0.0046
0.0012
-0.0026
-0.0051
-0.0014
-0.0013
-0.0009
0.0009
0.0021
0.0034
0.0048
0.0039
0.0031
0.0014
0.0005
0.0013
0.0016
-0.0008
-0.0029
-0.0038
-0.0031
-0.0033
-0.0059
-0.0062
-0.0057
-0.0068
-0.0081
-0.0062
-0.0023
0.0004
0.0043
0.0105
0.0187
0.0313
0.0414
0.0498
0.0546
0.0554
0.0531
0.0372
0.0148
-0.0034
-0.0148
-0.0281
-0.0269
-0.0605
-0.0372
0.0229
0.0418
0.0087
0.0184
0.0251
0.0305
0.0274
0.0029
-0.0033
0.0318
-0.0047
0.0140
0.0173
0.0163
0.0188
0.0148
0.0041
-0.0048
0.0166
0.0301
0.0392
0.0612
0.0537
0.0385
0.0212
0.0180
0.0344
0.0453
0.0495
0.0638
0.0415
0.0107
0.0023
-0.0020
-0.0086
-0.0089
-0.0059
0.0021
-0.0102
-0.0036
0.0069
0.0027
0.0012
-0.0090
-0.0155
-0.0100
-0.0062
0.0018
0.0032
0.0028
-0.0082
-0.0106
-0.0141
-0.0143
-0.0175
-0.0207
-0.0053
0.0105
-0.0432
-0.0186
-0.0488
-0.0528
-0.0549
-0.0124
0.0133
-0.0265
-0.0318
-0.0188
-0.0231
-0.0125
-0.0022
-0.0052
0.0046
0.0159
0.0070
-0.0008
-0.0021
0.0087
0.0091
0.0137
0.0328
0.0018
0.0010
-0.0514
-0.0540
0.0190
0.0270
0.0308
0.0265
0.0104
0.0040
-0.0164
-0.0053
-0.0259
0.0158
0.0154
0.0312
0.0043
-0.0067
0.0064
0.0134
-0.0381
0.0654
0.0086
0.0297
0.0485
0.3981
0.2298
-0.0016
-0.0042
0.0194
-0.0501
0.1542
0.3120
0.1268
0.1089
0.1619
0.1891
0.1827
0.1975
0.1902
0.1110
0.0290
0.0469
0.0139
0.0249
0.0238
-0.0007
0.0004
-0.0071
0.0069
0.0039
-0.0029
0.0155
-0.0011
-0.0068
0.0024
0.0066
-0.0111
-0.0160
-0.0245
-0.0151
-0.0135
0.0016
0.0053
0.0045
0.0077
-0.0008
-0.0061
-0.0067
-0.0044
-0.0097
-0.0096
-0.0098
-0.0091
-0.0069
-0.0020
0.0033
0.0087
0.0089
0.0072
-0.0027
-0.0045
-0.0019
-0.0031
-0.0100
-0.0076
-0.0047
-0.0029
-0.0004
-0.0088
-0.0067
-0.0014
-0.0002
0.0013
0.0070
0.0061
0.0063
0.0058
0.0083
0.0079
0.0067
0.0034
-0.0014
-0.0071
-0.0097
-0.0079
-0.0203
-0.0361
-0.0106
-0.0129
0.0368
0.0304
-0.1336
-0.0364
-0.0910
-0.0921
-0.0356
-0.0265
-0.0520
0.0050
0.0756
0.1183
0.0064
0.0352
0.1022
-0.0212
0.0561
0.1662
0.0037
0.0393
0.0724
0.0406
-0.0400
0.0167
0.0217
0.0132
0.0120
0.0102
0.0084
0.0021
0.0120
0.0019
-0.0083
-0.0030
0.0007
-0.0008
0.0030
-0.0006
-0.0050
-0.0011
0.0022
0.0051
0.0045
0.0061
0.0029
0.0009
-0.0000
0.0000
-0.0058
-0.0126
