2.9030
3.0710
3.2430
3.3640
3.6330
3.7200
3.7370
3.7770
3.7710
3.7690
3.7890
3.7730
3.7010
3.6830
3.9110
3.9980
3.9190
3.7720
3.6380
3.9380
4.0760
4.2650
4.1700
3.9850
3.7930
3.6340
3.6720
3.7070
3.5320
3.7170
3.3660
3.3770
3.3060
3.2880
3.2290
3.7010
4.1200
3.9410
3.9740
4.1220
4.8850
5.0070
4.3290
3.9140
3.7080
3.6030
3.3650
1.8220
2.0250
1.2960
0.9110
1.3690
1.7370
2.0460
2.2860
2.5500
2.6440
2.5690
1.9960
1.8100
2.7000
3.2440
3.8950
4.3450
4.4030
4.6700
4.5790
4.6870
4.7240
4.7300
4.9420
5.1580
5.3110
5.4190
5.4590
5.4220
5.3450
5.3240
5.3690
5.4570
5.6090
5.7910
5.9230
5.8940
5.8600
5.8150
5.7200
5.7040
5.6100
5.4870
5.4600
5.4320
5.3980
5.3510
5.2720
5.2340
5.1840
5.1060
5.0560
5.0190
4.9740
4.9270
4.9000
4.8640
4.8420
4.8510
4.8020
4.7320
4.6780
4.7160
4.8360
4.9390
4.9080
4.7330
4.4550
3.8800
3.5780
3.4960
3.4570
3.3010
3.1310
2.9590
2.7690
2.6090
2.4840
2.3390
2.2100
2.1030
2.0140
1.9220
1.8030
1.7230
1.6750
1.7040
1.7960
1.9570
2.1120
2.2470
2.4030
2.6550
3.0970
3.4450
3.6540
3.8990
4.2170
4.4590
4.6220
4.7300
4.8250
5.0080
5.2270
5.4100
5.4850
5.4570
5.3610
5.2540
5.2370
5.1630
5.0150
4.8140
4.7190
4.6280
4.6960
4.7080
4.8670
5.0590
5.1470
5.2500
5.3020
5.3330
5.2960
5.3000
5.2930
5.2380
5.2350
5.2580
5.2690
5.3050
5.2740
5.2740
5.2440
5.0860
5.0170
4.8900
4.7000
4.4890
4.3640
4.1710
4.1520
4.1530
4.0480
3.4650
3.1530
3.0510
2.7880
2.6500
3.3440
4.1210
5.5440
6.1730
6.5800
6.6650
6.3880
6.0330
5.2910
4.4790
4.0220
3.9900
3.0160
2.7830
2.9930
3.3370
4.4050
5.4730
6.1190
6.2060
6.2970
6.3440
6.3160
6.3510
6.4280
6.3900
6.5570
6.8190
6.9460
6.9070
6.9780
7.3160
7.6280
7.9070
7.9980
8.2360
8.3540
8.5930
8.8930
8.6650
8.9140
8.8960
8.7500
8.8360
9.0120
9.3990
9.3440
9.2210
9.1820
9.1610
9.7300
9.5940
9.2080
9.4610
9.6230
10.0040
9.8580
9.5680
9.5410
9.5090
9.4330
9.4070
9.3850
9.5500
9.7060
9.4150
9.4030
9.2900
8.8870
8.5470
8.5970
8.7570
9.0160
9.2450
9.5470
9.3110
8.9730
8.5420
8.4980
8.3370
8.2570
7.9980
7.6200
7.4800
7.4940
7.4890
7.0760
6.7900
6.7320
6.6560
6.6980
6.2320
6.1210
6.1680
6.3480
6.3240
6.2310
5.9860
5.9320
6.0230
5.9680
6.0210
6.1040
6.0400
5.9660
6.0310
5.8690
5.8100
5.8020
5.7180
5.7290
5.6790
5.5790
5.4770
5.2970
5.2010
5.1290
5.0360
4.9080
4.7660
4.6460
4.4830
4.3780
4.3350
4.2240
4.1680
4.0980
3.9520
3.8170
3.7620
3.6400
3.5040
3.5720
3.6390
3.7040
3.7660
3.8640
3.9620
4.0890
4.2970
4.3050
4.1460
4.2780
4.3800
4.3070
4.2550
4.1350
3.9490
3.7460
3.6510
3.7400
3.6770
3.7300
3.7250
3.7860
3.7850
3.8020
3.8260
3.6760
3.7190
3.8250
3.8650
3.9570
4.0640
4.1200
4.0980
3.7980
3.6870
3.5270
3.6360
3.7300
3.6550
3.6780
3.7030
3.7110
3.7860
3.8760
3.9700
4.0770
4.0070
4.0620
