843.1700
829.8600
866.2500
855.6100
873.8400
881.1900
912.9700
923.0500
920.6100
927.2100
922.4100
946.5100
920.4900
927.3800
913.9700
927.8700
950.0900
960.9000
961.1600
951.5800
980.4600
992.5700
1002.8000
1004.3000
1019.5000
1018.9000
1027.5000
1034.9000
1026.2000
1031.4000
1022.6000
1003.6000
989.7700
984.7400
973.9800
974.0000
988.6600
977.0900
979.8400
968.2100
975.4500
971.4900
950.7400
949.8600
946.4600
933.0200
931.2600
937.4300
951.6900
958.0000
960.0800
946.6800
932.6400
923.1200
909.1700
911.3100
909.3200
921.9200
949.4500
954.9500
943.5400
936.9200
931.4200
925.6100
935.0700
943.4100
953.5400
973.0600
983.6200
992.4900
1006.3000
1010.5000
1015.1000
1028.1000
1049.5000
1070.7000
1091.9000
1105.2000
1113.5000
1114.5000
1121.1000
1136.5000
1152.7000
1164.1000
1177.1000
1192.0000
1208.6000
1182.8000
1158.7000
1150.4000
1151.7000
1162.8000
1160.2000
1147.4000
1128.8000
1118.8000
1118.8000
1117.8000
1118.2000
1118.7000
1106.2000
1097.6000
1092.8000
1092.6000
1091.0000
1090.3000
1090.8000
1087.2000
1086.7000
1090.7000
1091.7000
1112.1000
1132.7000
1134.8000
1134.8000
1128.3000
1128.7000
1133.4000
1141.0000
1142.9000
1138.8000
1140.9000
1141.7000
1141.5000
1149.2000
1150.9000
1150.5000
1146.4000
1143.7000
1143.2000
1143.5000
1146.4000
1144.7000
1145.6000
1145.0000
1132.9000
1119.6000
1115.2000
1110.1000
1109.4000
1105.5000
1101.3000
1096.4000
1094.3000
1094.6000
1093.0000
1088.7000
1071.2000
1048.8000
1036.1000
1027.3000
1022.8000
1011.6000
997.4500
983.9200
972.0700
974.2200
970.5800
971.7300
992.7700
1004.5000
1015.9000
1026.8000
1029.4000
1042.2000
1059.9000
1067.9000
1081.9000
1092.3000
1103.0000
1113.4000
1114.0000
1119.5000
1120.1000
1123.5000
1126.2000
1129.0000
1130.8000
1126.7000
1136.2000
1136.0000
1137.3000
1148.6000
1113.2000
1078.1000
1069.9000
1071.7000
1076.6000
1052.5000
1038.2000
1014.2000
1022.9000
1062.9000
1062.9000
1060.0000
1060.7000
1013.5000
988.1200
940.5200
925.0300
903.1000
891.2200
882.3700
876.7100
877.6200
898.0000
922.9000
963.5300
991.0800
982.3900
983.4000
976.2000
969.7200
972.7900
975.2300
981.5300
971.9000
964.8600
968.0300
967.6200
972.2100
971.6000
956.9600
936.5300
932.1100
943.0800
948.5600
947.6700
932.7000
914.1200
900.8400
856.3900
828.4300
814.6600
793.3400
822.1300
812.3300
798.2500
775.5600
761.7800
739.2200
710.5000
709.2700
712.0600
702.5300
704.0900
669.1200
690.5800
718.9000
708.9900
680.6800
638.3500
625.3500
611.3600
596.6500
615.5800
626.8200
638.7300
652.2500
630.9500
619.5100
630.8500
630.0400
628.7200
647.2500
660.0300
661.7800
649.3600
633.2500
627.4400
619.6200
633.2500
635.3600
647.7100
635.8500
637.0300
633.2500
632.2800
633.0200
602.7800
565.8200
551.4400
549.5900
554.7300
549.3200
533.2700
511.3300
518.4600
521.9400
519.2800
514.5000
525.5400
527.8100
536.4000
549.7400
551.0000
562.4900
560.7600
564.5600
565.9800
565.0300
565.0500
560.2000
594.0500
627.8900
650.8600
669.0800
675.6000
688.4500
707.4200
733.5800
750.0900
753.7800
759.1600
771.8100
763.7100
779.0100
780.9700
780.4500
788.9100
793.6100
793.8700
797.1200
813.2400
818.4500
806.5900
798.8000
787.3200
757.7600
738.1200
729.1000
729.5400
710.9800
698.1400
693.0400
687.3000
678.3100
674.6300
668.2400
675.9000
677.4500
670.4600
669.3200
656.7800
668.4700
690.0600
691.8800
696.8600
696.1300
704.7200
705.0500
724.3000
733.8800
743.7500
773.5000
775.8400
772.4500
788.2500
805.0000
823.3700
834.5600
839.8000
864.4100
854.5300
850.1800
845.7000
838.2600
850.7700
853.1100
842.5700
837.9700
853.0300
871.9000
881.0700
885.5700
850.3000
817.5600
