3.8070
4.0722
4.3453
4.5385
4.9649
5.1034
5.1299
5.1928
5.1829
5.1808
5.2117
5.1875
5.0728
5.0436
5.4051
5.5441
5.4192
5.1859
4.9732
5.4487
5.6672
5.9671
5.8168
5.5238
5.2192
4.9663
5.0261
5.0824
4.8048
5.0980
4.5414
4.5581
4.4457
4.4167
4.3229
5.0729
5.7368
5.4530
5.5052
5.7407
6.9513
7.1452
6.0698
5.4112
5.0830
4.9165
4.5394
2.0912
2.4123
1.2557
0.6454
1.3721
1.9564
2.4458
2.8265
3.2458
3.3947
3.2768
2.3678
2.0722
3.4848
4.3468
5.3796
6.0950
6.1858
6.6101
6.4663
6.6372
6.6964
6.7058
7.0423
7.3841
7.6278
7.7992
7.8616
7.8039
7.6819
7.6478
7.7190
7.8588
8.0995
8.3885
8.5988
8.5517
8.4992
8.4278
8.2769
8.2506
8.1013
7.9069
7.8631
7.8191
7.7659
7.6913
7.5659
7.5052
7.4250
7.3026
7.2226
7.1644
7.0930
7.0184
6.9750
6.9184
6.8838
6.8975
6.8200
6.7087
6.6232
6.6829
6.8741
7.0365
6.9877
6.7108
6.2691
5.3565
4.8768
4.7474
4.6847
4.4371
4.1675
3.8951
3.5944
3.3392
3.1419
2.9115
2.7073
2.5374
2.3950
2.2492
2.0610
1.9345
1.8578
1.9040
2.0496
2.3052
2.5507
2.7658
3.0128
3.4132
4.1141
4.6665
4.9987
5.3871
5.8916
6.2760
6.5335
6.7061
6.8556
7.1468
7.4936
7.7844
7.9035
7.8594
7.7063
7.5373
7.5099
7.3926
7.1583
6.8381
6.6877
6.5428
6.6515
6.6702
6.9229
7.2277
7.3678
7.5308
7.6122
7.6629
7.6039
7.6100
7.5985
7.5116
7.5062
7.5425
7.5606
7.6184
7.5692
7.5692
7.5212
7.2703
7.1601
6.9587
6.6580
6.3234
6.1245
5.8176
5.7882
5.7904
5.6238
4.6983
4.2033
4.0409
3.6230
3.4045
4.5067
5.7386
7.9969
8.9958
9.6408
9.7754
9.3356
8.7730
7.5949
6.3067
5.5821
5.5308
3.9854
3.6159
3.9498
4.4951
6.1893
7.8836
8.9088
9.0469
9.1923
9.2665
9.2220
9.2771
9.3996
9.3389
9.6045
10.0197
10.2224
10.1591
10.2726
10.8085
11.3043
11.7466
11.8917
12.2681
12.4562
12.8350
13.3118
12.9487
13.3443
13.3155
13.0837
13.2215
13.4999
14.1134
14.0269
13.8313
13.7692
13.7364
14.6389
14.4238
13.8107
14.2118
14.4694
15.0743
14.8419
14.3827
14.3388
14.2883
14.1680
14.1265
14.0915
14.3535
14.6010
14.1397
14.1208
13.9406
13.3019
12.7617
12.8417
13.0947
13.5063
13.8699
14.3495
13.9748
13.4389
12.7545
12.6848
12.4291
12.3012
11.8902
11.2907
11.0692
11.0918
11.0841
10.4286
9.9741
9.8828
9.7615
9.8279
9.0887
8.9132
8.9874
9.2733
9.2343
9.0866
8.6986
8.6124
8.7566
8.6701
8.7540
8.8854
8.7840
8.6674
8.7696
8.5132
8.4194
8.4061
8.2730
8.2901
8.2114
8.0521
7.8903
7.6054
7.4535
7.3385
7.1916
6.9885
6.7618
6.5727
6.3128
6.1463
6.0781
5.9022
5.8130
5.7026
5.4715
5.2566
5.1699
4.9755
4.7607
4.8673
4.9744
5.0772
5.1762
5.3319
5.4866
5.6887
6.0179
6.0314
5.7789
5.9874
6.1497
6.0336
5.9512
5.7606
5.4667
5.1444
4.9932
5.1346
5.0348
5.1191
5.1105
5.2077
5.2065
5.2322
5.2706
5.0325
5.1014
5.2692
5.3332
5.4788
5.6480
5.7369
5.7025
5.2262
5.0510
4.7962
4.9695
5.1187
5.0000
5.0356
5.0754
5.0890
5.2078
5.3495
5.4989
5.6692
5.5573
5.6455
