-5.2561
-5.2972
-5.3282
-5.3625
-5.4032
-5.4005
-5.3769
-5.4031
-5.4861
-5.6163
-5.7178
-5.7717
-5.7764
-5.8633
-5.9397
-6.0394
-6.2304
-6.2774
-6.2421
-6.0767
-5.9324
-5.7621
-5.5870
-5.3757
-5.1176
-4.8593
-4.7413
-4.8521
-4.8293
-4.6461
-4.3539
-4.1532
-4.0167
-3.8603
-3.6749
-3.5299
-3.1549
-2.8424
-2.5918
-2.3855
-2.3144
-2.3999
-2.2221
-1.8020
-1.5510
-1.3858
-1.3690
-1.6324
-2.4978
-2.8590
-2.7440
-2.2807
-2.0500
-1.8971
-1.6872
-1.5338
-1.3973
-1.3770
-1.9441
-2.4126
-2.0732
-1.9585
-1.8447
-1.9637
-2.0072
-2.1712
-2.4442
-2.7130
-2.8332
-2.9257
-3.0074
-2.9452
-2.9551
-3.1577
-3.5177
-4.0321
-4.5343
-4.9230
-5.0739
-5.0888
-5.1637
-5.2235
-5.3097
-5.5304
-5.7136
-5.8006
-6.0703
-6.2157
-6.2726
-6.3378
-6.3398
-6.3970
-6.5007
-6.5762
-6.5944
-6.5706
-6.5049
-6.4355
-6.4029
-6.4083
-6.3982
-6.3711
-6.3812
-6.4277
-6.4718
-6.5199
-6.5371
-6.5260
-6.5135
-6.5554
-6.6459
-6.7723
-7.0066
-7.2058
-7.2537
-7.1221
-6.7771
-6.3476
-5.9011
-5.4944
-5.0924
-4.6110
-4.1581
-3.7499
-3.3924
-2.9714
-2.5446
-2.1882
-1.8788
-1.5274
-1.1755
-0.9291
-0.7582
-0.6703
-0.5384
-0.4864
-0.4623
-0.4737
-0.5158
-0.5986
-0.9229
-1.4250
-1.8069
-2.2061
-2.5244
-2.5783
-2.5093
-2.3818
-2.2271
-2.0277
-1.9208
-1.7155
-1.5785
-1.4529
-1.4306
-1.4481
-1.4421
-1.4860
-1.5452
-1.6644
-1.8241
-2.0914
-2.3989
-2.7836
-3.1524
-3.5046
-3.8405
-4.2712
-4.6911
-5.0401
-5.3438
-5.5448
-5.6409
-5.6400
-5.6171
-5.6799
-5.8137
-5.9512
-6.1271
-6.3040
-6.4617
-6.5721
-6.5995
-6.5657
-6.6292
-6.7127
-6.7298
-6.6743
-6.5712
-6.6342
-6.6039
-6.7284
-6.9850
-7.1101
-7.1156
-6.8946
-6.3769
-5.8275
-4.6588
-4.5740
-4.5083
-4.8024
-4.9245
-4.6814
-4.8429
-5.6608
-6.6775
-7.0647
-6.3756
-5.4715
-5.2991
-5.5207
-5.8976
-6.1900
-6.3783
-6.5421
-6.5206
-6.6130
-6.5988
-6.5614
-6.4308
-6.2959
-6.1712
-6.0270
-5.9157
-5.8627
-5.8553
-5.9882
-6.0090
-5.9507
-5.8533
-5.8529
-5.9161
-5.9953
-6.1366
-6.2716
-6.3981
-6.5055
-6.6064
-6.6705
-6.7325
-6.7298
-6.6296
-6.5268
-6.4484
-6.4887
-6.6273
-6.7365
-7.0054
-7.3964
-7.4952
-7.4535
-7.4452
-7.4106
-7.2711
-7.1209
-7.0195
-7.0339
-7.1395
-7.2095
-7.1636
-7.0203
-6.8275
-6.7200
-6.7110
-6.7580
-6.8149
-6.8504
-6.8522
-6.7817
-6.7213
-6.8133
-6.9115
-6.9786
-6.9571
-6.9193
-6.8742
-6.7713
-6.7456
-6.6618
-6.5194
-6.3906
-6.3632
-6.2995
-6.2928
-6.2796
-6.2730
-6.3182
-6.3177
-6.2722
-6.1989
-6.0799
-5.9786
-5.9321
-5.9074
-5.9145
-5.9114
-5.8931
-5.8609
-5.8438
-5.8486
-5.8279
-5.8094
-5.7904
-5.7581
-5.6996
-5.6541
-5.6354
-5.6020
-5.5664
-5.5264
-5.4920
-5.4584
-5.4270
-5.3916
-5.3443
-5.2945
-5.2385
-5.1900
-5.1600
-5.1334
-5.0935
-5.0538
-5.0004
-4.9240
-4.8686
-4.8078
-4.7548
-4.6839
-4.6358
-4.6099
-4.6012
-4.5634
-4.5348
-4.6297
-4.6994
-4.7011
-4.6349
-4.6447
-4.6866
-4.6555
-4.6449
-4.6577
-4.6211
-4.6050
-4.6801
-4.7823
-4.8278
-4.8825
-4.9509
-5.0209
-5.0696
-5.0784
-5.1095
-5.1489
-5.1621
-5.1535
-5.1846
-5.2178
-5.2446
-5.2603
-5.2788
-5.2580
-5.2050
-5.1149
-5.0972
-5.1302
-5.1524
-5.1659
-5.1753
-5.1666
-5.1762
-5.1735
-5.1604
-5.1455
-5.1123
-5.0820
