3.6913
3.9178
4.1342
4.3487
4.8497
5.0092
5.0698
5.1121
5.0421
4.8908
4.7060
4.8775
4.7491
4.7930
4.9803
5.0495
5.0366
4.9052
4.4615
4.6398
5.0039
5.3723
5.4250
5.2243
5.1353
4.8460
4.8420
4.6814
3.9625
3.9843
3.0235
2.7185
2.9542
2.9823
3.2521
3.9329
4.6197
4.1163
4.4638
5.0038
6.7140
6.7898
5.5009
5.0126
4.5406
4.2771
4.2581
2.0908
-1.3349
-0.4188
0.5137
0.3916
-0.3455
-0.8439
-1.3806
-1.9128
-1.9804
-1.5687
0.1369
0.0442
-0.5727
-0.9862
-0.8147
-0.7232
-0.5763
-0.2830
0.0414
0.1196
0.3776
0.5571
0.9598
1.4045
1.8249
1.9604
1.7929
1.5409
1.2555
1.2219
1.4860
1.8321
2.0618
2.6560
3.2787
3.6268
3.8922
4.1821
4.0730
4.1894
4.2613
4.2242
4.3853
4.4813
4.5145
4.6362
4.7290
4.8290
4.9384
4.9916
4.9849
4.9467
4.9203
4.9049
4.8854
4.8362
4.8340
4.8479
4.8281
4.7790
4.7313
4.6886
4.6995
4.6999
4.6058
4.3919
4.0885
3.5008
3.1735
3.1107
3.1441
3.0271
2.8985
2.7777
2.6224
2.4325
2.2563
2.0459
1.7953
1.5377
1.2759
0.9835
0.5563
0.1636
-0.3112
-0.8823
-1.4424
-1.9442
-2.3266
-2.6322
-2.9354
-3.3696
-4.0877
-4.6539
-4.9845
-5.3657
-5.8513
-6.2087
-6.4377
-6.5886
-6.7360
-7.0203
-7.3138
-7.4766
-7.4309
-7.2169
-6.9208
-6.6314
-6.3870
-6.1649
-5.7674
-5.1827
-4.6518
-3.8551
-3.3256
-3.1237
-3.0365
-3.0058
-3.1821
-3.1155
-2.8370
-2.4783
-2.1136
-1.7948
-1.6975
-1.7806
-1.9619
-2.0306
-1.9457
-1.9153
-1.8505
-1.4684
-1.5058
-1.3680
-1.0478
-0.9654
-0.8411
-0.6207
-0.4622
-0.6571
-1.4317
-1.3208
-1.4621
-0.5471
1.1887
1.4061
1.1652
0.0803
-1.9530
-2.8501
-4.5286
-4.1864
-4.4881
-4.8975
-5.0292
-5.1427
-4.3144
-3.2042
-1.1079
-0.1129
-1.3891
-3.1737
-3.9473
-3.8707
-4.4518
-5.9494
-7.2270
-7.4741
-7.7386
-7.9855
-8.1680
-8.2082
-8.3897
-8.4532
-8.7997
-9.3979
-9.6730
-9.7286
-9.9431
-10.3700
-10.8309
-11.3258
-11.6069
-11.9969
-12.1501
-12.5292
-12.9444
-12.4588
-12.6302
-12.3786
-12.1719
-12.5095
-12.8940
-13.6134
-13.7246
-13.6498
-13.6991
-13.7122
-14.6281
-14.4212
-13.7762
-14.1986
-14.4610
-15.0738
-14.8180
-14.3538
-14.3277
-14.2828
-14.1627
-14.1129
-14.0726
-14.3438
-14.5973
-14.1312
-14.0807
-13.8089
-13.1478
-12.6590
-12.7638
-13.0127
-13.3769
-13.6706
-14.1310
-13.7831
-13.3106
-12.6914
-12.6477
-12.3970
-12.2797
-11.8793
-11.2878
-11.0670
-11.0755
-11.0522
-10.3903
-9.9548
-9.8631
-9.7589
-9.8249
-9.0691
-8.8588
-8.8712
-9.1300
-9.0973
-9.0023
-8.5939
-8.5297
-8.6801
-8.5980
-8.6960
-8.8372
-8.7233
-8.5884
-8.6526
-8.3829
-8.2557
-8.2286
-8.1257
-8.2103
-8.1563
-8.0100
-7.8553
-7.5673
-7.4135
-7.2875
-7.1438
-6.9469
-6.7148
-6.5444
-6.2712
-6.0711
-6.0003
-5.8596
-5.7831
-5.6727
-5.4535
-5.2138
-5.0435
-4.7718
-4.5008
-4.3931
-4.3117
-4.3241
-4.4546
-4.2675
-4.4099
-4.9212
-5.4122
-5.3413
-4.9976
-5.2837
-5.3981
-5.2169
-5.1923
-5.0832
-4.7615
-4.5144
-4.6165
-4.9200
-4.8854
-5.0124
-5.0113
-5.1429
-5.1864
-5.2223
-5.2706
-5.0312
-5.0956
-5.2541
-5.3332
-5.4364
-5.4427
-5.4012
-5.3872
-4.9420
-4.8317
-4.6427
-4.8476
-5.0179
-4.8987
-4.9469
-5.0080
-5.0380
-5.0983
-5.1416
-5.2268
-5.3732
-5.3042
-5.3291
