0.9315
1.1106
1.3378
1.2986
1.0632
0.9763
0.7832
0.9116
1.2001
1.7089
2.2395
1.7664
1.7832
1.5703
2.1004
2.2889
2.0001
1.6829
2.1971
2.8567
2.6605
2.5970
2.0986
1.7940
0.9322
1.0867
1.3478
1.9785
2.7175
3.1803
3.3887
3.6587
3.3221
3.2578
2.8480
3.2043
3.4013
3.5765
3.2220
2.8138
1.8004
2.2252
2.5658
2.0385
2.2847
2.4245
1.5732
0.0440
-2.0093
-1.1838
0.3907
1.3150
1.9257
2.2956
2.4664
2.6223
2.7573
2.8770
2.3638
2.0717
3.4374
4.2334
5.3176
6.0519
6.1589
6.6040
6.4662
6.6361
6.6857
6.6826
6.9766
7.2493
7.4063
7.5488
7.6545
7.6502
7.5786
7.5496
7.5746
7.6423
7.8327
7.9569
7.9492
7.7445
7.5556
7.3169
7.2054
7.1078
6.8900
6.6840
6.5267
6.4075
6.3189
6.1369
5.9059
5.7453
5.5445
5.3302
5.2265
5.1825
5.1089
5.0200
4.9782
4.9473
4.9009
4.9065
4.8169
4.7083
4.6348
4.7622
5.0167
5.2368
5.2550
5.0740
4.7525
4.0542
3.7030
3.5863
3.4729
3.2442
2.9944
2.7307
2.4583
2.2877
2.1864
2.0716
2.0263
2.0184
2.0268
2.0228
1.9845
1.9275
1.8316
1.6872
1.4561
1.2386
1.0455
0.8491
0.6783
0.5440
0.4653
0.3428
0.3760
0.4788
0.6879
0.9168
1.1150
1.2495
1.2749
1.3383
1.6315
2.1673
2.6922
3.1123
3.3898
3.5827
3.9502
4.0799
4.2400
4.4608
4.8048
5.2864
5.7604
5.8935
6.2214
6.5731
6.6452
6.8561
7.0638
7.2511
7.3042
7.3953
7.4064
7.2976
7.2453
7.2641
7.3059
7.3737
7.3395
7.4254
7.3689
7.1404
7.0830
6.8914
6.6047
6.2929
6.1070
5.7804
5.6084
5.6378
5.4304
4.6663
4.0317
3.7883
3.4306
3.4036
4.0615
4.9808
6.5911
7.9623
8.5324
8.4601
7.8651
7.1076
6.2504
5.4321
5.4711
5.5296
3.7354
1.7328
-0.1401
-2.2856
-4.2999
-5.1727
-5.2094
-5.0974
-4.9611
-4.7012
-4.2814
-4.3232
-4.2385
-3.9697
-3.8485
-3.4746
-3.3064
-2.9261
-2.5810
-3.0473
-3.2368
-3.1159
-2.5869
-2.5653
-2.7448
-2.7849
-3.1058
-3.5280
-4.3069
-4.9063
-4.7987
-4.2803
-3.9991
-3.7231
-2.8965
-2.2332
-1.3877
-0.8150
-0.5623
0.2751
0.9747
0.6113
0.4925
0.1122
0.8415
0.9111
0.5631
0.3967
0.3872
0.6200
0.7289
0.5276
0.3290
0.4889
1.0638
1.9117
2.0186
1.6162
1.4129
1.4629
1.8645
2.3431
2.4947
2.3065
1.8524
1.2674
0.9693
0.8921
0.7254
0.5098
0.2573
0.2195
0.6003
0.8401
0.8933
0.6198
0.6227
0.2238
-0.2423
-0.5965
-0.9825
-1.4406
-1.6234
-1.5848
-1.2352
-1.3453
-1.1903
-1.1546
-1.1160
-1.0059
-0.9243
-1.0311
-1.1677
-1.4278
-1.4840
-1.6520
-1.7180
-1.5541
-1.1474
-0.9491
-0.8227
-0.7425
-0.7606
-0.7707
-0.8636
-0.8277
-0.7609
-0.7961
-0.6093
-0.7232
-0.9584
-0.9691
-0.7082
-0.5884
-0.5825
-0.4437
-0.6693
-1.1364
-1.4091
-1.5513
-2.0956
-2.4807
-2.6608
-2.6361
-3.1966
-3.2642
-2.8536
-2.6310
-2.8015
-2.9016
-2.8162
-2.9459
-3.0313
-2.9080
-2.7102
-2.6857
-2.4668
-1.9027
-1.4690
-1.2174
-1.0399
-1.0021
-0.8194
-0.4572
-0.3215
0.0177
0.1157
-0.2425
-0.3976
-0.0016
0.6804
1.5087
1.9337
1.8699
1.7001
1.4722
1.2037
1.0941
1.0108
1.0013
0.9411
0.8244
0.7183
1.0622
1.4768
1.7083
1.8078
1.6581
1.8635
