3.4480
3.7570
4.1550
4.5860
5.0120
5.2900
5.2690
5.5120
5.9240
5.9300
6.0980
6.0570
6.2110
6.1520
6.2870
6.2610
6.5020
6.4010
6.4700
6.5330
6.5760
6.5600
6.6070
6.7120
6.7110
6.7100
6.7510
6.7620
6.6710
6.5880
6.5350
6.5290
6.4850
6.5870
6.6690
6.7600
6.9300
7.2050
7.5660
7.8320
8.0880
8.1700
8.0780
8.3570
8.2700
8.2850
8.4120
8.3000
8.2260
8.4740
8.2010
7.8160
8.4120
7.4910
7.6500
7.3580
7.3090
7.6390
8.2370
7.4760
7.5510
7.4230
7.3970
7.5570
7.5520
7.5650
7.6930
7.4370
7.2680
7.0110
7.0260
6.9260
6.3590
6.1230
5.8260
5.4830
5.4450
5.4140
5.5090
5.7010
5.5190
5.4670
5.5740
5.8040
6.0180
6.0160
5.9410
5.6780
5.5600
5.5100
5.5810
5.5880
5.2650
5.2860
5.3790
5.4230
5.4140
5.3650
5.2390
5.1640
5.3700
5.5250
5.2920
5.0270
4.8490
4.6940
4.6670
4.7670
4.8550
4.9730
5.0930
5.2230
5.1060
4.6220
4.2890
3.7280
3.3460
3.2930
3.3100
3.2070
3.0300
2.9000
2.7620
2.6830
2.6210
2.5460
2.5560
2.5940
2.6190
2.5990
2.4920
2.1690
2.2820
2.5510
3.1240
3.8570
4.4910
4.1140
4.3660
4.6880
5.1750
5.4330
5.4710
5.2350
4.6300
4.2080
4.3890
4.6760
4.2200
4.4100
4.1760
3.9220
3.8570
3.9730
3.6950
3.4790
3.4200
3.4530
3.2870
3.2000
3.2320
2.8490
2.8550
3.0100
2.7630
2.4370
2.4280
2.5550
2.4960
2.4570
2.2500
2.1330
2.2050
2.0340
2.2020
2.4000
2.4480
2.3730
2.4300
2.5600
2.6860
2.6110
2.5310
2.4450
2.4290
2.4210
2.5520
2.7520
2.9270
2.8350
2.7850
2.7750
2.7460
2.8810
2.9720
3.1040
3.1270
3.0480
2.9620
3.0490
3.0880
3.2280
3.3040
3.3950
3.3730
3.3570
3.3000
3.1650
2.9490
2.7270
2.5500
2.3150
2.1490
2.0690
2.2120
2.5440
2.7750
2.8290
2.7420
2.5390
2.3220
2.1720
2.0860
2.1020
2.1980
2.2900
2.3380
2.3880
2.4550
2.5160
2.6560
3.0230
3.5470
4.0730
4.4300
4.6070
4.7630
4.8890
4.9770
4.9390
4.8760
4.8100
4.8080
4.6300
4.6080
4.5690
4.6540
4.4380
4.2730
4.4890
4.5270
4.4760
4.4520
4.2820
4.0390
3.6770
3.4950
3.7790
3.8590
4.2260
3.9910
3.9380
3.7530
3.9150
3.9950
3.9790
3.8360
3.9480
3.8220
3.6080
3.6090
3.7140
3.6550
3.6910
3.5350
3.5590
3.4960
3.4970
3.6510
3.6280
3.6660
3.2850
3.5440
3.3440
2.9180
3.0600
3.3040
3.0580
3.1580
3.4370
3.4620
3.6540
3.7380
3.7470
3.8110
4.0190
4.1250
3.9620
4.0010
3.9750
3.9780
4.0110
3.9280
3.8110
3.6240
3.9900
3.7810
3.4290
3.2600
3.1920
3.5010
3.7130
3.4950
2.5580
2.6520
2.9570
2.8950
2.7320
2.9480
3.1320
3.3910
3.2620
2.9730
3.0170
3.2120
2.6750
3.4580
4.2260
4.4090
4.6490
4.8560
4.7080
4.3750
4.3590
4.3160
4.2500
4.9620
4.5470
5.1620
4.6630
4.8000
4.8830
5.1490
5.4300
5.8190
5.8660
5.1380
4.4750
4.1000
4.0470
4.5900
4.5500
4.2670
4.0910
4.2610
4.3880
4.3230
4.2220
4.1360
3.9540
3.8670
3.6700
3.6870
3.8330
4.1010
4.4940
4.7140
4.7840
4.7000
4.7210
4.9660
5.0280
5.0740
5.2100
5.2570
5.3680
5.1870
