153.9200
240.7300
231.6100
214.2500
248.1300
198.5100
202.9500
205.5400
186.1800
202.3600
162.5900
197.3400
177.1700
196.0100
179.1400
166.6200
185.5100
190.1600
180.6600
171.9600
170.6700
176.1000
172.0200
183.0100
182.8300
186.6400
189.0000
193.6500
199.7700
201.6400
194.7000
187.1400
185.8200
182.3900
175.1000
164.2000
154.2700
141.9600
129.1900
104.3800
72.6160
76.0120
71.7420
34.2580
24.6430
20.7250
18.4940
-0.2485
16.5430
-27.1080
-3.3118
7.6938
-35.7460
11.9360
-9.0042
15.5830
16.0070
-9.4751
-58.1900
-25.6180
-51.4060
-56.2700
-73.0880
-89.6810
-100.2500
-99.0750
-88.6970
-76.0390
-71.9550
-67.4040
-76.0510
-91.6050
-86.5090
-81.2140
-79.3890
-81.8340
-62.3600
-77.0730
-88.5160
-85.3970
-84.4290
-86.2700
-74.7370
-76.9990
-85.7210
-85.4700
-78.9490
-119.8100
-151.8200
-160.4400
-168.4300
-164.5300
-170.4600
-185.0900
-212.7300
-224.4900
-227.6500
-229.8900
-229.3300
-223.2500
-233.5700
-236.6600
-242.6500
-239.2700
-240.0000
-240.7400
-237.1400
-241.7800
-241.4500
-239.2400
-239.3800
-212.0100
-188.5500
-181.1600
-181.0900
-186.4600
-183.2900
-177.3400
-162.0100
-154.2900
-156.2000
-157.1600
-152.0500
-145.5500
-132.1200
-125.0800
-122.8800
-121.9600
-120.6500
-115.6200
-106.5700
-96.7830
-87.6350
-83.7620
-78.1540
-97.6730
-116.8500
-102.0500
-110.5800
-111.9900
-127.1400
-130.0200
-151.0700
-150.1500
-103.8700
-91.2390
-104.1100
-126.2200
-119.6300
-134.2200
-136.8800
-123.3200
-120.3400
-118.0100
-113.1700
-109.1500
-124.6900
-125.4900
-113.3900
-95.7230
-93.4860
-75.7150
-81.3400
-81.7320
-78.6800
-51.1420
-39.1280
-35.9720
-17.7760
-15.5710
8.6765
26.9280
33.0230
61.3600
63.8230
76.1600
71.4610
81.7630
95.6460
93.3790
92.0560
96.3340
101.3800
78.1390
34.3420
31.8190
36.4290
39.1030
18.7560
11.8770
2.4832
-1.3432
-0.9805
2.7174
5.6800
15.6060
15.8690
18.1640
14.0950
16.6030
22.4390
26.3150
35.1070
38.9480
42.8600
48.2630
56.8690
87.3450
114.0400
116.5200
118.5400
114.9100
120.0100
132.8100
155.4300
171.7000
178.7400
185.4000
193.1500
195.9000
202.9000
209.4800
214.4200
216.0300
216.9900
223.9700
226.6900
230.5200
229.7200
230.3600
236.3100
211.3900
186.0500
174.6600
170.1400
165.5600
153.0300
134.1000
107.9300
91.5440
85.4650
77.0660
62.9620
64.7440
58.7700
59.1760
40.8570
54.8070
60.7690
31.9340
21.3380
26.2010
37.9340
42.3490
56.7820
77.7220
106.5900
91.3330
113.1200
102.4400
134.1000
154.2300
176.1800
172.9400
162.9100
173.1100
202.4500
182.1500
198.5200
217.4500
226.9900
227.4100
247.2800
253.0400
249.2700
226.6400
237.8700
245.8400
241.7700
204.8300
163.0300
178.8000
151.9000
173.6400
191.6400
171.3800
136.2100
137.0000
123.0300
111.1100
109.5100
105.4200
102.9800
106.3300
109.7000
96.8360
89.3870
99.6310
94.2530
85.4750
76.2120
69.9080
68.9430
93.0380
129.6400
113.3000
119.4500
124.1500
142.0800
152.0900
169.4200
174.3900
176.8200
242.5200
229.7300
183.4800
210.1300
219.0100
224.1500
207.2100
194.4900
198.6700
181.2000
187.9600
196.3200
230.0500
191.5800
149.7900
106.3000
87.1470
62.8610
89.7160
103.9700
99.7940
72.4870
46.5530
-2.9848
-19.5020
-46.9050
15.6110
25.3390
0.4637
-34.9170
-52.6360
-92.0970
-122.9000
-76.6100
-76.3150
-49.0230
-41.1780
-101.3600
-61.6020
-33.4640
-11.0740
-31.5240
-36.2870
-11.7150
11.3310
23.5860
39.7490
50.0130
62.0390
69.7850
56.2940
60.3390
55.8860
45.9120
53.0290
53.1800
50.0470
34.8060
30.4340
47.5650
33.8870
34.8310
-4.0896
-37.5330
