4.6710
5.1616
5.7936
6.4770
7.1521
7.5943
7.5600
7.9465
8.5996
8.6098
8.8753
8.8104
9.0559
8.9625
9.1757
9.1355
9.5176
9.3565
9.4658
9.5660
9.6349
9.6099
9.6835
9.8498
9.8480
9.8470
9.9129
9.9303
9.7852
9.6529
9.5700
9.5593
9.4895
9.6516
9.7815
9.9264
10.1960
10.6325
11.2061
11.6280
12.0343
12.1641
12.0172
12.4605
12.3229
12.3457
12.5481
12.3701
12.2526
12.6470
12.2129
11.6020
12.5485
11.0858
11.3394
10.8761
10.7976
11.3208
12.2698
11.0633
11.1809
10.9778
10.9370
11.1910
11.1834
11.2046
11.4077
11.0012
10.7332
10.3252
10.3488
10.1897
9.2903
8.9164
8.4449
7.8996
7.8400
7.7908
7.9412
8.2459
7.9567
7.8746
8.0445
8.4090
8.7494
8.7452
8.6274
8.2092
8.0220
7.9428
8.0556
8.0662
7.5537
7.5869
7.7359
7.8054
7.7901
7.7133
7.5138
7.3943
7.7203
7.9672
7.5974
7.1774
6.8936
6.6488
6.6047
6.7645
6.9030
7.0917
7.2811
7.4876
7.3027
6.5332
6.0063
5.1160
4.5094
4.4250
4.4523
4.2885
4.0080
3.8007
3.5819
3.4564
3.3592
3.2393
3.2564
3.3164
3.3554
3.3232
3.1542
2.6410
2.8206
3.2483
4.1572
5.3195
6.3258
5.7280
6.1278
6.6392
7.4114
7.8205
7.8813
7.5072
6.5462
5.8768
6.1638
6.6192
5.8959
6.1975
5.8267
5.4231
5.3206
5.5034
5.0637
4.7199
4.6274
4.6790
4.4158
4.2769
4.3291
3.7213
3.7293
3.9763
3.5843
3.0667
3.0518
3.2541
3.1601
3.0982
2.7708
2.5851
2.6980
2.4268
2.6945
3.0080
3.0839
2.9660
3.0554
3.2625
3.4623
3.3422
3.2167
3.0802
3.0547
3.0417
3.2492
3.5665
3.8436
3.6991
3.6195
3.6031
3.5569
3.7712
3.9155
4.1245
4.1611
4.0358
3.8996
4.0382
4.0997
4.3218
4.4420
4.5875
4.5520
4.5264
4.4360
4.2212
3.8792
3.5277
3.2462
2.8725
2.6097
2.4827
2.7093
3.2370
3.6038
3.6891
3.5506
3.2292
2.8838
2.6469
2.5103
2.5356
2.6880
2.8335
2.9105
2.9885
3.0950
3.1925
3.4141
3.9965
4.8288
5.6624
6.2296
6.5096
6.7572
6.9575
7.0978
7.0371
6.9368
6.8319
6.8296
6.5459
6.5122
6.4502
6.5849
6.2427
5.9796
6.3230
6.3830
6.3016
6.2647
5.9946
5.6091
5.0350
4.7456
5.1970
5.3234
5.9061
5.5322
5.4490
5.1552
5.4120
5.5397
5.5143
5.2861
5.4639
5.2650
4.9247
4.9269
5.0932
4.9990
5.0561
4.8094
4.8471
4.7472
4.7492
4.9935
4.9566
5.0163
4.4124
4.8228
4.5057
3.8307
4.0553
4.4427
4.0527
4.2114
4.6536
4.6935
4.9973
5.1314
5.1455
5.2474
5.5775
5.7449
5.4866
5.5483
5.5073
5.5125
5.5644
5.4321
5.2465
4.9497
5.5307
5.1992
4.6414
4.3720
4.2654
4.7553
5.0913
4.7462
3.2581
3.4074
3.8913
3.7937
3.5353
3.8769
4.1695
4.5806
4.3759
3.9179
3.9877
4.2972
3.4437
4.6872
5.9058
6.1959
6.5763
6.9048
6.6705
6.1422
6.1164
6.0481
5.9437
7.0735
6.4155
7.3902
6.5988
6.8160
6.9477
7.3702
7.8166
8.4338
8.5087
7.3528
6.3002
5.7063
5.6215
6.4824
6.4198
5.9710
5.6921
5.9610
6.1631
6.0597
5.8990
5.7632
5.4734
5.3358
5.0238
5.0496
5.2824
5.7075
6.3301
6.6804
6.7904
6.6585
6.6914
7.0798
7.1776
7.2504
7.4670
7.5414
7.7184
7.4305
