-2.4858
-2.5304
-2.5786
-2.5916
-2.6080
-2.6446
-2.6783
-2.6809
-2.6523
-2.6384
-2.5754
-2.5892
-2.6071
-2.6348
-2.6247
-2.6191
-2.6395
-2.6192
-2.5567
-2.5119
-2.4877
-2.4846
-2.4767
-2.4533
-2.3958
-2.3022
-2.2581
-2.2458
-2.2026
-2.1303
-2.0372
-1.9435
-1.8467
-1.7399
-1.5857
-1.4439
-1.3279
-1.2249
-1.1469
-1.1483
-1.1460
-1.1413
-1.1318
-1.0710
-1.0896
-1.1511
-1.0827
-1.0756
-1.1290
-1.1947
-1.2556
-1.3159
-1.2341
-1.2558
-1.2540
-1.3394
-1.4028
-1.4616
-1.4233
-1.4521
-1.4085
-1.3116
-1.1794
-1.1351
-1.2556
-1.2088
-1.1886
-1.1513
-1.2083
-1.1836
-1.1983
-1.2086
-1.1916
-1.1852
-1.1606
-1.1311
-1.0903
-1.0114
-0.9349
-0.8725
-0.8286
-0.8030
-0.7919
-0.7789
-0.7732
-0.7862
-0.8094
-0.7955
-0.7870
-0.7953
-0.8035
-0.8121
-0.8393
-0.8346
-0.8217
-0.8224
-0.8322
-0.8518
-0.8647
-0.8483
-0.7909
-0.7645
-0.7455
-0.7585
-0.7942
-0.8082
-0.7606
-0.7087
-0.7386
-0.8115
-0.8586
-0.9196
-1.0509
-1.2339
-1.2089
-1.0743
-0.8171
-0.4748
-0.1146
0.2359
0.6057
1.0551
1.5123
1.8917
2.2328
2.6391
3.0184
3.3154
3.6011
3.8775
4.0729
3.9955
3.4166
2.9893
2.4914
2.2674
1.6687
1.7354
1.5446
1.4056
1.2263
0.9652
0.6686
0.3482
-0.1013
-0.4093
-0.4323
-0.4382
-0.6230
-0.6959
-0.7862
-1.0595
-1.1291
-1.1751
-1.2180
-1.2602
-1.2724
-1.2784
-1.3109
-1.3868
-1.4157
-1.4300
-1.4337
-1.4180
-1.4654
-1.4826
-1.4424
-1.3625
-1.1445
-1.0846
-1.2237
-1.2679
-1.3109
-1.3508
-1.2959
-1.2814
-1.3953
-1.5649
-1.6572
-1.5642
-1.4921
-1.5232
-1.4572
-1.3693
-1.3976
-1.4553
-1.3916
-1.2992
-1.1288
-1.1801
-1.4847
-1.6115
-1.5405
-1.5070
-1.4835
-1.4833
-1.4424
-1.4550
-1.4910
-1.5887
-1.6421
-1.6992
-1.7407
-1.8616
-1.9575
-2.0860
-2.2318
-2.2845
-2.2528
-2.1567
-2.1397
-2.1885
-2.0759
-1.9214
-1.7909
-1.7832
-1.7758
-1.7551
-1.6711
-1.5261
-1.3428
-1.1408
-0.9425
-0.7829
-0.6933
-0.6360
-0.5843
-0.5121
-0.4281
-0.3431
-0.3118
-0.4115
-0.6757
-0.9825
-1.2361
-1.4564
-1.6844
-1.9059
-2.1046
-2.2469
-2.3299
-2.3654
-2.3844
-2.4060
-2.4207
-2.4337
-2.4529
-2.4826
-2.5053
-2.5153
-2.5320
-2.5557
-2.5836
-2.6114
-2.6279
-2.6491
-2.6927
-2.7161
-2.7551
-2.7607
-2.7850
-2.8005
-2.8172
-2.8211
-2.8257
-2.8434
-2.8694
-2.8653
-2.8777
-2.8914
-2.9027
-2.9218
-2.9435
-2.9492
-2.9473
-2.9372
-2.9524
-2.9711
-2.9749
-2.9521
-2.9165
-2.9145
-2.8930
-2.8964
-2.8981
-2.8665
-2.7959
-2.8129
-2.8133
-2.8201
-2.8252
-2.8339
-2.8245
-2.8223
-2.8362
-2.8505
-2.8582
-2.8713
-2.8794
-2.8753
-2.8658
-2.8674
-2.8787
-2.8988
-2.9303
-2.9375
-2.9381
-2.9065
-2.8829
-2.8011
-2.7145
-2.6643
-2.6410
-2.5863
-2.4454
-2.4018
-2.3510
-2.2276
-2.2415
-2.2792
-2.3132
-2.2779
-2.0529
-1.9248
-1.8549
-1.8525
-1.9959
-2.2395
-2.2583
-2.3065
-2.3896
-2.3341
-2.3508
-2.3705
-2.3872
-2.3613
-2.3734
-2.4543
-2.5362
-2.5208
-2.5789
-2.6233
-2.5879
-2.5661
-2.5089
-2.4449
-2.4008
-2.3707
-2.3841
-2.4437
-2.4730
-2.5552
-2.5361
-2.5517
-2.5016
-2.5815
-2.6902
-2.8081
-2.9059
-2.9757
-3.0393
-3.0854
-3.0928
-3.1123
-3.1314
-3.1539
-3.1890
-3.2272
-3.2589
-3.2742
-3.3059
-3.3134
-3.3222
-3.3278
-3.3435
-3.4229
-3.5250
