-4.6285
-5.1547
-5.6444
-6.1728
-6.8278
-7.2224
-7.1363
-7.4370
-8.3429
-8.4725
-8.8552
-8.8086
-9.0547
-8.9531
-9.1746
-9.1337
-9.4823
-9.2668
-9.4165
-9.5571
-9.6338
-9.6093
-9.6782
-9.8179
-9.7804
-9.7490
-9.7881
-9.7667
-9.6080
-9.4527
-9.3350
-9.3074
-9.2512
-9.4060
-9.5317
-9.6971
-9.9521
-10.3848
-10.9333
-11.2860
-11.6588
-11.6849
-11.5336
-11.8725
-11.7604
-11.7550
-11.7142
-11.7044
-11.5430
-12.0031
-11.6153
-11.1708
-11.5246
-10.4322
-10.7500
-10.5097
-10.4611
-10.7062
-11.3163
-10.1160
-10.2057
-9.7593
-9.8622
-10.2101
-10.1412
-9.9756
-9.9822
-9.3856
-9.0460
-8.7280
-8.5345
-8.2276
-7.6005
-7.1766
-6.6697
-6.3495
-6.1918
-6.1635
-6.3157
-6.3814
-6.1191
-6.1268
-6.0706
-6.1745
-6.3562
-6.0102
-5.4224
-4.8339
-4.5520
-4.4598
-4.5182
-4.2756
-3.7629
-3.6150
-3.5717
-3.3726
-3.0853
-2.7806
-2.2967
-1.8766
-1.7451
-1.5810
-0.9944
-0.2430
0.2603
0.4234
0.6747
1.0735
1.3154
1.3171
1.4486
1.7534
2.1283
2.2539
2.5235
2.4298
2.3934
2.6682
3.0441
3.2409
3.2298
3.2582
3.2876
3.3109
3.3038
3.2315
3.2502
3.2563
3.2309
3.1179
2.8491
1.8753
0.2679
-0.9406
-1.7423
-2.3416
-2.2571
-1.6160
-2.3390
-2.1383
-2.9348
-3.5383
-3.7535
-3.9782
-4.2240
-3.9533
-3.8933
-3.7870
-3.6271
-3.5711
-3.8756
-4.1867
-4.0074
-4.2085
-4.0255
-3.8001
-3.7284
-3.6768
-3.5607
-3.7938
-3.9938
-3.4233
-3.4484
-3.7567
-3.4219
-2.8534
-2.7132
-2.9416
-2.8181
-2.7926
-2.3566
-2.3029
-2.3474
-1.7704
-1.6498
-1.5219
-1.7233
-1.6442
-1.4866
-1.7933
-2.0558
-1.9977
-1.9971
-1.6621
-1.7211
-1.6357
-1.7277
-1.9277
-2.2032
-1.8917
-1.4502
-1.1412
-1.3109
-1.4698
-1.5300
-1.5865
-1.6910
-1.6854
-1.7971
-2.0187
-2.1316
-2.1734
-2.3310
-2.5923
-2.8382
-3.1110
-3.1481
-3.1726
-3.1852
-3.1681
-3.0570
-2.7623
-2.4999
-2.2734
-2.1913
-2.1794
-2.2373
-2.3250
-2.2794
-2.1234
-1.9775
-1.7193
-1.5870
-1.6557
-1.7978
-1.9025
-1.9969
-2.0861
-2.1920
-2.1927
-2.3181
-2.6918
-3.2550
-3.7117
-3.9786
-4.1099
-4.3685
-4.5036
-4.6156
-4.5959
-4.5566
-4.6523
-4.9045
-4.8474
-4.9578
-4.9225
-5.2511
-5.2766
-5.2969
-5.6959
-5.8274
-5.5870
-5.6638
-5.5251
-5.2754
-4.8638
-4.7324
-5.1789
-5.3132
-5.9046
-5.5147
-5.4218
-5.1340
-5.4073
-5.5261
-5.4737
-5.2679
-5.4639
-5.2650
-4.9241
-4.9267
-5.0877
-4.9520
-4.9891
-4.6222
-4.6972
-4.6530
-4.6475
-4.9144
-4.9248
-5.0152
-4.4053
-4.8187
-4.5055
-3.8285
-4.0546
-4.4313
-4.0244
-4.1843
-4.6077
-4.6175
-4.8550
-4.8410
-4.7738
-4.8328
-5.0565
-5.1411
-4.8555
-4.9437
-4.8845
-4.9429
-5.0745
-5.0262
-5.0125
-4.6833
-5.2697
-5.0556
-4.6126
-4.3717
-4.2441
-4.7553
-5.0888
-4.7412
-3.1037
-3.3156
-3.8509
-3.5441
-3.5107
-3.8723
-4.1234
-4.5303
-4.3757
-3.7358
-3.8325
-4.1850
-3.3380
-4.1379
-4.9534
-4.9911
-5.3120
-5.5305
-5.0547
-4.8720
-4.5751
-4.4305
-4.0984
-4.6951
-4.5604
-6.5132
-6.5248
-6.8140
-6.8977
-7.3369
-7.8010
-8.4014
-8.4317
-7.2506
-6.1797
-5.7041
-5.4265
-6.4545
-6.3451
-5.9064
-5.6310
-5.9501
-6.0553
-6.0372
-5.7803
-5.4489
-5.0108
-4.7696
-4.5304
-4.5680
-4.7132
-4.8466
-5.1643
-5.6280
-5.6918
-5.4442
-5.2691
-5.2265
-5.3202
-5.1428
-5.2526
-5.0964
-4.8844
-5.0594
