0.6288
-0.2672
-1.3064
-1.9617
-2.1292
-2.3474
-2.4953
-2.7995
-2.0853
-1.5315
-0.5968
-0.1776
-0.1471
-0.4110
-0.1469
-0.1801
-0.8190
-1.2922
-0.9647
-0.4132
-0.1477
0.1133
0.3180
0.7913
1.1523
1.3856
1.5685
1.7955
1.8538
1.9555
2.1077
2.1801
2.1133
2.1633
2.1965
2.1215
2.2166
2.2816
2.4579
2.7994
2.9829
3.3805
3.3748
3.7825
3.6805
3.7732
4.4980
4.0034
4.1093
3.9841
3.7735
3.1339
4.9649
3.7500
3.6083
2.7994
2.6748
3.6793
4.7424
4.4791
4.5669
5.0266
4.7282
4.5817
4.7143
5.1021
5.5221
5.7390
5.7769
5.5165
5.8531
6.0114
5.3425
5.2915
5.1800
4.6998
4.8091
4.7653
4.8140
5.2223
5.0859
4.9468
5.2784
5.7084
6.0125
6.3527
6.7105
6.6351
6.6054
6.5725
6.6692
6.8398
6.5497
6.6703
6.8620
7.0392
7.1531
7.1947
7.1542
7.1522
7.5205
7.8088
7.5320
7.1733
6.8887
6.6353
6.5702
6.6788
6.7766
6.9684
7.1356
7.2794
6.9856
6.1321
5.4505
4.5022
3.8219
3.5301
3.2490
2.8084
2.3733
1.9570
1.4219
0.9922
0.6073
0.2251
-0.2021
-0.6283
-0.9053
-1.1498
-1.3533
-1.8596
-2.8078
-3.1091
-3.7745
-4.7763
-5.9094
-5.4953
-5.6639
-6.2854
-6.8055
-6.9742
-6.9301
-6.3666
-5.0011
-4.3484
-4.7785
-5.4289
-4.6482
-5.0651
-4.3508
-3.4470
-3.4998
-3.5462
-3.0718
-2.7994
-2.7408
-2.8938
-2.6116
-1.9745
-1.6707
-1.4592
-1.4200
-1.3029
-1.0669
-1.1236
-1.3972
-1.3915
-1.4297
-1.3418
-1.4574
-1.1743
-1.3300
-1.6599
-2.1304
-2.5946
-2.5575
-2.4685
-2.6694
-2.7254
-2.7859
-2.6795
-2.5216
-2.5933
-2.5236
-2.5644
-2.7518
-3.0007
-3.1495
-3.1788
-3.3163
-3.4176
-3.3065
-3.4730
-3.6042
-3.8072
-3.8020
-3.6670
-3.4608
-3.4975
-3.5020
-3.7356
-3.7812
-3.7848
-3.5588
-3.2878
-3.1253
-2.7845
-2.2143
-1.5519
-1.0921
-0.7881
-0.7491
-0.9978
-1.5932
-2.3934
-2.8252
-2.8642
-2.7223
-2.4329
-2.0990
-2.0124
-1.9450
-1.9204
-1.9982
-2.0999
-2.1174
-2.1399
-2.1849
-2.3204
-2.5066
-2.9541
-3.5669
-4.2762
-4.7936
-5.0481
-5.1552
-5.3032
-5.3921
-5.3290
-5.2304
-5.0031
-4.7528
-4.3992
-4.2224
-4.1682
-3.9733
-3.3360
-2.7746
-2.7455
-2.6046
-2.9148
-2.6772
-2.3257
-1.9058
-1.3018
-0.3538
-0.4336
-0.3302
0.1332
0.4397
0.5438
0.4667
0.2244
-0.3882
-0.6680
-0.4380
-0.0108
-0.0151
-0.0785
-0.0443
0.2357
0.6842
0.8204
1.3288
1.1962
0.9410
0.9776
0.8852
0.5606
0.1074
-0.2501
-0.2007
-0.0472
0.1275
-0.0744
-0.3178
-0.4774
-0.4773
-0.6520
-0.8409
-1.1841
-1.7017
-1.9203
-2.0443
-2.3538
-2.5638
-2.5546
-2.5186
-2.5441
-2.4403
-2.2830
-2.0603
-1.5493
-1.6018
-1.6789
-1.2134
-0.5157
-0.0536
-0.4253
0.0033
-0.1586
0.2180
0.9910
0.7858
0.5595
1.3534
0.4163
0.1888
-0.6183
-0.6763
0.0409
-1.1805
-1.1016
-0.9753
-0.8468
-2.2016
-3.2160
-3.6712
-3.8768
-4.1339
-4.3526
-3.7404
-4.0595
-4.1171
-4.3047
-5.2907
-4.5123
-3.4920
-0.9860
0.1666
-0.8318
-0.7001
-0.4942
-0.7390
-1.1424
-1.2215
-1.2260
0.1587
1.4677
0.6003
0.9768
0.8761
0.8315
-0.3593
-1.1479
-0.5216
-1.1774
-1.8771
-2.2024
-2.3921
-2.1713
-2.1522
-2.3854
-3.0142
-3.6607
-3.5992
-3.7030
-3.8336
-4.1245
-4.7757
-4.8179
-5.1107
-5.3073
-5.5588
-5.9763
-5.4420
