2.5750
2.5160
2.7100
3.0480
3.4050
3.7140
4.0560
4.4590
4.7200
4.8690
5.0210
5.1600
5.1890
5.1620
5.1090
4.9680
4.6110
4.3790
4.0210
3.8080
3.7390
3.7380
3.5830
3.2400
2.8560
2.5740
2.1800
1.9900
2.0430
1.8580
1.7470
2.2400
2.6000
2.5520
2.0660
2.0230
2.1650
2.3440
2.3960
2.5220
2.8420
3.1500
3.3010
3.9230
3.9790
4.2450
4.0930
4.1500
5.0190
5.2310
5.2900
3.6570
4.4090
4.9210
5.3410
5.4280
5.6260
5.5300
5.2570
5.1320
4.6750
4.5880
4.4330
4.4370
4.8240
5.1560
5.2450
5.5260
5.6650
5.8650
6.0810
6.0750
6.1200
6.1170
6.2540
6.3020
6.3620
6.4720
6.6340
6.7700
6.8430
6.7970
6.6370
6.4990
6.3320
6.3900
6.2750
6.1730
6.2740
6.2840
6.4710
6.6370
6.8780
7.1900
7.5250
7.6160
7.4040
7.2710
7.0730
6.9850
6.9190
6.5590
6.1730
6.1430
6.1600
6.1230
5.7830
5.2410
5.3490
5.5700
5.3250
4.8570
4.5190
4.3020
4.4120
4.5380
4.2530
3.9920
3.9630
3.8160
3.7690
3.9510
4.1730
4.3790
4.5850
4.8130
5.1770
5.4280
5.5650
5.7550
5.8290
5.8150
5.8460
5.9490
5.9070
5.9940
6.0730
6.0300
6.1560
6.5130
6.8420
6.9970
6.9750
7.0690
7.1750
7.2060
7.1220
7.0650
6.9990
6.8910
6.8140
6.8190
6.7270
6.4880
6.3780
6.3850
6.1610
5.9660
6.0050
5.9830
5.9660
5.8260
5.6770
5.6300
5.6310
5.7180
5.7380
5.8550
5.9440
5.9580
5.9820
6.1110
6.1620
6.2720
6.3310
6.4130
6.3320
6.3790
6.3410
6.3470
6.3710
6.3970
6.3440
6.2250
6.1320
6.0410
5.9410
5.9710
5.9210
5.8760
5.8740
5.8200
5.8130
5.7990
5.7570
5.7950
5.8150
5.7900
5.7810
5.8090
5.8030
5.7380
5.7080
5.7020
5.7000
5.6690
5.6720
5.6430
5.5980
5.5900
5.5170
5.5230
5.6110
5.6630
5.6970
5.7060
5.7180
5.7500
5.7870
5.8330
5.8450
5.8570
5.8270
5.7980
5.8110
5.8160
5.8310
5.8560
5.8730
5.8980
5.9320
5.9730
6.0470
6.1310
6.2190
6.3140
6.4390
6.5550
6.6650
6.7310
6.7620
6.7720
6.7860
6.8380
6.8650
6.8810
6.9040
6.8920
6.9070
6.9140
6.8520
6.7650
6.7670
6.7120
6.6640
6.5420
6.5420
6.4810
6.5150
6.5250
6.5570
6.4680
6.3440
6.3000
6.2570
6.1940
6.1920
6.2400
6.2380
6.1260
6.1320
6.1560
6.2110
6.1370
6.1230
6.2480
6.3060
6.2740
6.2070
6.2490
6.2420
6.1490
6.1260
6.0970
6.1050
5.9600
5.8830
5.9440
5.8630
5.8470
5.8570
5.8990
5.9160
5.9810
6.0160
6.0120
5.9830
5.9510
6.0000
6.1050
6.2270
6.3190
6.3580
6.4340
6.5250
6.5750
6.5310
6.4390
6.3300
6.2920
6.3130
6.2410
6.2140
6.2620
6.2580
6.2160
6.1670
6.1550
6.1460
6.1360
6.0870
6.0650
6.1410
6.1960
6.2010
6.2070
6.2350
6.2400
6.3060
6.3710
6.4020
6.4500
6.4900
6.5250
6.5880
6.6380
6.5130
6.3290
6.3670
6.3670
6.2620
6.1860
6.1760
6.1530
6.0710
5.9410
5.8510
5.8240
5.7410
5.4980
5.3080
5.2500
5.1490
5.1350
5.2390
5.4610
5.4880
5.5130
5.5370
5.4360
5.2690
5.2220
5.2970
5.2720
5.3920
5.4100
5.2100
5.0510
5.0340
5.0250
4.9190
4.8010
4.7840
4.8690
4.9320
4.9570
4.9760
