1125.9000
1121.0000
1114.6000
1117.9000
1160.0000
1163.2000
1178.5000
1167.5000
1182.4000
1182.6000
1159.3000
1179.4000
1176.6000
1185.3000
1202.0000
1229.7000
1255.6000
1266.1000
1258.8000
1256.9000
1241.3000
1247.4000
1246.7000
1259.5000
1259.0000
1258.4000
1260.4000
1264.4000
1270.9000
1272.0000
1273.5000
1279.6000
1275.6000
1276.6000
1280.4000
1287.5000
1288.7000
1287.0000
1282.8000
1262.5000
1246.1000
1232.9000
1228.2000
1188.1000
1187.1000
1174.7000
1166.9000
1159.6000
1098.4000
1106.4000
1153.4000
1127.9000
1101.7000
1091.2000
1084.8000
1083.6000
1063.5000
1056.1000
1068.9000
1059.2000
1095.1000
1104.7000
1130.8000
1137.6000
1107.7000
1098.1000
1105.7000
1097.3000
1101.3000
1098.3000
1094.9000
1106.2000
1123.8000
1135.7000
1125.0000
1134.0000
1139.1000
1137.8000
1142.8000
1143.1000
1137.9000
1151.7000
1169.2000
1179.9000
1193.4000
1190.8000
1204.8000
1181.4000
1152.9000
1151.7000
1147.1000
1149.4000
1138.6000
1121.3000
1088.5000
1074.2000
1077.6000
1074.6000
1076.0000
1074.6000
1056.8000
1058.1000
1066.0000
1053.0000
1049.5000
1048.0000
1058.7000
1069.0000
1063.1000
1051.7000
1058.6000
1104.0000
1135.7000
1144.6000
1138.9000
1119.1000
1120.3000
1136.1000
1146.3000
1155.1000
1153.2000
1147.6000
1145.8000
1149.4000
1167.3000
1177.0000
1168.7000
1158.9000
1155.7000
1155.5000
1160.4000
1169.8000
1166.7000
1164.8000
1166.9000
1138.8000
1116.7000
1117.2000
1108.6000
1093.3000
1069.7000
1050.1000
1032.6000
1018.2000
1007.7000
995.0800
990.1700
973.5700
948.4300
946.1500
941.0200
926.7700
927.2600
927.7000
910.0800
881.9900
890.1800
889.4200
883.6300
896.9300
907.7700
911.3900
920.8600
917.5400
920.2600
927.2800
951.3200
947.4400
944.9400
954.0500
957.5600
946.0600
952.4800
950.4400
953.3500
952.8700
954.8400
944.0600
944.1800
943.1500
937.7000
931.0800
936.2100
906.1400
878.1300
869.8200
869.4500
871.3900
867.0400
854.9500
827.2700
813.3300
804.2000
797.3400
795.4300
801.9300
799.3400
793.9600
789.7200
783.8600
783.4700
783.4500
788.7000
783.7400
780.9400
782.6500
777.9800
813.4400
845.8400
858.3500
862.3100
859.2600
869.8600
888.0400
915.8600
932.0200
935.4800
938.8300
943.0500
937.6700
943.8000
950.1100
954.8900
956.4300
957.3200
955.8100
953.1300
960.3500
962.8500
961.8200
962.7900
930.0400
897.3700
882.9800
873.9700
872.3300
854.3400
833.6000
796.3500
773.2600
762.6100
746.6500
733.5300
727.4100
710.2700
696.1100
685.9500
677.4700
667.5800
659.4500
656.6600
645.8700
638.0500
632.7600
623.2000
652.9500
659.3900
668.2700
674.0900
673.0600
672.8900
687.7200
717.2500
724.9200
726.7900
739.1000
747.5500
730.8200
731.2200
744.0900
747.7200
750.2500
748.5900
757.3000
754.8600
755.9800
756.7600
762.9000
770.0200
740.1500
709.7200
701.6600
702.9500
709.4800
699.4200
690.5300
676.9100
661.2600
663.9200
660.3900
658.6300
667.4100
668.3500
667.0800
663.4000
664.5400
665.6700
669.1600
675.1500
671.9000
674.6000
678.1100
680.4100
713.5000
742.2600
751.6600
753.9900
748.8900
755.7200
771.3500
794.2600
804.0700
801.6000
803.1900
806.6400
789.5300
792.2600
789.2500
789.9900
786.9700
784.0100
783.7400
770.6500
768.7300
765.7400
763.2300
757.8400
732.2800
699.6100
677.6000
662.9700
649.5100
627.1200
596.0000
555.0800
525.8600
533.7400
558.4300
548.1100
551.0300
553.4800
548.5600
532.3200
511.8800
504.9200
510.2700
516.0300
497.0300
482.9100
506.4300
516.7900
527.1000
532.8500
528.3000
511.4200
495.7400
498.8200
507.3400
524.0300
538.2300
553.5300
556.9300
556.1100
545.2700
544.5500
543.2800
554.4600
559.3900
560.8700
562.5600
566.9100
575.8300
580.2600
582.6400
588.6500
552.3700
516.9500
