3.2859
3.1914
3.5003
4.0365
4.6022
5.0934
5.6362
6.2748
6.6891
6.9253
7.1677
7.3871
7.4331
7.3908
7.3062
7.0835
6.5168
6.1487
5.5805
5.2421
5.1331
5.1312
4.8849
4.3417
3.7322
3.2842
2.6594
2.3572
2.4423
2.1478
1.9724
2.7546
3.3248
3.2499
2.4787
2.4095
2.6356
2.9187
3.0021
3.2022
3.7098
4.1985
4.4380
5.4255
5.5140
5.9357
5.6950
5.7843
7.1633
7.5004
7.5945
5.0032
6.1952
7.0085
7.6747
7.8131
8.1271
7.9741
7.5422
7.3428
6.6176
6.4797
6.2347
6.2401
6.8551
7.3821
7.5227
7.9677
8.1891
8.5068
8.8490
8.8396
8.9102
8.9057
9.1244
9.1998
9.2954
9.4696
9.7266
9.9427
10.0585
9.9848
9.7313
9.5125
9.2470
9.3396
9.1575
8.9950
9.1547
9.1714
9.4679
9.7321
10.1138
10.6085
11.1402
11.2856
10.9480
10.7379
10.4228
10.2832
10.1793
9.6079
8.9943
8.9477
8.9745
8.9161
8.3761
7.5165
7.6877
8.0389
7.6488
6.9072
6.3708
6.0269
6.2015
6.4008
5.9492
5.5344
5.4875
5.2554
5.1799
5.4699
5.8214
6.1477
6.4752
6.8367
7.4151
7.8131
8.0299
8.3320
8.4486
8.4266
8.4763
8.6401
8.5732
8.7113
8.8364
8.7689
8.9674
9.5351
10.0559
10.3033
10.2672
10.4167
10.5845
10.6339
10.5011
10.4099
10.3055
10.1342
10.0121
10.0201
9.8744
9.4942
9.3200
9.3320
8.9767
8.6670
8.7291
8.6933
8.6660
8.4438
8.2080
8.1333
8.1350
8.2727
8.3056
8.4904
8.6314
8.6546
8.6915
8.8966
8.9777
9.1524
9.2457
9.3766
9.2473
9.3227
9.2624
9.2716
9.3097
9.3502
9.2657
9.0781
8.9304
8.7858
8.6264
8.6749
8.5957
8.5237
8.5208
8.4348
8.4237
8.4018
8.3342
8.3951
8.4268
8.3878
8.3730
8.4167
8.4082
8.3047
8.2579
8.2475
8.2451
8.1952
8.2004
8.1545
8.0832
8.0696
7.9542
7.9640
8.1036
8.1860
8.2402
8.2548
8.2734
8.3240
8.3823
8.4549
8.4745
8.4934
8.4454
8.3998
8.4205
8.4284
8.4531
8.4925
8.5186
8.5593
8.6128
8.6782
8.7953
8.9290
9.0674
9.2188
9.4168
9.6010
9.7758
9.8798
9.9298
9.9454
9.9679
10.0503
10.0937
10.1180
10.1549
10.1362
10.1593
10.1710
10.0727
9.9337
9.9370
9.8497
9.7737
9.5806
9.5805
9.4846
9.5382
9.5530
9.6047
9.4625
9.2668
9.1966
9.1286
9.0291
9.0256
9.1013
9.0986
8.9204
8.9294
8.9686
9.0555
8.9372
8.9160
9.1146
9.2059
9.1561
9.0488
9.1150
9.1049
8.9568
8.9199
8.8749
8.8876
8.6573
8.5343
8.6324
8.5032
8.4774
8.4936
8.5606
8.5879
8.6904
8.7464
8.7401
8.6933
8.6424
8.7213
8.8867
9.0804
9.2261
9.2883
9.4091
9.5542
9.6328
9.5629
9.4175
9.2442
9.1844
9.2170
9.1027
9.0598
9.1369
9.1302
9.0630
8.9862
8.9672
8.9522
8.9361
8.8581
8.8242
8.9437
9.0308
9.0390
9.0485
9.0932
9.1019
9.2063
9.3093
9.3592
9.4342
9.4975
9.5542
9.6532
9.7334
9.5339
9.2425
9.3035
9.3022
9.1356
9.0156
9.0004
8.9639
8.8340
8.6267
8.4844
8.4408
8.3100
7.9240
7.6228
7.5303
7.3702
7.3484
7.5123
7.8655
7.9083
7.9483
7.9851
7.8259
7.5606
7.4866
7.6055
7.5647
7.7556
7.7845
7.4664
7.2140
7.1878
7.1739
7.0053
6.8180
6.7914
6.9253
7.0265
7.0660
7.0960
