-1.5993
-1.6505
-1.7054
-1.7839
-1.8741
-1.9776
-2.0988
-2.2364
-2.3811
-2.5137
-2.6232
-2.7013
-2.7719
-2.8512
-2.9305
-3.0027
-3.0639
-3.0997
-3.0491
-2.9514
-2.8163
-2.6773
-2.5333
-2.3519
-2.0504
-1.6401
-1.1695
-0.8244
-0.5451
-0.2418
0.0236
0.1112
0.0266
0.1863
0.5733
0.9284
1.0606
1.0222
1.0427
1.0381
0.9818
0.9191
0.9141
1.0352
1.2477
1.4917
1.4970
1.4447
1.8385
1.9644
1.5162
1.3393
1.0365
1.4564
1.8196
2.1191
2.0881
2.0289
2.0271
1.9963
1.9356
1.7869
1.5370
1.2956
1.0133
0.6772
0.2732
-0.1065
-0.4879
-0.8671
-1.2210
-1.5557
-1.8071
-2.0279
-2.2086
-2.3710
-2.5364
-2.6581
-2.7453
-2.8468
-2.9171
-2.9980
-3.0848
-3.1671
-3.2439
-3.3010
-3.3806
-3.4613
-3.4784
-3.4345
-3.3520
-3.2329
-3.0728
-2.9653
-2.9025
-2.8927
-2.8971
-2.9059
-2.9199
-2.9208
-2.9003
-2.8810
-2.8710
-2.8453
-2.8275
-2.8099
-2.8129
-2.8246
-2.8084
-2.7901
-2.8009
-2.8443
-2.8817
-2.8839
-2.8769
-2.8544
-2.8430
-2.8192
-2.7558
-2.6789
-2.5971
-2.5496
-2.5417
-2.5503
-2.5638
-2.5746
-2.5869
-2.5995
-2.6077
-2.6117
-2.6087
-2.5739
-2.5725
-2.5715
-2.5433
-2.5276
-2.5427
-2.6146
-2.6101
-2.6254
-2.6238
-2.5907
-2.5244
-2.5355
-2.5447
-2.5375
-2.5404
-2.5509
-2.5494
-2.5530
-2.5616
-2.5657
-2.5749
-2.5897
-2.6043
-2.6139
-2.6983
-2.7575
-2.8058
-2.8403
-2.8802
-2.9191
-2.9556
-2.9909
-3.0213
-3.0530
-3.0809
-3.0964
-3.1097
-3.1189
-3.1201
-3.1161
-3.1263
-3.1362
-3.1498
-3.1630
-3.1814
-3.1935
-3.2130
-3.2296
-3.2392
-3.2448
-3.2529
-3.2420
-3.2311
-3.2317
-3.2384
-3.2464
-3.2529
-3.2597
-3.2607
-3.2705
-3.2848
-3.3015
-3.3241
-3.3545
-3.3782
-3.3994
-3.4240
-3.4452
-3.4656
-3.4842
-3.5058
-3.5220
-3.5372
-3.5538
-3.5643
-3.5914
-3.6135
-3.6244
-3.6204
-3.6118
-3.6208
-3.6313
-3.6469
-3.6568
-3.6604
-3.6627
-3.6643
-3.6621
-3.6657
-3.6693
-3.6701
-3.6525
-3.6338
-3.6101
-3.5778
-3.5521
-3.5392
-3.5159
-3.5051
-3.4880
-3.4609
-3.4406
-3.4234
-3.4078
-3.3873
-3.3634
-3.3394
-3.3078
-3.2871
-3.2875
-3.2876
-3.2856
-3.2779
-3.2786
-3.2743
-3.2688
-3.2765
-3.2947
-3.3125
-3.3176
-3.3304
-3.3446
-3.3598
-3.3679
-3.3776
-3.3852
-3.4080
-3.4089
-3.4183
-3.4244
-3.4244
-3.4166
-3.4113
-3.4120
-3.4061
-3.3928
-3.3815
-3.3670
-3.3547
-3.3421
-3.3302
-3.3178
-3.3099
-3.2973
-3.2827
-3.2809
-3.2814
-3.2760
-3.2747
-3.2673
-3.2519
-3.2432
-3.2510
-3.2540
-3.2401
-3.2117
-3.2101
-3.2245
-3.2298
-3.2223
-3.2307
-3.2393
-3.2548
-3.2843
-3.3143
-3.3316
-3.3212
-3.2921
-3.2685
-3.2694
-3.2925
-3.3076
-3.2757
-3.3496
-3.2775
-3.2870
-3.2989
-3.2760
-3.2554
-3.2255
-3.1781
-3.1279
-3.0956
-3.0827
-3.0687
-3.0471
-3.0223
-3.0034
-2.9853
-2.9645
-2.9361
-2.9126
-2.8896
-2.8635
-2.8409
-2.8211
-2.8096
-2.8009
-2.7889
-2.7774
-2.7788
-2.7777
-2.7696
-2.7669
-2.7755
-2.7953
-2.8075
-2.8082
-2.8128
-2.8321
-2.8539
-2.8686
-2.8998
-2.9283
-2.9726
-3.0271
-3.0796
-3.1288
-3.1694
-3.2052
-3.2557
-3.2920
-3.3093
-3.3058
-3.2908
-3.2886
-3.2934
-3.2921
-3.2835
-3.2659
-3.2367
-3.2106
-3.1909
-3.1639
-3.1601
-3.1513
-3.1098
-3.0641
-3.0435
-3.0425
-3.0196
-2.9864
-2.9708
-2.9413
-2.9153
