-1.4694
-2.0303
-2.6959
-3.2025
-3.7295
-4.1021
-4.4175
-4.8852
-5.2459
-5.6845
-6.2210
-6.7720
-7.0285
-7.1055
-7.1268
-6.9980
-6.4872
-6.1434
-5.5737
-5.1213
-4.8231
-4.6114
-4.1286
-3.3729
-2.6134
-1.9997
-1.4784
-1.6170
-1.8039
-1.6977
-1.7102
-2.4091
-2.9851
-2.8947
-2.2495
-2.2317
-2.5635
-2.8968
-3.0015
-3.1268
-3.5416
-4.0465
-4.3238
-5.3144
-5.4351
-5.9043
-5.6830
-5.7819
-7.1545
-7.4446
-7.1557
-5.0032
-6.1408
-6.7821
-7.1407
-7.2003
-7.0856
-6.7112
-5.7538
-5.3190
-4.1794
-3.7273
-2.9977
-2.7997
-3.7013
-4.2462
-4.2288
-4.4804
-4.5737
-4.9128
-5.1115
-4.8720
-4.5637
-4.4428
-4.5550
-4.5354
-4.6156
-4.8554
-4.9745
-4.9528
-5.2976
-5.2989
-5.0539
-4.8949
-4.5269
-4.6400
-4.3342
-4.1844
-4.3947
-4.3484
-4.5915
-4.8809
-5.2864
-5.7084
-6.1278
-6.2475
-5.9608
-5.9146
-5.7070
-5.5634
-5.6627
-5.2846
-4.9596
-5.4278
-5.5521
-5.5242
-5.2218
-4.8502
-5.1786
-5.6689
-5.5215
-5.2388
-5.1078
-4.8697
-5.0278
-5.0818
-4.7739
-4.5102
-4.4471
-4.3880
-4.4614
-4.9654
-5.5160
-5.9415
-6.3234
-6.7494
-7.3584
-7.7607
-7.9746
-8.2734
-8.3817
-8.3488
-8.4195
-8.6121
-8.5544
-8.6947
-8.8255
-8.7641
-8.9626
-9.5245
-10.0209
-10.2071
-10.0719
-10.1715
-10.2881
-10.2823
-10.0842
-9.9403
-9.7821
-9.6403
-9.5132
-9.4387
-9.2419
-8.9226
-8.6841
-8.6771
-8.3609
-8.1096
-8.1064
-8.0422
-7.9725
-7.7126
-7.4799
-7.4519
-7.4656
-7.5981
-7.5070
-7.6734
-7.8183
-7.7090
-7.7483
-7.9557
-8.0238
-8.2077
-8.3875
-8.4489
-8.3209
-8.4892
-8.4469
-8.4845
-8.5842
-8.6736
-8.6390
-8.4676
-8.3662
-8.2677
-8.1467
-8.2316
-8.1599
-8.1171
-8.1510
-8.1019
-8.1278
-8.1317
-8.0802
-8.1590
-8.2038
-8.2013
-8.2137
-8.2851
-8.3064
-8.2328
-8.2034
-8.2082
-8.2166
-8.1777
-8.1867
-8.1463
-8.0805
-8.0694
-7.9537
-7.9618
-8.1016
-8.1839
-8.2370
-8.2493
-8.2655
-8.3159
-8.3752
-8.4482
-8.4682
-8.4889
-8.4411
-8.3968
-8.4190
-8.4276
-8.4526
-8.4917
-8.5167
-8.5560
-8.6063
-8.6704
-8.7848
-8.9188
-9.0567
-9.2086
-9.4041
-9.5903
-9.7651
-9.8689
-9.9149
-9.9301
-9.9511
-10.0334
-10.0791
-10.1049
-10.1458
-10.1271
-10.1554
-10.1680
-10.0710
-9.9324
-9.9370
-9.8485
-9.7676
-9.5719
-9.5695
-9.4686
-9.5134
-9.5050
-9.5316
-9.3835
-9.1758
-9.0925
-9.0088
-8.9036
-8.8999
-8.9707
-8.9684
-8.7918
-8.8028
-8.8366
-8.9195
-8.8028
-8.7726
-8.9391
-8.9965
-8.9351
-8.8247
-8.8803
-8.8759
-8.7514
-8.7321
-8.7085
-8.7372
-8.5384
-8.4441
-8.5618
-8.4645
-8.4580
-8.4861
-8.5582
-8.5877
-8.6902
-8.7450
-8.7359
-8.6845
-8.6287
-8.7105
-8.8807
-9.0774
-9.2252
-9.2883
-9.4069
-9.5451
-9.6197
-9.5369
-9.3781
-9.2006
-9.1316
-9.1512
-9.0405
-9.0061
-9.0898
-9.0876
-9.0287
-8.9563
-8.9427
-8.9349
-8.9263
-8.8528
-8.8223
-8.9428
-9.0294
-9.0374
-9.0475
-9.0931
-9.1019
-9.2063
-9.3093
-9.3591
-9.4340
-9.4975
-9.5539
-9.6515
-9.7282
-9.5335
-9.2316
-9.2839
-9.2853
-9.1236
-8.9894
-8.9613
-8.9346
-8.8053
-8.5900
-8.4357
-8.4046
-8.2791
-7.8551
-7.5290
-7.4400
-7.3166
-7.3098
-7.4865
-7.8414
-7.8928
-7.9393
-7.9674
-7.7868
-7.4936
-7.3668
-7.4595
-7.4261
-7.6775
-7.7259
-7.4439
-7.2116
-7.1875
-7.1711
-6.9955
-6.7993
-6.7567
-6.8702
-6.9493
-6.9654
-6.9643
