-2.9391
-2.4623
-2.2326
-2.4571
-2.6964
-3.0193
-3.5004
-3.9380
-4.1502
-3.9555
-3.5602
-2.9510
-2.4188
-2.0335
-1.6090
-1.0972
-0.6205
-0.2560
0.2757
1.1188
1.7568
2.2503
2.6109
2.7339
2.6645
2.6052
2.2106
1.7151
1.6464
1.3157
0.9826
1.3358
1.4641
1.4775
1.0412
0.9085
0.6124
0.3572
-0.0602
-0.6910
-1.1042
-1.1193
-1.0001
-1.0925
-0.9293
-0.6096
-0.3704
-0.1652
-0.3541
0.9139
2.5441
-0.0290
0.8190
1.7670
2.8126
3.0331
3.9805
4.3066
4.8764
5.0620
5.1307
5.3003
5.4668
5.5768
5.7700
6.0386
6.2216
6.5886
6.7929
6.9448
7.2234
7.3758
7.6528
7.7183
7.9062
8.0041
8.0685
8.1301
8.3584
8.6213
8.5504
8.4628
8.3160
8.1564
8.0631
8.1055
8.0669
7.9625
8.0309
8.0750
8.2800
8.4197
8.6222
8.9418
9.3034
9.3986
9.1830
8.9621
8.7215
8.6482
8.4588
8.0240
7.5034
7.1134
7.0509
6.9985
6.5492
5.7423
5.6819
5.6997
5.2932
4.5017
3.8076
3.5511
3.6304
3.8918
3.5501
3.2074
3.2149
2.8922
2.6320
2.2946
1.8607
1.5788
1.3935
1.0889
0.9157
0.9032
0.9412
0.9869
1.0618
1.1422
0.9797
0.6956
0.5676
0.5382
0.4379
0.2895
0.2958
0.4485
0.8383
1.4046
1.9933
2.2468
2.4876
2.7115
2.9295
3.0913
3.2425
3.1253
3.1211
3.3637
3.4773
3.2445
3.3837
3.4342
3.2675
3.0580
3.2377
3.3009
3.3969
3.4370
3.3797
3.2589
3.2316
3.2722
3.5535
3.6341
3.6572
3.9335
3.9378
3.9819
4.0271
4.0498
3.8900
4.0666
4.0342
3.8532
3.8002
3.7386
3.6030
3.4922
3.3497
3.2730
3.1238
2.9723
2.8363
2.7375
2.7021
2.6012
2.4831
2.3464
2.2132
2.1132
2.0416
1.9768
1.9257
1.7592
1.6254
1.4825
1.3043
1.0907
0.9472
0.8042
0.6856
0.5357
0.4747
0.3660
0.2074
0.0523
-0.0910
-0.1871
-0.1802
-0.1853
-0.2303
-0.3033
-0.3607
-0.3678
-0.3446
-0.3359
-0.3251
-0.2775
-0.2694
-0.2244
-0.1604
-0.1156
-0.0964
-0.1145
-0.1823
-0.2375
-0.3352
-0.3669
-0.4284
-0.4272
-0.4403
-0.4343
-0.4905
-0.4518
-0.4566
-0.4638
-0.5426
-0.5519
-0.5793
-0.5813
-0.5421
-0.5135
-0.4312
-0.4276
-0.2814
-0.2473
-0.1844
-0.1574
0.0159
0.1567
0.3428
0.4099
0.4591
0.5522
0.6870
0.9569
1.1827
1.2202
1.2957
1.3797
1.4740
1.4997
1.5012
1.5364
1.5338
1.5090
1.4983
1.5330
1.5634
1.5441
1.5930
1.7800
1.9519
1.9996
2.0013
2.0553
2.0293
1.9073
1.8205
1.7104
1.6279
1.4300
1.2376
1.1013
0.8106
0.5723
0.3576
0.2025
0.0607
-0.0525
-0.1572
-0.2708
-0.3900
-0.4854
-0.4337
-0.3267
-0.2316
-0.1292
0.0087
0.2059
0.4171
0.5016
0.7050
0.8602
0.8973
0.9833
1.0999
1.0625
0.9849
0.9270
0.8804
0.7879
0.7326
0.6630
0.5555
0.4196
0.3077
0.1827
0.1288
0.1595
0.1699
0.1347
0.0391
-0.0031
0.0098
0.0384
0.0533
0.0582
0.0080
-0.0785
-0.1800
-0.3177
-0.0960
0.4491
0.6036
0.5605
0.4684
0.6862
0.8382
0.7244
0.7113
0.7946
0.9071
0.7804
0.7160
1.0427
1.1918
1.1621
0.8877
0.7523
0.6230
0.6158
0.4944
0.3796
0.5313
0.7811
1.0042
1.3336
1.4834
1.4418
1.0979
0.9535
0.5783
0.1862
-0.0587
-0.2028
-0.3705
-0.5036
-0.6859
-0.8716
-1.0391
-1.1883
-1.3607
